[
  {
    "index": 0,
    "file": "pose_1_image.png",
    "cam_T_world": [
      [
        0.9999998331586614,
        0.0004767913781819067,
        0.00024232328172720444,
        2.7037824865007392e-05
      ],
      [
        -0.0004768828587948232,
        0.9999998561797907,
        0.00018871198184200626,
        -0.00014302857753530887
      ],
      [
        -0.00024214320178051827,
        -0.00018894299349078546,
        0.9999999652718657,
        0.00018789430980132167
      ],
      [
        0.0,
        0.0,
        0.0,
        1.0
      ]
    ],
    "K": [
      [
        452.84503173828125,
        0.0,
        259.0
      ],
      [
        0.0,
        452.84503173828125,
        259.0
      ],
      [
        0.0,
        0.0,
        1.0
      ]
    ],
    "image_size": [
      518,
      518
    ]
  },
  {
    "index": 1,
    "file": "pose_2_image.png",
    "cam_T_world": [
      [
        0.9528321568784917,
        0.26813244014161564,
        0.14457163805956982,
        -0.1592428899491991
      ],
      [
        -0.267102548055759,
        0.9635179462852811,
        -0.023229593155373505,
        0.013898052519794923
      ],
      [
        -0.1464655336963769,
        -0.016487319547670406,
        0.9891676796271961,
        0.01294786126032011
      ],
      [
        0.0,
        0.0,
        0.0,
        1.0
      ]
    ],
    "K": [
      [
        448.7682800292969,
        0.0,
        259.0
      ],
      [
        0.0,
        452.84503173828125,
        259.0
      ],
      [
        0.0,
        0.0,
        1.0
      ]
    ],
    "image_size": [
      518,
      518
    ]
  },
  {
    "index": 2,
    "file": "pose_3_image.png",
    "cam_T_world": [
      [
        0.81437665872167,
        0.5094879557018923,
        0.28001124073708833,
        -0.31421229176605764
      ],
      [
        -0.5039013376798737,
        0.8583314341938719,
        -0.08706586177309095,
        0.07180898694857613
      ],
      [
        -0.2860893353722789,
        -0.06988483761085298,
        0.9558689029939563,
        0.0435567606666472
      ],
      [
        0.0,
        0.0,
        0.0,
        1.0
      ]
    ],
    "K": [
      [
        448.7682800292969,
        0.0,
        259.0
      ],
      [
        0.0,
        452.84503173828125,
        259.0
      ],
      [
        0.0,
        0.0,
        1.0
      ]
    ],
    "image_size": [
      518,
      518
    ]
  },
  {
    "index": 3,
    "file": "pose_4_image.png",
    "cam_T_world": [
      [
        0.5962240409125861,
        0.7019400220035745,
        0.38711736093735116,
        -0.43143900223134196
      ],
      [
        -0.6969699847220316,
        0.6931153586849954,
        -0.18571854161222723,
        0.16934359143216043
      ],
      [
        -0.39817372588243544,
        -0.15914069442993678,
        0.9026831480798156,
        0.11153007075910397
      ],
      [
        0.0,
        0.0,
        0.0,
        1.0
      ]
    ],
    "K": [
      [
        448.7682800292969,
        0.0,
        259.0
      ],
      [
        0.0,
        448.7682800292969,
        259.0
      ],
      [
        0.0,
        0.0,
        1.0
      ]
    ],
    "image_size": [
      518,
      518
    ]
  },
  {
    "index": 4,
    "file": "pose_5_image.png",
    "cam_T_world": [
      [
        0.3215618226208871,
        0.8254451412768911,
        0.45649286237019904,
        -0.5131235308951638
      ],
      [
        -0.8224617830750468,
        0.4830990471557525,
        -0.2966843129320381,
        0.2937133134680088
      ],
      [
        -0.46800513117311965,
        -0.2814069559807696,
        0.8382810193202651,
        0.17688227767187675
      ],
      [
        0.0,
        0.0,
        0.0,
        1.0
      ]
    ],
    "K": [
      [
        448.7682800292969,
        0.0,
        259.0
      ],
      [
        0.0,
        448.7682800292969,
        259.0
      ],
      [
        0.0,
        0.0,
        1.0
      ]
    ],
    "image_size": [
      518,
      518
    ]
  },
  {
    "index": 5,
    "file": "pose_6_image.png",
    "cam_T_world": [
      [
        0.028003212973075692,
        0.8748753277788665,
        0.4845050061693948,
        -0.5431445807751369
      ],
      [
        -0.8666602924415095,
        0.26111013654311044,
        -0.424889373070403,
        0.4237455283109963
      ],
      [
        -0.4973180529859754,
        -0.40694976481071266,
        0.765637249933603,
        0.27585380706234025
      ],
      [
        0.0,
        0.0,
        0.0,
        1.0
      ]
    ],
    "K": [
      [
        432.9974365234375,
        0.0,
        259.0
      ],
      [
        0.0,
        436.8620910644531,
        259.0
      ],
      [
        0.0,
        0.0,
        1.0
      ]
    ],
    "image_size": [
      518,
      518
    ]
  }
]