[
  {
    "index": 0,
    "file": "pose_1_image.png",
    "cam_T_world": [
      [
        0.9999999413485048,
        -0.00016215426771059734,
        0.00030325258206336073,
        8.63394197749961e-06
      ],
      [
        0.00016209497775149877,
        0.9999999641602269,
        9.780077804746327e-05,
        -0.00012110516940071099
      ],
      [
        -0.00030328427795344484,
        -9.770244348115349e-05,
        0.9999999580775227,
        0.00010300605213565157
      ],
      [
        0.0,
        0.0,
        0.0,
        1.0
      ]
    ],
    "K": [
      [
        487.5914306640625,
        0.0,
        259.0
      ],
      [
        0.0,
        487.5914306640625,
        259.0
      ],
      [
        0.0,
        0.0,
        1.0
      ]
    ],
    "image_size": [
      518,
      518
    ]
  },
  {
    "index": 1,
    "file": "pose_2_image.png",
    "cam_T_world": [
      [
        0.9498397330484329,
        0.26413135428655177,
        0.16825221766212722,
        -0.18086652511326967
      ],
      [
        -0.26659186428919535,
        0.9637721679104039,
        -0.0037643048399719986,
        -0.0030413757159884376
      ],
      [
        -0.16393730128715844,
        -0.041448708619456175,
        0.9857142570868481,
        -0.024235126318408486
      ],
      [
        0.0,
        0.0,
        0.0,
        1.0
      ]
    ],
    "K": [
      [
        504.1084899902344,
        0.0,
        259.0
      ],
      [
        0.0,
        504.1084899902344,
        259.0
      ],
      [
        0.0,
        0.0,
        1.0
      ]
    ],
    "image_size": [
      518,
      518
    ]
  },
  {
    "index": 2,
    "file": "pose_3_image.png",
    "cam_T_world": [
      [
        0.8081174435494228,
        0.5055463595206137,
        0.30204314614281225,
        -0.3223207144103405
      ],
      [
        -0.5040625848297597,
        0.8589830463621037,
        -0.08670587251465325,
        0.06764557599576344
      ],
      [
        -0.3045129130551126,
        -0.08275232391389875,
        0.9491235842746889,
        0.045937976608364225
      ],
      [
        0.0,
        0.0,
        0.0,
        1.0
      ]
    ],
    "K": [
      [
        489.89862060546875,
        0.0,
        259.0
      ],
      [
        0.0,
        492.2229309082031,
        259.0
      ],
      [
        0.0,
        0.0,
        1.0
      ]
    ],
    "image_size": [
      518,
      518
    ]
  }
]