[
  {
    "index": 0,
    "file": "pose_1_image.png",
    "cam_T_world": [
      [
        0.9999999819901862,
        -8.487133690433136e-05,
        0.00010395513240906532,
        1.9938458121874767e-05
      ],
      [
        8.488268785271857e-05,
        0.9999999898149668,
        -5.4589030460291775e-05,
        -5.341771109534246e-05
      ],
      [
        -0.00010394586420350145,
        5.460667647612517e-05,
        0.9999999862133679,
        0.00024985768179331254
      ],
      [
        0.0,
        0.0,
        0.0,
        1.0
      ]
    ],
    "K": [
      [
        485.3011169433594,
        0.0,
        259.0
      ],
      [
        0.0,
        487.5914306640625,
        259.0
      ],
      [
        0.0,
        0.0,
        1.0
      ]
    ],
    "image_size": [
      518,
      518
    ]
  },
  {
    "index": 1,
    "file": "pose_2_image.png",
    "cam_T_world": [
      [
        0.9525085957418709,
        0.2689326911502102,
        0.14589321942943134,
        -0.15820254653086496
      ],
      [
        -0.2661589449585421,
        0.9634582027655212,
        -0.029233815430429792,
        0.017832153449884525
      ],
      [
        -0.14897361642035697,
        -0.011050354075334935,
        0.9888775991075912,
        0.012535920816108635
      ],
      [
        0.0,
        0.0,
        0.0,
        1.0
      ]
    ],
    "K": [
      [
        485.3011169433594,
        0.0,
        259.0
      ],
      [
        0.0,
        487.5914306640625,
        259.0
      ],
      [
        0.0,
        0.0,
        1.0
      ]
    ],
    "image_size": [
      518,
      518
    ]
  },
  {
    "index": 2,
    "file": "pose_3_image.png",
    "cam_T_world": [
      [
        0.8098817959658737,
        0.5076504742226532,
        0.2928498452473592,
        -0.3144546160718114
      ],
      [
        -0.5027518942299167,
        0.8584750366566185,
        -0.1026137397574212,
        0.08238812658278706
      ],
      [
        -0.3027049702424228,
        -0.06341756437096059,
        0.9508243430901622,
        0.0607094911045555
      ],
      [
        0.0,
        0.0,
        0.0,
        1.0
      ]
    ],
    "K": [
      [
        478.5296936035156,
        0.0,
        259.0
      ],
      [
        0.0,
        480.7704772949219,
        259.0
      ],
      [
        0.0,
        0.0,
        1.0
      ]
    ],
    "image_size": [
      518,
      518
    ]
  },
  {
    "index": 3,
    "file": "pose_4_image.png",
    "cam_T_world": [
      [
        0.5891369363959604,
        0.7064223792046538,
        0.3918977048068751,
        -0.41885712709230377
      ],
      [
        -0.691683790327784,
        0.6915137526871115,
        -0.20880233714568505,
        0.18140245691249324
      ],
      [
        -0.4170077348778459,
        -0.14819139476629528,
        0.8958559556488792,
        0.1326629703160096
      ],
      [
        0.0,
        0.0,
        0.0,
        1.0
      ]
    ],
    "K": [
      [
        469.72589111328125,
        0.0,
        259.0
      ],
      [
        0.0,
        474.0963134765625,
        259.0
      ],
      [
        0.0,
        0.0,
        1.0
      ]
    ],
    "image_size": [
      518,
      518
    ]
  },
  {
    "index": 4,
    "file": "pose_5_image.png",
    "cam_T_world": [
      [
        0.3156997960541461,
        0.8282903682906567,
        0.4537064793298381,
        -0.49572956907751825
      ],
      [
        -0.8094232828770265,
        0.48609849755360796,
        -0.3252337261810612,
        0.30330540691612606
      ],
      [
        -0.49189047156148763,
        -0.26630263664542353,
        0.8289219302320834,
        0.2028382005645128
      ],
      [
        0.0,
        0.0,
        0.0,
        1.0
      ]
    ],
    "K": [
      [
        469.72589111328125,
        0.0,
        259.0
      ],
      [
        0.0,
        469.72589111328125,
        259.0
      ],
      [
        0.0,
        0.0,
        1.0
      ]
    ],
    "image_size": [
      518,
      518
    ]
  },
  {
    "index": 5,
    "file": "pose_6_image.png",
    "cam_T_world": [
      [
        0.02155794652327968,
        0.8825014304671192,
        0.4689805236577394,
        -0.49735380205758717
      ],
      [
        -0.856084599853646,
        0.2593365858763563,
        -0.4497074220514722,
        0.41650244474610965
      ],
      [
        -0.5197215653526812,
        -0.3890139228104929,
        0.7606970597377944,
        0.3106846271912219
      ],
      [
        0.0,
        0.0,
        0.0,
        1.0
      ]
    ],
    "K": [
      [
        440.77801513671875,
        0.0,
        259.0
      ],
      [
        0.0,
        444.746337890625,
        259.0
      ],
      [
        0.0,
        0.0,
        1.0
      ]
    ],
    "image_size": [
      518,
      518
    ]
  }
]