{
  "note": "Per-image joint positions and camera pose at capture time.",
  "prompt": "red object.",
  "created_at": "2026-01-22T14:56:25.001218",
  "joint_names": [
    "shoulder_lift_joint",
    "elbow_joint",
    "wrist_1_joint",
    "wrist_2_joint",
    "wrist_3_joint",
    "shoulder_pan_joint"
  ],
  "shots": {
    "image_1": {
      "image_file": "pose_1_image.png",
      "image_stamp_ns": 1769090198294263446,
      "joint_stamp_ns": 1769090198467618612,
      "position": [
        -1.3061993283084412,
        1.7634056250201624,
        -2.027928491631979,
        -1.5707672278033655,
        -0.9281719366656702,
        0.6426512598991394
      ],
      "camera_pose": {
        "parent_frame": "base_link",
        "child_frame": "camera_optical",
        "stamp": {
          "sec": 1769090198,
          "nanosec": 294263446,
          "stamp_ns": 1769090198294263446
        },
        "R": [
          [
            -0.00216081984,
            -0.999978003954,
            -0.006270762831
          ],
          [
            -0.999989495177,
            0.002186108282,
            -0.004028705306
          ],
          [
            0.004042325257,
            0.006261991651,
            -0.999972223148
          ]
        ],
        "t": [
          0.3705906521169782,
          0.5031594296831147,
          0.30390960730609495
        ]
      }
    },
    "image_2": {
      "image_file": "pose_2_image.png",
      "image_stamp_ns": 1769090201094212340,
      "joint_stamp_ns": 1769090201367606367,
      "position": [
        -1.3576490593007584,
        1.8295791784869593,
        -2.0427218876280726,
        -1.5707758108722132,
        -1.2151511351214808,
        0.6697980165481567
      ],
      "camera_pose": {
        "parent_frame": "base_link",
        "child_frame": "camera_optical",
        "stamp": {
          "sec": 1769090201,
          "nanosec": 94212340,
          "stamp_ns": 1769090201094212340
        },
        "R": [
          [
            0.306990735519,
            -0.951700616,
            -0.004756659641
          ],
          [
            -0.951703874542,
            -0.306962835444,
            -0.005792481099
          ],
          [
            0.004052590099,
            0.006305169443,
            -0.999971910281
          ]
        ],
        "t": [
          0.32146337674051084,
          0.4953445365270177,
          0.303884792543021
        ]
      }
    },
    "image_3": {
      "image_file": "pose_3_image.png",
      "image_stamp_ns": 1769090204094218897,
      "joint_stamp_ns": 1769090204217609595,
      "position": [
        -1.4210531276515503,
        1.9069584051715296,
        -2.056636949578756,
        -1.5708211104022425,
        -1.5171745459186,
        0.6819620728492737
      ],
      "camera_pose": {
        "parent_frame": "base_link",
        "child_frame": "camera_optical",
        "stamp": {
          "sec": 1769090204,
          "nanosec": 94218897,
          "stamp_ns": 1769090204094218897
        },
        "R": [
          [
            0.586057044283,
            -0.810265170048,
            -0.002737709641
          ],
          [
            -0.810259734136,
            -0.586029584685,
            -0.006963412324
          ],
          [
            0.004037831627,
            0.006299212731,
            -0.999972007526
          ]
        ],
        "t": [
          0.2770743020528385,
          0.4727423684262492,
          0.3038799684188975
        ]
      }
    },
    "image_4": {
      "image_file": "pose_4_image.png",
      "image_stamp_ns": 1769090206894242058,
      "joint_stamp_ns": 1769090207117611957,
      "position": [
        -1.492497244184353,
        1.988398853932516,
        -2.0666572056212367,
        -1.57084829012026,
        -1.838095490132467,
        0.6752141118049622
      ],
      "camera_pose": {
        "parent_frame": "base_link",
        "child_frame": "camera_optical",
        "stamp": {
          "sec": 1769090206,
          "nanosec": 894242058,
          "stamp_ns": 1769090206894242058
        },
        "R": [
          [
            0.807880655176,
            -0.589345911836,
            -0.000493146722
          ],
          [
            -0.589332638943,
            -0.80785623559,
            -0.007439307449
          ],
          [
            0.003985933777,
            0.006300700035,
            -0.999972206369
          ]
        ],
        "t": [
          0.24180220765570493,
          0.43754002233594463,
          0.30387785811071066
        ]
      }
    },
    "image_5": {
      "image_file": "pose_5_image.png",
      "image_stamp_ns": 1769090209894291931,
      "joint_stamp_ns": 1769090210017610366,
      "position": [
        -1.566593925734498,
        2.0662768522845667,
        -2.0704032383360804,
        -1.570810619984762,
        -2.1810458342181605,
        0.6464397311210632
      ],
      "camera_pose": {
        "parent_frame": "base_link",
        "child_frame": "camera_optical",
        "stamp": {
          "sec": 1769090209,
          "nanosec": 894291931,
          "stamp_ns": 1769090209894291931
        },
        "R": [
          [
            0.950416601809,
            -0.310974399183,
            0.001790547165
          ],
          [
            -0.310954540882,
            -0.950397429859,
            -0.007211020828
          ],
          [
            0.003944174293,
            0.00629669514,
            -0.999972397179
          ]
        ],
        "t": [
          0.21920293575859773,
          0.3931757447841746,
          0.30388243635566303
        ]
      }
    },
    "image_6": {
      "image_file": "pose_6_image.png",
      "image_stamp_ns": 1769090212694288867,
      "joint_stamp_ns": 1769090212867611929,
      "position": [
        -1.635693212548727,
        2.1327741781817835,
        -2.0678159199156703,
        -1.570817772542135,
        -2.5469327608691614,
        0.5947532653808594
      ],
      "camera_pose": {
        "parent_frame": "base_link",
        "child_frame": "camera_optical",
        "stamp": {
          "sec": 1769090212,
          "nanosec": 694288867,
          "stamp_ns": 1769090212694288867
        },
        "R": [
          [
            0.999990126247,
            -0.002036489732,
            0.003949698399
          ],
          [
            -0.00201167656,
            -0.999978281464,
            -0.006276126076
          ],
          [
            0.003962393884,
            0.006268118592,
            -0.999972504684
          ]
        ],
        "t": [
          0.21141374790849243,
          0.343968260629318,
          0.3038880348193488
        ]
      }
    }
  }
}