{
  "note": "Per-image joint positions and camera pose at capture time.",
  "prompt": "blue object .",
  "created_at": "2026-01-22T14:40:10.720415",
  "joint_names": [
    "shoulder_lift_joint",
    "elbow_joint",
    "wrist_1_joint",
    "wrist_2_joint",
    "wrist_3_joint",
    "shoulder_pan_joint"
  ],
  "shots": {
    "image_1": {
      "image_file": "pose_1_image.png",
      "image_stamp_ns": 1769089224086297356,
      "joint_stamp_ns": 1769089224255605361,
      "position": [
        -1.4312144827893754,
        1.9188831488238733,
        -2.0584198437132777,
        -1.5707953611956995,
        -0.7694633642779749,
        0.8013519644737244
      ],
      "camera_pose": {
        "parent_frame": "base_link",
        "child_frame": "camera_optical",
        "stamp": {
          "sec": 1769089224,
          "nanosec": 86297356,
          "stamp_ns": 1769089224086297356
        },
        "R": [
          [
            -0.002176349606,
            -0.999978154447,
            -0.006241324474
          ],
          [
            -0.999989625812,
            0.002201264391,
            -0.003987819391
          ],
          [
            0.004001471081,
            0.006232580836,
            -0.999972571206
          ]
        ],
        "t": [
          0.2557980695199493,
          0.5148696139585726,
          0.30391537804899826
        ]
      }
    },
    "image_2": {
      "image_file": "pose_2_image.png",
      "image_stamp_ns": 1769089226886327051,
      "joint_stamp_ns": 1769089227155609589,
      "position": [
        -1.4745227706483384,
        1.9684975782977503,
        -2.0647059879698695,
        -1.570810619984762,
        -1.0447209517108362,
        0.8402065634727478
      ],
      "camera_pose": {
        "parent_frame": "base_link",
        "child_frame": "camera_optical",
        "stamp": {
          "sec": 1769089226,
          "nanosec": 886327051,
          "stamp_ns": 1769089226886327051
        },
        "R": [
          [
            0.307244113039,
            -0.951619086348,
            -0.004708449975
          ],
          [
            -0.951622206163,
            -0.30721665174,
            -0.005753749294
          ],
          [
            0.00402886341,
            0.006248471151,
            -0.999972362052
          ]
        ],
        "t": [
          0.2065801988469396,
          0.5070991467968532,
          0.3039116744437677
        ]
      }
    },
    "image_3": {
      "image_file": "pose_3_image.png",
      "image_stamp_ns": 1769089229886297039,
      "joint_stamp_ns": 1769089230055609624,
      "position": [
        -1.5331852001002808,
        2.0319421927081507,
        -2.0695368252196253,
        -1.5708187262164515,
        -1.3342741171466272,
        0.8648359775543213
      ],
      "camera_pose": {
        "parent_frame": "base_link",
        "child_frame": "camera_optical",
        "stamp": {
          "sec": 1769089229,
          "nanosec": 886297039,
          "stamp_ns": 1769089229886297039
        },
        "R": [
          [
            0.586072076407,
            -0.81025434424,
            -0.002723765053
          ],
          [
            -0.810249057414,
            -0.586045041543,
            -0.006904653724
          ],
          [
            0.003998276672,
            0.006253552811,
            -0.999972453051
          ]
        ],
        "t": [
          0.16226468635067262,
          0.48449282126231447,
          0.3039082259264316
        ]
      }
    },
    "image_4": {
      "image_file": "pose_4_image.png",
      "image_stamp_ns": 1769089232686301471,
      "joint_stamp_ns": 1769089232905609872,
      "position": [
        -1.6046916447081507,
        2.1036093870746058,
        -2.0696736774840296,
        -1.570817772542135,
        -1.6426432768451136,
        0.8706374764442444
      ],
      "camera_pose": {
        "parent_frame": "base_link",
        "child_frame": "camera_optical",
        "stamp": {
          "sec": 1769089232,
          "nanosec": 686301471,
          "stamp_ns": 1769089232686301471
        },
        "R": [
          [
            0.807798656874,
            -0.589458334712,
            -0.000448987989
          ],
          [
            -0.589444681318,
            -0.807774260856,
            -0.007463991214
          ],
          [
            0.00403703089,
            0.00629405566,
            -0.999972043232
          ]
        ],
        "t": [
          0.12704831182746126,
          0.44925824014455656,
          0.3038795224952434
        ]
      }
    },
    "image_5": {
      "image_file": "pose_5_image.png",
      "image_stamp_ns": 1769089235686344757,
      "joint_stamp_ns": 1769089235805611965,
      "position": [
        -1.6853043041624964,
        2.176880661641256,
        -2.06234135250234,
        -1.5707781950580042,
        -1.974642578755514,
        0.8528193235397339
      ],
      "camera_pose": {
        "parent_frame": "base_link",
        "child_frame": "camera_optical",
        "stamp": {
          "sec": 1769089235,
          "nanosec": 686344757,
          "stamp_ns": 1769089235686344757
        },
        "R": [
          [
            0.950417072489,
            -0.310972761428,
            0.001824821043
          ],
          [
            -0.310952741149,
            -0.95039812096,
            -0.007197530695
          ],
          [
            0.003972542486,
            0.006273222947,
            -0.99997243241
          ]
        ],
        "t": [
          0.10439887934997572,
          0.40489653857411073,
          0.3038887600249249
        ]
      }
    },
    "image_6": {
      "image_file": "pose_6_image.png",
      "image_stamp_ns": 1769089238486369836,
      "joint_stamp_ns": 1769089238705604526,
      "position": [
        -1.7688476047911585,
        2.2445014158831995,
        -2.046420236627096,
        -1.570810619984762,
        -2.334090773259298,
        0.8075291514396667
      ],
      "camera_pose": {
        "parent_frame": "base_link",
        "child_frame": "camera_optical",
        "stamp": {
          "sec": 1769089238,
          "nanosec": 486369836,
          "stamp_ns": 1769089238486369836
        },
        "R": [
          [
            0.999989961439,
            -0.002007352133,
            0.004005940438
          ],
          [
            -0.0019826418,
            -0.999979043741,
            -0.006162889721
          ],
          [
            0.004018227578,
            0.006154885509,
            -0.999972985251
          ]
        ],
        "t": [
          0.09664260259741157,
          0.3556978391254912,
          0.3039350600410823
        ]
      }
    }
  }
}