{
  "note": "Per-image joint positions and camera pose at capture time.",
  "prompt": "blue object.",
  "created_at": "2026-01-28T15:43:40.695812",
  "joint_names": [
    "shoulder_lift_joint",
    "elbow_joint",
    "wrist_1_joint",
    "wrist_2_joint",
    "wrist_3_joint",
    "shoulder_pan_joint"
  ],
  "shots": {
    "image_1": {
      "image_file": "pose_1_image.png",
      "image_stamp_ns": 1769611434119909052,
      "joint_stamp_ns": 1769611434304442518,
      "position": [
        -1.1054538947394867,
        1.477938477193014,
        -1.9432140789427699,
        -1.5707805792437952,
        -0.7541773954974573,
        0.8167126178741455
      ],
      "camera_pose": {
        "parent_frame": "base_link",
        "child_frame": "camera_optical",
        "stamp": {
          "sec": 1769611434,
          "nanosec": 119909052,
          "stamp_ns": 1769611434119909052
        },
        "R": [
          [
            -0.002108499046,
            -0.999977797127,
            -0.006321351503
          ],
          [
            -0.99998934319,
            0.002134401265,
            -0.004093633901
          ],
          [
            0.004107035311,
            0.006312652715,
            -0.999971640936
          ]
        ],
        "t": [
          0.3517216954640473,
          0.628378836049922,
          0.3038643009437991
        ]
      }
    },
    "image_2": {
      "image_file": "pose_2_image.png",
      "image_stamp_ns": 1769611436920017875,
      "joint_stamp_ns": 1769611437154438691,
      "position": [
        -1.1499886375716706,
        1.5448172728167933,
        -1.9655515156187953,
        -1.5707867781268519,
        -1.0380614439593714,
        0.8469610810279846
      ],
      "camera_pose": {
        "parent_frame": "base_link",
        "child_frame": "camera_optical",
        "stamp": {
          "sec": 1769611436,
          "nanosec": 920017875,
          "stamp_ns": 1769611436920017875
        },
        "R": [
          [
            0.307240158702,
            -0.95162005716,
            -0.004769873351
          ],
          [
            -0.951623178808,
            -0.307211852414,
            -0.005848358
          ],
          [
            0.004100053147,
            0.006335972481,
            -0.999971522103
          ]
        ],
        "t": [
          0.3025626929476424,
          0.6205842181742481,
          0.30384640104589
        ]
      }
    },
    "image_3": {
      "image_file": "pose_3_image.png",
      "image_stamp_ns": 1769611439920019230,
      "joint_stamp_ns": 1769611440054480474,
      "position": [
        -1.2072163981250306,
        1.6278093496905726,
        -1.9913674793639125,
        -1.5707634131061,
        -1.3333309332477015,
        0.8658297061920166
      ],
      "camera_pose": {
        "parent_frame": "base_link",
        "child_frame": "camera_optical",
        "stamp": {
          "sec": 1769611439,
          "nanosec": 920019230,
          "stamp_ns": 1769611439920019230
        },
        "R": [
          [
            0.586076675814,
            -0.810251095157,
            -0.00270053041
          ],
          [
            -0.810245331458,
            -0.586049220377,
            -0.006986712117
          ],
          [
            0.004078347403,
            0.006282841169,
            -0.999971946101
          ]
        ],
        "t": [
          0.2582331344359265,
          0.5979743348556188,
          0.30386501861001913
        ]
      }
    },
    "image_4": {
      "image_file": "pose_4_image.png",
      "image_stamp_ns": 1769611442720100449,
      "joint_stamp_ns": 1769611442904435004,
      "position": [
        -1.2728953522494812,
        1.7190311590777796,
        -2.016820093194479,
        -1.570810619984762,
        -1.6431191603290003,
        0.8702375888824463
      ],
      "camera_pose": {
        "parent_frame": "base_link",
        "child_frame": "camera_optical",
        "stamp": {
          "sec": 1769611442,
          "nanosec": 720100449,
          "stamp_ns": 1769611442720100449
        },
        "R": [
          [
            0.807812785439,
            -0.589438952876,
            -0.000473829206
          ],
          [
            -0.589425501046,
            -0.807788358871,
            -0.007452918183
          ],
          [
            0.004010286573,
            0.006299849614,
            -0.999972114359
          ]
        ],
        "t": [
          0.2229921138346555,
          0.5627483942788364,
          0.30387239103455416
        ]
      }
    },
    "image_5": {
      "image_file": "pose_5_image.png",
      "image_stamp_ns": 1769611445720036619,
      "joint_stamp_ns": 1769611445800486162,
      "position": [
        -1.3421372932246705,
        1.8099702040301722,
        -2.0385776958861292,
        -1.570817772542135,
        -1.9703024069415491,
        0.8572465181350708
      ],
      "camera_pose": {
        "parent_frame": "base_link",
        "child_frame": "camera_optical",
        "stamp": {
          "sec": 1769611445,
          "nanosec": 720036619,
          "stamp_ns": 1769611445720036619
        },
        "R": [
          [
            0.950428501291,
            -0.310937843807,
            0.00182242208
          ],
          [
            -0.310917868175,
            -0.950409585159,
            -0.007190249442
          ],
          [
            0.003967768071,
            0.006267194413,
            -0.999972489167
          ]
        ],
        "t": [
          0.20033682772592792,
          0.5183933063261615,
          0.30388486194722647
        ]
      }
    },
    "image_6": {
      "image_file": "pose_6_image.png",
      "image_stamp_ns": 1769611448520110765,
      "joint_stamp_ns": 1769611448654449868,
      "position": [
        -1.408659206037857,
        1.8922298590289515,
        -2.054315229455465,
        -1.5708454290973108,
        -2.316386047993795,
        0.8253129720687866
      ],
      "camera_pose": {
        "parent_frame": "base_link",
        "child_frame": "camera_optical",
        "stamp": {
          "sec": 1769611448,
          "nanosec": 520110765,
          "stamp_ns": 1769611448520110765
        },
        "R": [
          [
            0.999990071786,
            -0.002016670167,
            0.003973584009
          ],
          [
            -0.001991681745,
            -0.999978280904,
            -0.006282588996
          ],
          [
            0.003986167616,
            0.006274612506,
            -0.999972369471
          ]
        ],
        "t": [
          0.1925719853483642,
          0.46919592346873423,
          0.3038906241012561
        ]
      }
    }
  }
}