[
  {
    "index": 0,
    "file": "pose_1_image.png",
    "cam_T_world": [
      [
        0.999999983978338,
        0.00025177533137077683,
        -0.00011061415331944068,
        4.642003543425488e-05
      ],
      [
        -0.00025176472848110587,
        0.9999999939199681,
        4.794998588846417e-05,
        -0.00019550524414739472
      ],
      [
        0.00011063828403386439,
        -4.7894281154670135e-05,
        0.9999999854653085,
        0.0002021934593797958
      ],
      [
        0.0,
        0.0,
        0.0,
        1.0
      ]
    ],
    "K": [
      [
        456.9778747558594,
        0.0,
        259.0
      ],
      [
        0.0,
        456.9778747558594,
        259.0
      ],
      [
        0.0,
        0.0,
        1.0
      ]
    ],
    "image_size": [
      518,
      518
    ]
  },
  {
    "index": 1,
    "file": "pose_2_image.png",
    "cam_T_world": [
      [
        0.9506891834741575,
        0.26842258288284004,
        0.15531070014322929,
        -0.1735986668159622
      ],
      [
        -0.26647356849154885,
        0.9631941250020671,
        -0.03978360098201199,
        0.028027819499382177
      ],
      [
        -0.1594092278786847,
        -0.003120430880201022,
        0.9872437692224167,
        0.0024285923719879164
      ],
      [
        0.0,
        0.0,
        0.0,
        1.0
      ]
    ],
    "K": [
      [
        456.9778747558594,
        0.0,
        259.0
      ],
      [
        0.0,
        461.1679992675781,
        259.0
      ],
      [
        0.0,
        0.0,
        1.0
      ]
    ],
    "image_size": [
      518,
      518
    ]
  },
  {
    "index": 2,
    "file": "pose_3_image.png",
    "cam_T_world": [
      [
        0.8071791634439772,
        0.5077037362571375,
        0.2984928026670937,
        -0.34404697897079245
      ],
      [
        -0.5007019351699916,
        0.8587351415738713,
        -0.10708618865212272,
        0.09422916486059657
      ],
      [
        -0.31127471636170373,
        -0.06324614885992914,
        0.9481097573257304,
        0.034266790148199555
      ],
      [
        0.0,
        0.0,
        0.0,
        1.0
      ]
    ],
    "K": [
      [
        461.1679992675781,
        0.0,
        259.0
      ],
      [
        0.0,
        465.41693115234375,
        259.0
      ],
      [
        0.0,
        0.0,
        1.0
      ]
    ],
    "image_size": [
      518,
      518
    ]
  },
  {
    "index": 3,
    "file": "pose_4_image.png",
    "cam_T_world": [
      [
        0.5879376070413952,
        0.7006000737375983,
        0.4090651793039366,
        -0.4740635958655177
      ],
      [
        -0.6851669388118987,
        0.6984026165457451,
        -0.20382691680981127,
        0.1937454932456115
      ],
      [
        -0.4279885004690351,
        -0.16057275914223595,
        0.8892878818703365,
        0.10097757671714244
      ],
      [
        0.0,
        0.0,
        0.0,
        1.0
      ]
    ],
    "K": [
      [
        461.1679992675781,
        0.0,
        259.0
      ],
      [
        0.0,
        465.41693115234375,
        259.0
      ],
      [
        0.0,
        0.0,
        1.0
      ]
    ],
    "image_size": [
      518,
      518
    ]
  },
  {
    "index": 4,
    "file": "pose_5_image.png",
    "cam_T_world": [
      [
        0.31024699315135534,
        0.8246652122744883,
        0.4702616320826978,
        -0.5315184792196387
      ],
      [
        -0.8083973177078373,
        0.48686144476874105,
        -0.324404348049177,
        0.3169299636246924
      ],
      [
        -0.49683079383141815,
        -0.28108033191528103,
        0.8209846681207166,
        0.20380110812602767
      ],
      [
        0.0,
        0.0,
        0.0,
        1.0
      ]
    ],
    "K": [
      [
        444.746337890625,
        0.0,
        259.0
      ],
      [
        0.0,
        452.84503173828125,
        259.0
      ],
      [
        0.0,
        0.0,
        1.0
      ]
    ],
    "image_size": [
      518,
      518
    ]
  },
  {
    "index": 5,
    "file": "pose_6_image.png",
    "cam_T_world": [
      [
        0.009282104320712659,
        0.8704578357235008,
        0.49139667803411097,
        -0.5443109174551714
      ],
      [
        -0.8536240805253313,
        0.26278662869879893,
        -0.4547066079170669,
        0.4516649731653945
      ],
      [
        -0.5264623660519857,
        -0.4138707026521574,
        0.742950675454145,
        0.31267746824465287
      ],
      [
        0.0,
        0.0,
        0.0,
        1.0
      ]
    ],
    "K": [
      [
        429.18292236328125,
        0.0,
        259.0
      ],
      [
        0.0,
        436.8620910644531,
        259.0
      ],
      [
        0.0,
        0.0,
        1.0
      ]
    ],
    "image_size": [
      518,
      518
    ]
  }
]