{
  "note": "Per-image joint positions and camera pose at capture time.",
  "prompt": "yellow object.",
  "created_at": "2026-01-29T16:26:11.358698",
  "joint_names": [
    "shoulder_lift_joint",
    "elbow_joint",
    "wrist_1_joint",
    "wrist_2_joint",
    "wrist_3_joint",
    "shoulder_pan_joint"
  ],
  "shots": {
    "image_1": {
      "image_file": "pose_1_image.png",
      "image_stamp_ns": 1769700384792453862,
      "joint_stamp_ns": 1769700384974061662,
      "position": [
        -0.8486006420901795,
        1.0586493651019495,
        -1.780889173547262,
        -1.5707758108722132,
        -1.0476492086993616,
        0.5231415033340454
      ],
      "camera_pose": {
        "parent_frame": "base_link",
        "child_frame": "camera_optical",
        "stamp": {
          "sec": 1769700384,
          "nanosec": 792453862,
          "stamp_ns": 1769700384792453862
        },
        "R": [
          [
            -0.002208120895,
            -0.99997837859,
            -0.006194074104
          ],
          [
            -0.999989625593,
            0.002232738831,
            -0.003970338087
          ],
          [
            0.003984081992,
            0.006185242858,
            -0.999972934564
          ]
        ],
        "t": [
          0.5954053026974049,
          0.5564290643204974,
          0.30397784184590804
        ]
      }
    },
    "image_2": {
      "image_file": "pose_2_image.png",
      "image_stamp_ns": 1769700387592451869,
      "joint_stamp_ns": 1769700387824069786,
      "position": [
        -0.8837244075587769,
        1.119166676198141,
        -1.8062364063658656,
        -1.570817772542135,
        -1.3543499151812952,
        0.5305683016777039
      ],
      "camera_pose": {
        "parent_frame": "base_link",
        "child_frame": "camera_optical",
        "stamp": {
          "sec": 1769700387,
          "nanosec": 592451869,
          "stamp_ns": 1769700387592451869
        },
        "R": [
          [
            0.307111429813,
            -0.951661361815,
            -0.004818932031
          ],
          [
            -0.951665010981,
            -0.307083266694,
            -0.005794324004
          ],
          [
            0.004034420883,
            0.006365512134,
            -0.999971601448
          ]
        ],
        "t": [
          0.5616971374890911,
          0.5511000240734736,
          0.30381398188218556
        ]
      }
    },
    "image_3": {
      "image_file": "pose_3_image.png",
      "image_stamp_ns": 1769700390592519075,
      "joint_stamp_ns": 1769700390724064587,
      "position": [
        -0.9222565454295655,
        1.184511963521139,
        -1.8329006634154261,
        -1.5707672278033655,
        -1.6672094503985804,
        0.5318686366081238
      ],
      "camera_pose": {
        "parent_frame": "base_link",
        "child_frame": "camera_optical",
        "stamp": {
          "sec": 1769700390,
          "nanosec": 592519075,
          "stamp_ns": 1769700390592519075
        },
        "R": [
          [
            0.586044656818,
            -0.810273882955,
            -0.002809771451
          ],
          [
            -0.810268900183,
            -0.5860169039,
            -0.006964031819
          ],
          [
            0.003996199537,
            0.006357904061,
            -0.999971803325
          ]
        ],
        "t": [
          0.5312582670161383,
          0.5356083687194979,
          0.30381313305675306
        ]
      }
    },
    "image_4": {
      "image_file": "pose_4_image.png",
      "image_stamp_ns": 1769700393392552670,
      "joint_stamp_ns": 1769700393574070570,
      "position": [
        -0.9605431121638794,
        1.248127285634176,
        -1.8583046398558558,
        -1.5708254019366663,
        -1.9868295828448694,
        0.5264195799827576
      ],
      "camera_pose": {
        "parent_frame": "base_link",
        "child_frame": "camera_optical",
        "stamp": {
          "sec": 1769700393,
          "nanosec": 392552670,
          "stamp_ns": 1769700393392552670
        },
        "R": [
          [
            0.807787583805,
            -0.58947351266,
            -0.000444211721
          ],
          [
            -0.589459898394,
            -0.807763315772,
            -0.007446736135
          ],
          [
            0.004030835774,
            0.006277225985,
            -0.999972174011
          ]
        ],
        "t": [
          0.5070868773493172,
          0.51146538087376,
          0.30387603252692247
        ]
      }
    },
    "image_5": {
      "image_file": "pose_5_image.png",
      "image_stamp_ns": 1769700396192604628,
      "joint_stamp_ns": 1769700396424061516,
      "position": [
        -0.9950909179500123,
        1.3045318762408655,
        -1.8801666698851527,
        -1.5708330313311976,
        -2.313028875981466,
        0.5143797397613525
      ],
      "camera_pose": {
        "parent_frame": "base_link",
        "child_frame": "camera_optical",
        "stamp": {
          "sec": 1769700396,
          "nanosec": 192604628,
          "stamp_ns": 1769700396192604628
        },
        "R": [
          [
            0.950441020024,
            -0.310900221024,
            0.001708807478
          ],
          [
            -0.310880829182,
            -0.950421444238,
            -0.007224152473
          ],
          [
            0.003870077872,
            0.006334895359,
            -0.999972445419
          ]
        ],
        "t": [
          0.49155854989818276,
          0.4810367616542507,
          0.3038199354452023
        ]
      }
    },
    "image_6": {
      "image_file": "pose_6_image.png",
      "image_stamp_ns": 1769700399192596673,
      "joint_stamp_ns": 1769700399272085832,
      "position": [
        -1.0226821464351197,
        1.3488848845111292,
        -1.8969398937621058,
        -1.5707834402667444,
        -2.6448381582843226,
        0.49677804112434387
      ],
      "camera_pose": {
        "parent_frame": "base_link",
        "child_frame": "camera_optical",
        "stamp": {
          "sec": 1769700399,
          "nanosec": 192596673,
          "stamp_ns": 1769700399192596673
        },
        "R": [
          [
            0.999989879823,
            -0.002132328964,
            0.00396149282
          ],
          [
            -0.002107649161,
            -0.999978411524,
            -0.006223688768
          ],
          [
            0.003974678249,
            0.006215276346,
            -0.999972785766
          ]
        ],
        "t": [
          0.486239095513254,
          0.4473059712138767,
          0.30387805584022615
        ]
      }
    }
  }
}