{
  "note": "Per-image joint positions and camera pose at capture time.",
  "prompt": "yellow object.",
  "created_at": "2026-01-28T14:55:46.029340",
  "joint_names": [
    "shoulder_lift_joint",
    "elbow_joint",
    "wrist_1_joint",
    "wrist_2_joint",
    "wrist_3_joint",
    "shoulder_pan_joint"
  ],
  "shots": {
    "image_1": {
      "image_file": "pose_1_image.png",
      "image_stamp_ns": 1769608559297246422,
      "joint_stamp_ns": 1769608559484436011,
      "position": [
        -1.1833780866912385,
        1.593550984059469,
        -1.9809853039183558,
        -1.570798699055807,
        -1.1507528463946741,
        0.4200246334075928
      ],
      "camera_pose": {
        "parent_frame": "base_link",
        "child_frame": "camera_optical",
        "stamp": {
          "sec": 1769608559,
          "nanosec": 297246422,
          "stamp_ns": 1769608559297246422
        },
        "R": [
          [
            -0.002189057904,
            -0.999978058359,
            -0.006252265748
          ],
          [
            -0.999989518759,
            0.00221413942,
            -0.004007487828
          ],
          [
            0.004021243285,
            0.006243427594,
            -0.999972424227
          ]
        ],
        "t": [
          0.5116627353737137,
          0.43369687728342915,
          0.30391906795425944
        ]
      }
    },
    "image_2": {
      "image_file": "pose_2_image.png",
      "image_stamp_ns": 1769608562297243620,
      "joint_stamp_ns": 1769608562380444534,
      "position": [
        -1.2442016762546082,
        1.6797497908221644,
        -2.0062695942320765,
        -1.5708139578448694,
        -1.4511454741107386,
        0.4338032007217407
      ],
      "camera_pose": {
        "parent_frame": "base_link",
        "child_frame": "camera_optical",
        "stamp": {
          "sec": 1769608562,
          "nanosec": 297243620,
          "stamp_ns": 1769608562297243620
        },
        "R": [
          [
            0.306932261605,
            -0.951719238085,
            -0.004804023772
          ],
          [
            -0.951722819918,
            -0.306904209518,
            -0.005786210109
          ],
          [
            0.004032472358,
            0.006348073606,
            -0.999971720164
          ]
        ],
        "t": [
          0.4625219434134133,
          0.4258964905841035,
          0.3038383678934829
        ]
      }
    },
    "image_3": {
      "image_file": "pose_3_image.png",
      "image_stamp_ns": 1769608565097229851,
      "joint_stamp_ns": 1769608565234443036,
      "position": [
        -1.3119499248317261,
        1.7709515730487269,
        -2.029759546319479,
        -1.5707758108722132,
        -1.7673981825457972,
        0.4317290782928467
      ],
      "camera_pose": {
        "parent_frame": "base_link",
        "child_frame": "camera_optical",
        "stamp": {
          "sec": 1769608565,
          "nanosec": 97229851,
          "stamp_ns": 1769608565097229851
        },
        "R": [
          [
            0.586108707128,
            -0.810227588327,
            -0.002799739777
          ],
          [
            -0.810222596476,
            -0.586081077257,
            -0.006950902163
          ],
          [
            0.003990938191,
            0.006342396712,
            -0.999971922814
          ]
        ],
        "t": [
          0.41812693697941833,
          0.4033171366802346,
          0.3038491021282383
        ]
      }
    },
    "image_4": {
      "image_file": "pose_4_image.png",
      "image_stamp_ns": 1769608567897276257,
      "joint_stamp_ns": 1769608568134504347,
      "position": [
        -1.3811245423606415,
        1.8588374296771448,
        -2.048436780969137,
        -1.5708335081683558,
        -2.1020177046405237,
        0.41127490997314453
      ],
      "camera_pose": {
        "parent_frame": "base_link",
        "child_frame": "camera_optical",
        "stamp": {
          "sec": 1769608567,
          "nanosec": 897276257,
          "stamp_ns": 1769608567897276257
        },
        "R": [
          [
            0.807948774538,
            -0.589252443308,
            -0.000579463109
          ],
          [
            -0.589239557071,
            -0.807923749336,
            -0.007480617735
          ],
          [
            0.00393981027,
            0.006385398517,
            -0.999971851894
          ]
        ],
        "t": [
          0.382861146473761,
          0.368104301119352,
          0.3038478945261965
        ]
      }
    },
    "image_5": {
      "image_file": "pose_5_image.png",
      "image_stamp_ns": 1769608570897289267,
      "joint_stamp_ns": 1769608570978441955,
      "position": [
        -1.4450156551650544,
        1.9350383917437952,
        -2.060683866540426,
        -1.570793930684225,
        -2.4558001200305384,
        0.37164437770843506
      ],
      "camera_pose": {
        "parent_frame": "base_link",
        "child_frame": "camera_optical",
        "stamp": {
          "sec": 1769608570,
          "nanosec": 897289267,
          "stamp_ns": 1769608570897289267
        },
        "R": [
          [
            0.950398528084,
            -0.31102979061,
            0.001762716343
          ],
          [
            -0.311010155741,
            -0.950379327006,
            -0.007198459984
          ],
          [
            0.003914184673,
            0.006293183089,
            -0.999972537125
          ]
        ],
        "t": [
          0.3602782535723849,
          0.32371282080114416,
          0.30386345085769495
        ]
      }
    },
    "image_6": {
      "image_file": "pose_6_image.png",
      "image_stamp_ns": 1769608573697326901,
      "joint_stamp_ns": 1769608573834451265,
      "position": [
        -1.4955779251507302,
        1.9917424360858362,
        -2.066925664941305,
        -1.5708020369159144,
        -2.8262808958636683,
        0.3153582811355591
      ],
      "camera_pose": {
        "parent_frame": "base_link",
        "child_frame": "camera_optical",
        "stamp": {
          "sec": 1769608573,
          "nanosec": 697326901,
          "stamp_ns": 1769608573697326901
        },
        "R": [
          [
            0.999989660098,
            -0.002091116242,
            0.004038183958
          ],
          [
            -0.002066006093,
            -0.999978568804,
            -0.006212370874
          ],
          [
            0.004051088205,
            0.006203963726,
            -0.999972549382
          ]
        ],
        "t": [
          0.35252760033225844,
          0.2745286558116505,
          0.3039345033645646
        ]
      }
    }
  }
}