{
  "note": "Per-image joint positions and camera pose at capture time.",
  "prompt": "yellow object.",
  "created_at": "2026-01-28T14:44:52.326877",
  "joint_names": [
    "shoulder_lift_joint",
    "elbow_joint",
    "wrist_1_joint",
    "wrist_2_joint",
    "wrist_3_joint",
    "shoulder_pan_joint"
  ],
  "shots": {
    "image_1": {
      "image_file": "pose_1_image.png",
      "image_stamp_ns": 1769607905644809155,
      "joint_stamp_ns": 1769607905818437923,
      "position": [
        -1.1656273168376465,
        1.5677569548236292,
        -1.9728685818114222,
        -1.570810619984762,
        -0.9694297949420374,
        0.6013927459716797
      ],
      "camera_pose": {
        "parent_frame": "base_link",
        "child_frame": "camera_optical",
        "stamp": {
          "sec": 1769607905,
          "nanosec": 644809155,
          "stamp_ns": 1769607905644809155
        },
        "R": [
          [
            -0.002161884813,
            -0.999978308815,
            -0.006221587633
          ],
          [
            -0.999989637303,
            0.002186752139,
            -0.00399291902
          ],
          [
            0.004006437479,
            0.00621289093,
            -0.999972673849
          ]
        ],
        "t": [
          0.4424755444356527,
          0.524485681429295,
          0.3039493795536056
        ]
      }
    },
    "image_2": {
      "image_file": "pose_2_image.png",
      "image_stamp_ns": 1769607908444866173,
      "joint_stamp_ns": 1769607908718438242,
      "position": [
        -1.2197182935527344,
        1.6455438772784632,
        -1.9965702495970667,
        -1.5707905928241175,
        -1.2612088362323206,
        0.623736560344696
      ],
      "camera_pose": {
        "parent_frame": "base_link",
        "child_frame": "camera_optical",
        "stamp": {
          "sec": 1769607908,
          "nanosec": 444866173,
          "stamp_ns": 1769607908444866173
        },
        "R": [
          [
            0.307174943109,
            -0.95164110734,
            -0.004770445155
          ],
          [
            -0.951644256189,
            -0.307146673719,
            -0.005842130191
          ],
          [
            0.004094384882,
            0.00633432274,
            -0.999971555779
          ]
        ],
        "t": [
          0.3932849282983911,
          0.5167046930009804,
          0.3038620766471554
        ]
      }
    },
    "image_3": {
      "image_file": "pose_3_image.png",
      "image_stamp_ns": 1769607911444879874,
      "joint_stamp_ns": 1769607911568443539,
      "position": [
        -1.2836817365935822,
        1.7334936300860804,
        -2.0205403767027796,
        -1.5708487669574183,
        -1.5670669714557093,
        0.632070779800415
      ],
      "camera_pose": {
        "parent_frame": "base_link",
        "child_frame": "camera_optical",
        "stamp": {
          "sec": 1769607911,
          "nanosec": 444879874,
          "stamp_ns": 1769607911444879874
        },
        "R": [
          [
            0.586064839561,
            -0.810259339811,
            -0.002793936093
          ],
          [
            -0.810254248809,
            -0.58603713666,
            -0.006966113809
          ],
          [
            0.004007008469,
            0.006346392962,
            -0.999971833193
          ]
        ],
        "t": [
          0.3489524475188318,
          0.49409230481543165,
          0.30385336643439714
        ]
      }
    },
    "image_4": {
      "image_file": "pose_4_image.png",
      "image_stamp_ns": 1769607914244909570,
      "joint_stamp_ns": 1769607914468449485,
      "position": [
        -1.3527886283448716,
        1.8235610167132776,
        -2.041405817071432,
        -1.570817772542135,
        -1.8900511900531214,
        0.6232731342315674
      ],
      "camera_pose": {
        "parent_frame": "base_link",
        "child_frame": "camera_optical",
        "stamp": {
          "sec": 1769607914,
          "nanosec": 244909570,
          "stamp_ns": 1769607914244909570
        },
        "R": [
          [
            0.807895825465,
            -0.589325079837,
            -0.000534294573
          ],
          [
            -0.589311910463,
            -0.807870991282,
            -0.00747887898
          ],
          [
            0.003975849866,
            0.006357021262,
            -0.999971890054
          ]
        ],
        "t": [
          0.31366574085952886,
          0.4588741497741715,
          0.30386490524361803
        ]
      }
    },
    "image_5": {
      "image_file": "pose_5_image.png",
      "image_stamp_ns": 1769607917244937696,
      "joint_stamp_ns": 1769607917368453949,
      "position": [
        -1.42124359429393,
        1.9071815649615687,
        -2.0567146740355433,
        -1.5708335081683558,
        -2.2322638670550745,
        0.5952563881874084
      ],
      "camera_pose": {
        "parent_frame": "base_link",
        "child_frame": "camera_optical",
        "stamp": {
          "sec": 1769607917,
          "nanosec": 244937696,
          "stamp_ns": 1769607917244937696
        },
        "R": [
          [
            0.950414639995,
            -0.310979973412,
            0.001862315826
          ],
          [
            -0.310959840784,
            -0.950396029836,
            -0.007166860604
          ],
          [
            0.003998687687,
            0.006232383808,
            -0.999972583569
          ]
        ],
        "t": [
          0.29111447768598975,
          0.41451492898177966,
          0.3038921087755453
        ]
      }
    },
    "image_6": {
      "image_file": "pose_6_image.png",
      "image_stamp_ns": 1769607920044962571,
      "joint_stamp_ns": 1769607920268494782,
      "position": [
        -1.481612929408886,
        1.976434055958883,
        -2.065477033654684,
        -1.5707743803607386,
        -2.593454662953512,
        0.5482285022735596
      ],
      "camera_pose": {
        "parent_frame": "base_link",
        "child_frame": "camera_optical",
        "stamp": {
          "sec": 1769607920,
          "nanosec": 44962571,
          "stamp_ns": 1769607920044962571
        },
        "R": [
          [
            0.999990427479,
            -0.001945371555,
            0.003919244803
          ],
          [
            -0.00192075688,
            -0.999978470636,
            -0.006274468732
          ],
          [
            0.003931366597,
            0.006266880753,
            -0.999972634907
          ]
        ],
        "t": [
          0.28332812076381814,
          0.36530530218776613,
          0.30388420346454287
        ]
      }
    }
  }
}