[
  {
    "index": 0,
    "file": "pose_1_image.png",
    "cam_T_world": [
      [
        0.9999999815909182,
        0.0001230281039247504,
        5.7211599610909256e-05,
        -3.8149212835990114e-05
      ],
      [
        -0.00012301986390294675,
        0.999999979680752,
        -7.200944867871375e-05,
        -0.00010825128061036206
      ],
      [
        -5.7229315657787103e-05,
        7.199536970106249e-05,
        0.9999999915414722,
        0.0001935902747927514
      ],
      [
        0.0,
        0.0,
        0.0,
        1.0
      ]
    ],
    "K": [
      [
        469.72589111328125,
        0.0,
        259.0
      ],
      [
        0.0,
        469.72589111328125,
        259.0
      ],
      [
        0.0,
        0.0,
        1.0
      ]
    ],
    "image_size": [
      518,
      518
    ]
  },
  {
    "index": 1,
    "file": "pose_2_image.png",
    "cam_T_world": [
      [
        0.951185802752604,
        0.26501692211346,
        0.15929107219315494,
        -0.17400120668806474
      ],
      [
        -0.26610693889882253,
        0.9638483685899629,
        -0.0181956576455386,
        0.010799406288012854
      ],
      [
        -0.15746309362107758,
        -0.024742125766470186,
        0.9871914018136547,
        0.003991794823394893
      ],
      [
        0.0,
        0.0,
        0.0,
        1.0
      ]
    ],
    "K": [
      [
        474.0963134765625,
        0.0,
        259.0
      ],
      [
        0.0,
        476.3050537109375,
        259.0
      ],
      [
        0.0,
        0.0,
        1.0
      ]
    ],
    "image_size": [
      518,
      518
    ]
  },
  {
    "index": 2,
    "file": "pose_3_image.png",
    "cam_T_world": [
      [
        0.8099525938227549,
        0.5025297884828099,
        0.3029846322010074,
        -0.3394838109210539
      ],
      [
        -0.4989687748711634,
        0.8621083552832617,
        -0.09231472624982412,
        0.0800990354324864
      ],
      [
        -0.3081095961149372,
        -0.07626571449777249,
        0.9481867167499844,
        0.049056033054917327
      ],
      [
        0.0,
        0.0,
        0.0,
        1.0
      ]
    ],
    "K": [
      [
        469.72589111328125,
        0.0,
        259.0
      ],
      [
        0.0,
        474.0963134765625,
        259.0
      ],
      [
        0.0,
        0.0,
        1.0
      ]
    ],
    "image_size": [
      518,
      518
    ]
  },
  {
    "index": 3,
    "file": "pose_4_image.png",
    "cam_T_world": [
      [
        0.5893259436073056,
        0.689947401545433,
        0.4235866034812158,
        -0.4792248208040385
      ],
      [
        -0.6899474015454331,
        0.7011932850583733,
        -0.18322728438759775,
        0.17526011896696708
      ],
      [
        -0.4235866034812157,
        -0.1832272843875978,
        0.8876427162306737,
        0.11148384502695888
      ],
      [
        0.0,
        0.0,
        0.0,
        1.0
      ]
    ],
    "K": [
      [
        476.3050537109375,
        0.0,
        259.0
      ],
      [
        0.0,
        478.5296936035156,
        259.0
      ],
      [
        0.0,
        0.0,
        1.0
      ]
    ],
    "image_size": [
      518,
      518
    ]
  },
  {
    "index": 4,
    "file": "pose_5_image.png",
    "cam_T_world": [
      [
        0.30982019569086394,
        0.8192457903231728,
        0.4814337561917457,
        -0.5378647977925538
      ],
      [
        -0.8142731620030691,
        0.48724162111980435,
        -0.30574614234975966,
        0.2974667907735503
      ],
      [
        -0.4859325093371218,
        -0.30011736830359115,
        0.8215691960863588,
        0.2083035738397228
      ],
      [
        0.0,
        0.0,
        0.0,
        1.0
      ]
    ],
    "K": [
      [
        465.41693115234375,
        0.0,
        259.0
      ],
      [
        0.0,
        465.41693115234375,
        259.0
      ],
      [
        0.0,
        0.0,
        1.0
      ]
    ],
    "image_size": [
      518,
      518
    ]
  },
  {
    "index": 5,
    "file": "pose_6_image.png",
    "cam_T_world": [
      [
        0.01126903115770492,
        0.8671378055680401,
        0.49868394369575664,
        -0.560861608892092
      ],
      [
        -0.8591421415964449,
        0.2661228873704494,
        -0.4393371568163834,
        0.4335448508871692
      ],
      [
        -0.5119657682674665,
        -0.4233374573375083,
        0.7468605184951286,
        0.30404077154500875
      ],
      [
        0.0,
        0.0,
        0.0,
        1.0
      ]
    ],
    "K": [
      [
        452.84503173828125,
        0.0,
        259.0
      ],
      [
        0.0,
        456.9778747558594,
        259.0
      ],
      [
        0.0,
        0.0,
        1.0
      ]
    ],
    "image_size": [
      518,
      518
    ]
  }
]