{
  "note": "Per-image joint positions and camera pose at capture time.",
  "prompt": "red object .",
  "created_at": "2026-01-22T13:51:47.260483",
  "joint_names": [
    "shoulder_lift_joint",
    "elbow_joint",
    "wrist_1_joint",
    "wrist_2_joint",
    "wrist_3_joint",
    "shoulder_pan_joint"
  ],
  "shots": {
    "image_1": {
      "image_file": "pose_1_image.png",
      "image_stamp_ns": 1769086326868285227,
      "joint_stamp_ns": 1769086327043616692,
      "position": [
        -1.1325833362391968,
        1.5187152067767542,
        -1.957010885278219,
        -1.5708487669574183,
        -0.9628785292254847,
        0.607909619808197
      ],
      "camera_pose": {
        "parent_frame": "base_link",
        "child_frame": "camera_optical",
        "stamp": {
          "sec": 1769086326,
          "nanosec": 868285227,
          "stamp_ns": 1769086326868285227
        },
        "R": [
          [
            -0.002185568872,
            -0.999978745869,
            -0.006142564572
          ],
          [
            -0.999989696006,
            0.002209950739,
            -0.003965349762
          ],
          [
            0.003978840247,
            0.006133834734,
            -0.999973272094
          ]
        ],
        "t": [
          0.45197255788410107,
          0.536045118978441,
          0.30397141552777623
        ]
      }
    },
    "image_2": {
      "image_file": "pose_2_image.png",
      "image_stamp_ns": 1769086331268298446,
      "joint_stamp_ns": 1769086331443613292,
      "position": [
        -1.186797098522522,
        1.5986130873309534,
        -1.9825555286803187,
        -1.570763889943258,
        -1.2549551169024866,
        0.6300145387649536
      ],
      "camera_pose": {
        "parent_frame": "base_link",
        "child_frame": "camera_optical",
        "stamp": {
          "sec": 1769086331,
          "nanosec": 268298446,
          "stamp_ns": 1769086331268298446
        },
        "R": [
          [
            0.306970737913,
            -0.951706850101,
            -0.004799743249
          ],
          [
            -0.951710320503,
            -0.306942569177,
            -0.005807329442
          ],
          [
            0.004053629687,
            0.00635064539,
            -0.999971618292
          ]
        ],
        "t": [
          0.40282651804077396,
          0.528273187246756,
          0.30382101010023765
        ]
      }
    },
    "image_3": {
      "image_file": "pose_3_image.png",
      "image_stamp_ns": 1769086335668379790,
      "joint_stamp_ns": 1769086335843613836,
      "position": [
        -1.2508239311030884,
        1.688779656087057,
        -2.0087558231749476,
        -1.5708139578448694,
        -1.5607131163226526,
        0.6384362578392029
      ],
      "camera_pose": {
        "parent_frame": "base_link",
        "child_frame": "camera_optical",
        "stamp": {
          "sec": 1769086335,
          "nanosec": 668379790,
          "stamp_ns": 1769086335668379790
        },
        "R": [
          [
            0.586036495044,
            -0.810279899784,
            -0.002776775519
          ],
          [
            -0.81027469419,
            -0.586008853554,
            -0.006967317354
          ],
          [
            0.004018262169,
            0.006333053176,
            -0.999971872608
          ]
        ],
        "t": [
          0.3584499588598028,
          0.5056684214286765,
          0.30384737971657855
        ]
      }
    },
    "image_4": {
      "image_file": "pose_4_image.png",
      "image_stamp_ns": 1769086340068350157,
      "joint_stamp_ns": 1769086340193616218,
      "position": [
        -1.3195747894099732,
        1.780893627797262,
        -2.0320807896056117,
        -1.5707953611956995,
        -1.8830865065204065,
        0.6302182674407959
      ],
      "camera_pose": {
        "parent_frame": "base_link",
        "child_frame": "camera_optical",
        "stamp": {
          "sec": 1769086340,
          "nanosec": 68350157,
          "stamp_ns": 1769086340068350157
        },
        "R": [
          [
            0.807793361724,
            -0.589465578404,
            -0.000465437815
          ],
          [
            -0.589452163324,
            -0.807769110958,
            -0.007430379175
          ],
          [
            0.004003986469,
            0.0062765643,
            -0.999972286032
          ]
        ],
        "t": [
          0.32318499185043653,
          0.47047544108754347,
          0.3038789504033409
        ]
      }
    },
    "image_5": {
      "image_file": "pose_5_image.png",
      "image_stamp_ns": 1769086344468400719,
      "joint_stamp_ns": 1769086344593610930,
      "position": [
        -1.3874110740474244,
        1.8664749304400843,
        -2.049830575982565,
        -1.570817772542135,
        -2.2240989843951624,
        0.6033684611320496
      ],
      "camera_pose": {
        "parent_frame": "base_link",
        "child_frame": "camera_optical",
        "stamp": {
          "sec": 1769086344,
          "nanosec": 468400719,
          "stamp_ns": 1769086344468400719
        },
        "R": [
          [
            0.950429239227,
            -0.310935330385,
            0.001865888785
          ],
          [
            -0.310915025053,
            -0.950410406467,
            -0.007204614927
          ],
          [
            0.004013529442,
            0.006267343826,
            -0.999972305608
          ]
        ],
        "t": [
          0.30056875301031255,
          0.42611648538130315,
          0.30388022439377776
        ]
      }
    },
    "image_6": {
      "image_file": "pose_6_image.png",
      "image_stamp_ns": 1769086348668380790,
      "joint_stamp_ns": 1769086348943614560,
      "position": [
        -1.447019950752594,
        1.9372628370868128,
        -2.0610114536681117,
        -1.5708330313311976,
        -2.583513323460714,
        0.5581048130989075
      ],
      "camera_pose": {
        "parent_frame": "base_link",
        "child_frame": "camera_optical",
        "stamp": {
          "sec": 1769086348,
          "nanosec": 668380790,
          "stamp_ns": 1769086348668380790
        },
        "R": [
          [
            0.999989909917,
            -0.001944146063,
            0.004049735731
          ],
          [
            -0.001918954237,
            -0.999978844012,
            -0.006215234723
          ],
          [
            0.004061733379,
            0.006207400753,
            -0.99997248487
          ]
        ],
        "t": [
          0.2928015888454333,
          0.3768707146018662,
          0.30393652996376086
        ]
      }
    },
    "image_7": {
      "image_file": "pose_7_image.png",
      "image_stamp_ns": 1769086353068435530,
      "joint_stamp_ns": 1769086353293613604,
      "position": [
        -1.4903431621244927,
        1.9859989325152796,
        -2.066434522668356,
        -1.5707829634295862,
        -2.9573856035815638,
        0.4984355568885803
      ],
      "camera_pose": {
        "parent_frame": "base_link",
        "child_frame": "camera_optical",
        "stamp": {
          "sec": 1769086353,
          "nanosec": 68435530,
          "stamp_ns": 1769086353068435530
        },
        "R": [
          [
            0.951661968296,
            0.307095604994,
            0.005638039735
          ],
          [
            0.307122342962,
            -0.951658396549,
            -0.004707731014
          ],
          [
            0.00391976435,
            0.006211736536,
            -0.999973024524
          ]
        ],
        "t": [
          0.3005989616534631,
          0.3277149105850584,
          0.3038792803795414
        ]
      }
    },
    "image_8": {
      "image_file": "pose_8_image.png",
      "image_stamp_ns": 1769086357468425472,
      "joint_stamp_ns": 1769086357693614597,
      "position": [
        -1.5098991219750424,
        2.0072487036334437,
        -2.068151136437887,
        -1.5707710425006312,
        -3.3374672571765345,
        0.4324605464935303
      ],
      "camera_pose": {
        "parent_frame": "base_link",
        "child_frame": "camera_optical",
        "stamp": {
          "sec": 1769086357,
          "nanosec": 468425472,
          "stamp_ns": 1769086357468425472
        },
        "R": [
          [
            0.810214460562,
            0.586093509642,
            0.006850244592
          ],
          [
            0.58612014866,
            -0.810219618588,
            -0.002709426135
          ],
          [
            0.003962225488,
            0.006210282613,
            -0.999972866211
          ]
        ],
        "t": [
          0.3232282527238539,
          0.2833173563987041,
          0.30390214406800753
        ]
      }
    },
    "image_9": {
      "image_file": "pose_9_image.png",
      "image_stamp_ns": 1769086361868456269,
      "joint_stamp_ns": 1769086362043614497,
      "position": [
        -1.5019816321185608,
        1.9986627737628382,
        -2.067495962182516,
        -1.5708335081683558,
        -3.7131131331073206,
        0.3710051476955414
      ],
      "camera_pose": {
        "parent_frame": "base_link",
        "child_frame": "camera_optical",
        "stamp": {
          "sec": 1769086361,
          "nanosec": 868456269,
          "stamp_ns": 1769086361868456269
        },
        "R": [
          [
            0.589468397511,
            0.807757481834,
            0.007406677788
          ],
          [
            0.807781395593,
            -0.589482011426,
            -0.000418495868
          ],
          [
            0.004028060152,
            0.006229666609,
            -0.999972482614
          ]
        ],
        "t": [
          0.3583927618936069,
          0.2480954169862429,
          0.30392505276280884
        ]
      }
    },
    "image_10": {
      "image_file": "pose_10_image.png",
      "image_stamp_ns": 1769086366268441638,
      "joint_stamp_ns": 1769086366443613888,
      "position": [
        -1.4680134815028687,
        1.961160961781637,
        -2.0638791523375453,
        -1.5708139578448694,
        -4.074726168309347,
        0.3235926330089569
      ],
      "camera_pose": {
        "parent_frame": "base_link",
        "child_frame": "camera_optical",
        "stamp": {
          "sec": 1769086366,
          "nanosec": 268441638,
          "stamp_ns": 1769086366268441638
        },
        "R": [
          [
            0.310923521861,
            0.950407939835,
            0.007163201204
          ],
          [
            0.950426332391,
            -0.310943941787,
            0.001910958645
          ],
          [
            0.004043544287,
            0.006213933057,
            -0.999972518015
          ]
        ],
        "t": [
          0.4027068430254839,
          0.22551127433143164,
          0.30392465784528117
        ]
      }
    }
  }
}