{
  "note": "Per-image joint positions and camera pose at capture time.",
  "prompt": "blue object.",
  "created_at": "2026-01-28T15:56:15.870218",
  "joint_names": [
    "shoulder_lift_joint",
    "elbow_joint",
    "wrist_1_joint",
    "wrist_2_joint",
    "wrist_3_joint",
    "shoulder_pan_joint"
  ],
  "shots": {
    "image_1": {
      "image_file": "pose_1_image.png",
      "image_stamp_ns": 1769612189124871598,
      "joint_stamp_ns": 1769612189318492181,
      "position": [
        -1.1186081928065796,
        1.4977763334857386,
        -1.949972768823141,
        -1.5707972685443323,
        -0.6008856932269495,
        0.9699567556381226
      ],
      "camera_pose": {
        "parent_frame": "base_link",
        "child_frame": "camera_optical",
        "stamp": {
          "sec": 1769612189,
          "nanosec": 124871598,
          "stamp_ns": 1769612189124871598
        },
        "R": [
          [
            -0.002120952176,
            -0.999978333625,
            -0.006231680521
          ],
          [
            -0.999989703697,
            0.002145893923,
            -0.00399845454
          ],
          [
            0.004011740434,
            0.006223135827,
            -0.999972588884
          ]
        ],
        "t": [
          0.25735709391562284,
          0.6704865172313009,
          0.3039392498579448
        ]
      }
    },
    "image_2": {
      "image_file": "pose_2_image.png",
      "image_stamp_ns": 1769612191924908518,
      "joint_stamp_ns": 1769612192168436848,
      "position": [
        -1.15406488001857,
        1.5508063475238245,
        -1.967466493646139,
        -1.5707586447345179,
        -0.87903339067568,
        1.00590980052948
      ],
      "camera_pose": {
        "parent_frame": "base_link",
        "child_frame": "camera_optical",
        "stamp": {
          "sec": 1769612191,
          "nanosec": 924908518,
          "stamp_ns": 1769612191924908518
        },
        "R": [
          [
            0.307236143215,
            -0.951621530261,
            -0.004734495269
          ],
          [
            -0.951624640136,
            -0.307208308574,
            -0.005796501492
          ],
          [
            0.004061599337,
            0.006286357119,
            -0.99997199217
          ]
        ],
        "t": [
          0.20819523203497645,
          0.6626951509140104,
          0.30388184692457104
        ]
      }
    },
    "image_3": {
      "image_file": "pose_3_image.png",
      "image_stamp_ns": 1769612194924920292,
      "joint_stamp_ns": 1769612195068437138,
      "position": [
        -1.204200730924942,
        1.623634163533346,
        -1.9900809727110804,
        -1.5707867781268519,
        -1.1669748465167444,
        1.0321379899978638
      ],
      "camera_pose": {
        "parent_frame": "base_link",
        "child_frame": "camera_optical",
        "stamp": {
          "sec": 1769612194,
          "nanosec": 924920292,
          "stamp_ns": 1769612194924920292
        },
        "R": [
          [
            0.586069502065,
            -0.810256073835,
            -0.002762890248
          ],
          [
            -0.810250598494,
            -0.586041629543,
            -0.007012565995
          ],
          [
            0.004062805488,
            0.006348484538,
            -0.999971594774
          ]
        ],
        "t": [
          0.16383653481482824,
          0.6400803501844595,
          0.30385118145801415
        ]
      }
    },
    "image_4": {
      "image_file": "pose_4_image.png",
      "image_stamp_ns": 1769612197724932765,
      "joint_stamp_ns": 1769612197918482768,
      "position": [
        -1.2654701334289093,
        1.7088888327227991,
        -2.0141669712462367,
        -1.5708025137530726,
        -1.468013111745016,
        1.045288324356079
      ],
      "camera_pose": {
        "parent_frame": "base_link",
        "child_frame": "camera_optical",
        "stamp": {
          "sec": 1769612197,
          "nanosec": 724932765,
          "stamp_ns": 1769612197724932765
        },
        "R": [
          [
            0.807747948134,
            -0.589527789923,
            -0.000487024963
          ],
          [
            -0.58951454978,
            -0.807723677108,
            -0.007420042888
          ],
          [
            0.003980939891,
            0.00628063272,
            -0.999972352503
          ]
        ],
        "t": [
          0.1286526780400061,
          0.6048816257803519,
          0.3038780609983148
        ]
      }
    },
    "image_5": {
      "image_file": "pose_5_image.png",
      "image_stamp_ns": 1769612200724924812,
      "joint_stamp_ns": 1769612200818480842,
      "position": [
        -1.33354805529628,
        1.7990177313434046,
        -2.0361935100951136,
        -1.5708096663104456,
        -1.785243336354391,
        1.042240023612976
      ],
      "camera_pose": {
        "parent_frame": "base_link",
        "child_frame": "camera_optical",
        "stamp": {
          "sec": 1769612200,
          "nanosec": 724924812,
          "stamp_ns": 1769612200724924812
        },
        "R": [
          [
            0.950396562405,
            -0.311035296169,
            0.001848974279
          ],
          [
            -0.311015074189,
            -0.950377631516,
            -0.007209794757
          ],
          [
            0.003999724444,
            0.00627710528,
            -0.999972299693
          ]
        ],
        "t": [
          0.10599910261706036,
          0.5604967150754605,
          0.30388378804235955
        ]
      }
    },
    "image_6": {
      "image_file": "pose_6_image.png",
      "image_stamp_ns": 1769612203524978948,
      "joint_stamp_ns": 1769612203668484795,
      "position": [
        -1.4030153316310425,
        1.885454003010885,
        -2.053176542321676,
        -1.5708068052874964,
        -2.1212881247149866,
        1.020396113395691
      ],
      "camera_pose": {
        "parent_frame": "base_link",
        "child_frame": "camera_optical",
        "stamp": {
          "sec": 1769612203,
          "nanosec": 524978948,
          "stamp_ns": 1769612203524978948
        },
        "R": [
          [
            0.999990024265,
            -0.002031330726,
            0.003978073078
          ],
          [
            -0.002006158114,
            -0.999978005854,
            -0.006321640456
          ],
          [
            0.003990826926,
            0.00631359675,
            -0.999972105509
          ]
        ],
        "t": [
          0.09818041581816789,
          0.5113014688099368,
          0.30387692148181866
        ]
      }
    }
  }
}