[
  {
    "index": 0,
    "file": "pose_1_image.png",
    "cam_T_world": [
      [
        0.9999999902174765,
        0.0001755037976800361,
        0.00019643213598512986,
        -3.145833284965435e-05
      ],
      [
        -0.00017544834033274807,
        0.9999999492865783,
        -0.0001411782597089025,
        -0.00016977919561480864
      ],
      [
        -0.00019648167070309582,
        0.0001411093127365985,
        0.9999999414831139,
        0.00021741996106683354
      ],
      [
        0.0,
        0.0,
        0.0,
        1.0
      ]
    ],
    "K": [
      [
        469.72589111328125,
        0.0,
        259.0
      ],
      [
        0.0,
        469.72589111328125,
        259.0
      ],
      [
        0.0,
        0.0,
        1.0
      ]
    ],
    "image_size": [
      518,
      518
    ]
  },
  {
    "index": 1,
    "file": "pose_2_image.png",
    "cam_T_world": [
      [
        0.9528393073377722,
        0.2609762400460789,
        0.1545641545680086,
        -0.168969108533886
      ],
      [
        -0.26244776532610614,
        0.9649900424446655,
        -0.015927321995751063,
        0.01013768405509094
      ],
      [
        -0.1540212174156716,
        -0.02527575277398309,
        0.9878048677470078,
        -0.009859967449754295
      ],
      [
        0.0,
        0.0,
        0.0,
        1.0
      ]
    ],
    "K": [
      [
        478.5296936035156,
        0.0,
        259.0
      ],
      [
        0.0,
        478.5296936035156,
        259.0
      ],
      [
        0.0,
        0.0,
        1.0
      ]
    ],
    "image_size": [
      518,
      518
    ]
  },
  {
    "index": 2,
    "file": "pose_3_image.png",
    "cam_T_world": [
      [
        0.8105303605175957,
        0.5021274744730475,
        0.30104120620276653,
        -0.33376819813755493
      ],
      [
        -0.5012405479822032,
        0.8611483857532366,
        -0.08463757726321902,
        0.07266045166582392
      ],
      [
        -0.30251557755089803,
        -0.08225431995920093,
        0.9496230872341479,
        0.03082811219422686
      ],
      [
        0.0,
        0.0,
        0.0,
        1.0
      ]
    ],
    "K": [
      [
        478.5296936035156,
        0.0,
        259.0
      ],
      [
        0.0,
        478.5296936035156,
        259.0
      ],
      [
        0.0,
        0.0,
        1.0
      ]
    ],
    "image_size": [
      518,
      518
    ]
  },
  {
    "index": 3,
    "file": "pose_4_image.png",
    "cam_T_world": [
      [
        0.5942864656547722,
        0.6963374177165172,
        0.40259547531825973,
        -0.44832915709707155
      ],
      [
        -0.6956165732644572,
        0.6972101041978267,
        -0.18681659215166488,
        0.17474185299121736
      ],
      [
        -0.40943138861976475,
        -0.16885663266312295,
        0.8959174177013403,
        0.09212286350711105
      ],
      [
        0.0,
        0.0,
        0.0,
        1.0
      ]
    ],
    "K": [
      [
        478.5296936035156,
        0.0,
        259.0
      ],
      [
        0.0,
        480.7704772949219,
        259.0
      ],
      [
        0.0,
        0.0,
        1.0
      ]
    ],
    "image_size": [
      518,
      518
    ]
  },
  {
    "index": 4,
    "file": "pose_5_image.png",
    "cam_T_world": [
      [
        0.32129684962114075,
        0.8218664573973083,
        0.465869783354349,
        -0.5344280763268847
      ],
      [
        -0.815685548071611,
        0.490984656244938,
        -0.3028688935135778,
        0.30604055805772484
      ],
      [
        -0.47842437753881345,
        -0.28326608838873013,
        0.8309973960177772,
        0.1526036733386076
      ],
      [
        0.0,
        0.0,
        0.0,
        1.0
      ]
    ],
    "K": [
      [
        480.7704772949219,
        0.0,
        259.0
      ],
      [
        0.0,
        485.3011169433594,
        259.0
      ],
      [
        0.0,
        0.0,
        1.0
      ]
    ],
    "image_size": [
      518,
      518
    ]
  },
  {
    "index": 5,
    "file": "pose_6_image.png",
    "cam_T_world": [
      [
        0.012411380085214082,
        0.8745844840207373,
        0.4773104520170926,
        -0.5514775491216393
      ],
      [
        -0.8580071359305903,
        0.2536065165430553,
        -0.44625791597316294,
        0.454378171731805
      ],
      [
        -0.5122887744339891,
        -0.40359730596123905,
        0.7571517835580862,
        0.2466555414768777
      ],
      [
        0.0,
        0.0,
        0.0,
        1.0
      ]
    ],
    "K": [
      [
        469.72589111328125,
        0.0,
        259.0
      ],
      [
        0.0,
        469.72589111328125,
        259.0
      ],
      [
        0.0,
        0.0,
        1.0
      ]
    ],
    "image_size": [
      518,
      518
    ]
  }
]