[
  {
    "index": 0,
    "file": "pose_1_image.png",
    "cam_T_world": [
      [
        0.9999999811507226,
        0.00013160888007079214,
        3.909449614720932e-05,
        -2.956751612721281e-05
      ],
      [
        -0.0001316052257211573,
        0.9999999804958866,
        -4.67351864419489e-05,
        -0.00012208130578398487
      ],
      [
        -3.910679615329739e-05,
        4.67248946001201e-05,
        0.9999999962874426,
        0.00031852267292421126
      ],
      [
        0.0,
        0.0,
        0.0,
        1.0
      ]
    ],
    "K": [
      [
        469.72589111328125,
        0.0,
        259.0
      ],
      [
        0.0,
        469.72589111328125,
        259.0
      ],
      [
        0.0,
        0.0,
        1.0
      ]
    ],
    "image_size": [
      518,
      518
    ]
  },
  {
    "index": 1,
    "file": "pose_2_image.png",
    "cam_T_world": [
      [
        0.9503608149670272,
        0.26763582021366816,
        0.15616076937722448,
        -0.17245441323285
      ],
      [
        -0.2709107134703599,
        0.9626262542016033,
        -0.011165410800219221,
        0.004443740212832622
      ],
      [
        -0.15241077007119777,
        -0.03161061760123066,
        0.9876992174524545,
        -0.01361195333551866
      ],
      [
        0.0,
        0.0,
        0.0,
        1.0
      ]
    ],
    "K": [
      [
        478.5296936035156,
        0.0,
        259.0
      ],
      [
        0.0,
        480.7704772949219,
        259.0
      ],
      [
        0.0,
        0.0,
        1.0
      ]
    ],
    "image_size": [
      518,
      518
    ]
  },
  {
    "index": 2,
    "file": "pose_3_image.png",
    "cam_T_world": [
      [
        0.8115092340951213,
        0.50580060946361,
        0.29228462855431087,
        -0.33287995991971064
      ],
      [
        -0.50580060946361,
        0.8587156630098453,
        -0.08131275089858202,
        0.0702596980056137
      ],
      [
        -0.2922846285543108,
        -0.081312750898582,
        0.9530387836278859,
        0.01636383676388305
      ],
      [
        0.0,
        0.0,
        0.0,
        1.0
      ]
    ],
    "K": [
      [
        480.7704772949219,
        0.0,
        259.0
      ],
      [
        0.0,
        483.0275573730469,
        259.0
      ],
      [
        0.0,
        0.0,
        1.0
      ]
    ],
    "image_size": [
      518,
      518
    ]
  },
  {
    "index": 3,
    "file": "pose_4_image.png",
    "cam_T_world": [
      [
        0.5848980485793381,
        0.7062210554379751,
        0.4017379635790655,
        -0.46348156325225
      ],
      [
        -0.6990705429778309,
        0.6887301306676124,
        -0.1950466316366493,
        0.1884108048394279
      ],
      [
        -0.4157653518194287,
        -0.16628360079576965,
        0.8946443765036071,
        0.07801916334751026
      ],
      [
        0.0,
        0.0,
        0.0,
        1.0
      ]
    ],
    "K": [
      [
        485.3011169433594,
        0.0,
        259.0
      ],
      [
        0.0,
        485.3011169433594,
        259.0
      ],
      [
        0.0,
        0.0,
        1.0
      ]
    ],
    "image_size": [
      518,
      518
    ]
  },
  {
    "index": 4,
    "file": "pose_5_image.png",
    "cam_T_world": [
      [
        0.30890266471186895,
        0.8271992298452889,
        0.4657506744275002,
        -0.5431431918955645
      ],
      [
        -0.8162570724822701,
        0.4841398053142273,
        -0.31869199965970296,
        0.32224167387125313
      ],
      [
        -0.48807276956644546,
        -0.28096228840108955,
        0.8257031393112689,
        0.16435910727359695
      ],
      [
        0.0,
        0.0,
        0.0,
        1.0
      ]
    ],
    "K": [
      [
        474.0963134765625,
        0.0,
        259.0
      ],
      [
        0.0,
        476.3050537109375,
        259.0
      ],
      [
        0.0,
        0.0,
        1.0
      ]
    ],
    "image_size": [
      518,
      518
    ]
  },
  {
    "index": 5,
    "file": "pose_6_image.png",
    "cam_T_world": [
      [
        0.01155715077796374,
        0.871477695960575,
        0.4922524550456631,
        -0.5716835969009123
      ],
      [
        -0.8546499959425606,
        0.26592903840071597,
        -0.4480465114862396,
        0.45408571451994606
      ],
      [
        -0.5182860415632977,
        -0.4143674184534068,
        0.7465454882730583,
        0.27628530778702026
      ],
      [
        0.0,
        0.0,
        0.0,
        1.0
      ]
    ],
    "K": [
      [
        456.9778747558594,
        0.0,
        259.0
      ],
      [
        0.0,
        461.1679992675781,
        259.0
      ],
      [
        0.0,
        0.0,
        1.0
      ]
    ],
    "image_size": [
      518,
      518
    ]
  }
]