[
  {
    "index": 0,
    "file": "pose_1_image.png",
    "cam_T_world": [
      [
        0.9999998941218582,
        0.0004005415340822958,
        -7.105808771101327e-05,
        -3.204411105951569e-05
      ],
      [
        -0.0004005448541925492,
        0.9999998986238567,
        -2.333656017746653e-05,
        -0.00019168204207789438
      ],
      [
        7.103937031092713e-05,
        2.3393476353238702e-05,
        0.9999999944061535,
        0.0002708367505108787
      ],
      [
        0.0,
        0.0,
        0.0,
        1.0
      ]
    ],
    "K": [
      [
        456.9778747558594,
        0.0,
        259.0
      ],
      [
        0.0,
        456.9778747558594,
        259.0
      ],
      [
        0.0,
        0.0,
        1.0
      ]
    ],
    "image_size": [
      518,
      518
    ]
  },
  {
    "index": 1,
    "file": "pose_2_image.png",
    "cam_T_world": [
      [
        0.9502609544614314,
        0.27523233305424627,
        0.14540649498049976,
        -0.15454649795132916
      ],
      [
        -0.2751965809304036,
        0.9611467671263988,
        -0.020775593517540488,
        0.01387501216766092
      ],
      [
        -0.1454741341331219,
        -0.020542057253883916,
        0.9891141920825288,
        0.004631348321009093
      ],
      [
        0.0,
        0.0,
        0.0,
        1.0
      ]
    ],
    "K": [
      [
        461.1679992675781,
        0.0,
        259.0
      ],
      [
        0.0,
        461.1679992675781,
        259.0
      ],
      [
        0.0,
        0.0,
        1.0
      ]
    ],
    "image_size": [
      518,
      518
    ]
  },
  {
    "index": 2,
    "file": "pose_3_image.png",
    "cam_T_world": [
      [
        0.8083243275657558,
        0.5194530513460766,
        0.2810329598183578,
        -0.30945846080685185
      ],
      [
        -0.5141372486885821,
        0.8523464769931509,
        -0.089135958749896,
        0.0753610899912298
      ],
      [
        -0.2867953116389266,
        -0.07288870704533983,
        0.9555745984032012,
        0.04212706297284436
      ],
      [
        0.0,
        0.0,
        0.0,
        1.0
      ]
    ],
    "K": [
      [
        456.9778747558594,
        0.0,
        259.0
      ],
      [
        0.0,
        461.1679992675781,
        259.0
      ],
      [
        0.0,
        0.0,
        1.0
      ]
    ],
    "image_size": [
      518,
      518
    ]
  },
  {
    "index": 3,
    "file": "pose_4_image.png",
    "cam_T_world": [
      [
        0.5823680559908416,
        0.7348542472867419,
        0.3486817147239937,
        -0.3851484926251198
      ],
      [
        -0.7148793498863084,
        0.6679794763799938,
        -0.21657935258532726,
        0.19037986086470154
      ],
      [
        -0.3907830514304663,
        -0.12266042449025824,
        0.9123400234782103,
        0.09491087867999583
      ],
      [
        0.0,
        0.0,
        0.0,
        1.0
      ]
    ],
    "K": [
      [
        448.7682800292969,
        0.0,
        259.0
      ],
      [
        0.0,
        452.84503173828125,
        259.0
      ],
      [
        0.0,
        0.0,
        1.0
      ]
    ],
    "image_size": [
      518,
      518
    ]
  },
  {
    "index": 4,
    "file": "pose_5_image.png",
    "cam_T_world": [
      [
        0.2916807701327799,
        0.8608427450102469,
        0.4120239942924151,
        -0.4572806202695079
      ],
      [
        -0.8358904115518656,
        0.4381580652160596,
        -0.33021880004686094,
        0.3070754732611837
      ],
      [
        -0.4661024657707376,
        -0.24603545462240273,
        0.8481978722083109,
        0.16145002506452602
      ],
      [
        0.0,
        0.0,
        0.0,
        1.0
      ]
    ],
    "K": [
      [
        448.7682800292969,
        0.0,
        259.0
      ],
      [
        0.0,
        452.84503173828125,
        259.0
      ],
      [
        0.0,
        0.0,
        1.0
      ]
    ],
    "image_size": [
      518,
      518
    ]
  },
  {
    "index": 5,
    "file": "pose_6_image.png",
    "cam_T_world": [
      [
        -0.015955684219909887,
        0.9025903940936106,
        0.42103348828656567,
        -0.47091431831668035
      ],
      [
        -0.8682973141158836,
        0.192926896002428,
        -0.4550113642334888,
        0.428976988227501
      ],
      [
        -0.4929411359612134,
        -0.3760716690690229,
        0.7848223886068969,
        0.24314815528448389
      ],
      [
        0.0,
        0.0,
        0.0,
        1.0
      ]
    ],
    "K": [
      [
        444.746337890625,
        0.0,
        259.0
      ],
      [
        0.0,
        448.7682800292969,
        259.0
      ],
      [
        0.0,
        0.0,
        1.0
      ]
    ],
    "image_size": [
      518,
      518
    ]
  },
  {
    "index": 6,
    "file": "pose_7_image.png",
    "cam_T_world": [
      [
        -0.3105081138853946,
        0.8607186944684638,
        0.41192909784561677,
        -0.47340743001818153
      ],
      [
        -0.8226499726821512,
        -0.029894587186059144,
        -0.5702758306104942,
        0.5656568914814144
      ],
      [
        -0.4767635625741396,
        -0.517632182948287,
        0.7132012822744933,
        0.3052606790011139
      ],
      [
        0.0,
        0.0,
        0.0,
        1.0
      ]
    ],
    "K": [
      [
        448.7682800292969,
        0.0,
        259.0
      ],
      [
        0.0,
        452.84503173828125,
        259.0
      ],
      [
        0.0,
        0.0,
        1.0
      ]
    ],
    "image_size": [
      518,
      518
    ]
  },
  {
    "index": 7,
    "file": "pose_8_image.png",
    "cam_T_world": [
      [
        -0.5780172348359205,
        0.7352765540549185,
        0.34910890334811945,
        -0.4158150774807238
      ],
      [
        -0.6905753758586094,
        -0.22549105290320087,
        -0.6824048367842559,
        0.7003277445965962
      ],
      [
        -0.4258591116294889,
        -0.6387194273439951,
        0.6406151499243757,
        0.37686937437030144
      ],
      [
        0.0,
        0.0,
        0.0,
        1.0
      ]
    ],
    "K": [
      [
        456.9778747558594,
        0.0,
        259.0
      ],
      [
        0.0,
        456.9778747558594,
        259.0
      ],
      [
        0.0,
        0.0,
        1.0
      ]
    ],
    "image_size": [
      518,
      518
    ]
  }
]