[
  {
    "index": 0,
    "file": "pose_1_image.png",
    "cam_T_world": [
      [
        0.9999999628016683,
        0.00013731837628956067,
        0.00013543261732394115,
        9.340531475773153e-06
      ],
      [
        -0.00013733981489773904,
        0.99999997487521,
        7.913636747448629e-05,
        -0.00015159866001227004
      ],
      [
        -0.0001354108767635349,
        -7.917356216819337e-05,
        0.9999999753954408,
        0.000465403801282226
      ],
      [
        0.0,
        0.0,
        0.0,
        1.0
      ]
    ],
    "K": [
      [
        444.746337890625,
        0.0,
        259.0
      ],
      [
        0.0,
        444.746337890625,
        259.0
      ],
      [
        0.0,
        0.0,
        1.0
      ]
    ],
    "image_size": [
      518,
      518
    ]
  },
  {
    "index": 1,
    "file": "pose_2_image.png",
    "cam_T_world": [
      [
        0.9509343499250019,
        0.2687680714135299,
        0.15293510956819023,
        -0.17009083525902924
      ],
      [
        -0.2660322875796165,
        0.9632352498051612,
        -0.029861425623617002,
        0.019476704509128515
      ],
      [
        -0.15570892515180892,
        -0.012733989904403298,
        0.9877302119365856,
        -0.00018336098990599255
      ],
      [
        0.0,
        0.0,
        0.0,
        1.0
      ]
    ],
    "K": [
      [
        444.746337890625,
        0.0,
        259.0
      ],
      [
        0.0,
        448.7682800292969,
        259.0
      ],
      [
        0.0,
        0.0,
        1.0
      ]
    ],
    "image_size": [
      518,
      518
    ]
  },
  {
    "index": 2,
    "file": "pose_3_image.png",
    "cam_T_world": [
      [
        0.809527844154601,
        0.5059225013063732,
        0.2958006343958454,
        -0.33560327982737503
      ],
      [
        -0.5044976251462951,
        0.8586310783343223,
        -0.09787196553723512,
        0.08410122303385167
      ],
      [
        -0.30357647485638267,
        -0.069389459063032,
        0.9502202973619268,
        0.028256031693105102
      ],
      [
        0.0,
        0.0,
        0.0,
        1.0
      ]
    ],
    "K": [
      [
        448.7682800292969,
        0.0,
        259.0
      ],
      [
        0.0,
        452.84503173828125,
        259.0
      ],
      [
        0.0,
        0.0,
        1.0
      ]
    ],
    "image_size": [
      518,
      518
    ]
  },
  {
    "index": 3,
    "file": "pose_4_image.png",
    "cam_T_world": [
      [
        0.5892093280945329,
        0.7036838329627358,
        0.400785650537247,
        -0.4617019168360765
      ],
      [
        -0.6895506803764668,
        0.6938683853120203,
        -0.19998985174906195,
        0.1934862235870389
      ],
      [
        -0.4185894609276045,
        -0.15779116362837106,
        0.8946880027487357,
        0.08920023524586862
      ],
      [
        0.0,
        0.0,
        0.0,
        1.0
      ]
    ],
    "K": [
      [
        452.84503173828125,
        0.0,
        259.0
      ],
      [
        0.0,
        452.84503173828125,
        259.0
      ],
      [
        0.0,
        0.0,
        1.0
      ]
    ],
    "image_size": [
      518,
      518
    ]
  },
  {
    "index": 4,
    "file": "pose_5_image.png",
    "cam_T_world": [
      [
        0.31892282767573416,
        0.8261014640310373,
        0.4634921823597336,
        -0.5182867086350362
      ],
      [
        -0.8074212811778667,
        0.49211110185326484,
        -0.31958834972175926,
        0.3100772768148236
      ],
      [
        -0.4910175514229777,
        -0.2716621480062605,
        0.8270591160562668,
        0.20557152402482276
      ],
      [
        0.0,
        0.0,
        0.0,
        1.0
      ]
    ],
    "K": [
      [
        429.18292236328125,
        0.0,
        259.0
      ],
      [
        0.0,
        429.18292236328125,
        259.0
      ],
      [
        0.0,
        0.0,
        1.0
      ]
    ],
    "image_size": [
      518,
      518
    ]
  },
  {
    "index": 5,
    "file": "pose_6_image.png",
    "cam_T_world": [
      [
        0.010881550423712931,
        0.8705463613138152,
        0.48382156841689333,
        -0.547086107945634
      ],
      [
        -0.8578775687284833,
        0.25806061476813547,
        -0.4417434492064336,
        0.44614840502188186
      ],
      [
        -0.5076726029705763,
        -0.4116285731446025,
        0.7539503429584898,
        0.2722939514802806
      ],
      [
        0.0,
        0.0,
        0.0,
        1.0
      ]
    ],
    "K": [
      [
        429.18292236328125,
        0.0,
        259.0
      ],
      [
        0.0,
        436.8620910644531,
        259.0
      ],
      [
        0.0,
        0.0,
        1.0
      ]
    ],
    "image_size": [
      518,
      518
    ]
  }
]