{
  "note": "Per-image joint positions and camera pose at capture time.",
  "prompt": "yellow object .",
  "created_at": "2025-10-07T16:25:16.565384",
  "joint_names": [
    "shoulder_lift_joint",
    "elbow_joint",
    "wrist_1_joint",
    "wrist_2_joint",
    "wrist_3_joint",
    "shoulder_pan_joint"
  ],
  "shots": {
    "image_1": {
      "position": [
        -1.259573058491089,
        1.7008193174945276,
        -2.0119883022704066,
        -1.5707781950580042,
        -0.865004841481344,
        0.705853283405304
      ],
      "camera_pose": {
        "parent_frame": "base_link",
        "child_frame": "camera_optical",
        "stamp": {
          "sec": 1759847136,
          "nanosec": 20398218
        },
        "R": [
          [
            -0.002146281644,
            -0.99997834126,
            -0.006221775114
          ],
          [
            -0.99998954276,
            0.002171348095,
            -0.004024874903
          ],
          [
            0.004038297369,
            0.006213071536,
            -0.999972544571
          ]
        ],
        "t": [
          0.35833601161185646,
          0.5397789449589906,
          0.3039161586151047
        ]
      }
    },
    "image_2": {
      "position": [
        -1.4025514435819169,
        1.884890381489889,
        -2.053037782708639,
        -1.5708683172809046,
        -1.6046412626849573,
        0.7515445947647095
      ],
      "camera_pose": {
        "parent_frame": "base_link",
        "child_frame": "camera_optical",
        "stamp": {
          "sec": 1759847140,
          "nanosec": 820449497
        },
        "R": [
          [
            0.705711249003,
            -0.708497602292,
            -0.001667506278
          ],
          [
            -0.708488001002,
            -0.705684329608,
            -0.00737423773
          ],
          [
            0.0040478967,
            0.006385490708,
            -0.999971419612
          ]
        ],
        "t": [
          0.24582600741509075,
          0.4930938438428307,
          0.3038490238994713
        ]
      }
    },
    "image_3": {
      "position": [
        -1.5794698200621546,
        2.0790637175189417,
        -2.0703727207579554,
        -1.5707433859454554,
        -2.4612255732165735,
        0.6804072856903076
      ],
      "camera_pose": {
        "parent_frame": "base_link",
        "child_frame": "camera_optical",
        "stamp": {
          "sec": 1759847145,
          "nanosec": 820510066
        },
        "R": [
          [
            0.999990057274,
            -0.002057669276,
            0.003956178814
          ],
          [
            -0.002032836816,
            -0.999978272786,
            -0.006270688249
          ],
          [
            0.00396899586,
            0.006262583636,
            -0.999972513181
          ]
        ],
        "t": [
          0.1991857792850911,
          0.3805975274276518,
          0.3038896254839897
        ]
      }
    },
    "image_4": {
      "position": [
        -1.6742879352965296,
        2.1673620382892054,
        -2.0637837849059046,
        -1.5707743803607386,
        -3.425190035496847,
        0.5017340183258057
      ],
      "camera_pose": {
        "parent_frame": "base_link",
        "child_frame": "camera_optical",
        "stamp": {
          "sec": 1759847150,
          "nanosec": 620539226
        },
        "R": [
          [
            0.708360891062,
            0.705813881954,
            0.007184153078
          ],
          [
            0.705839298765,
            -0.708370210015,
            -0.001590560286
          ],
          [
            0.003966400495,
            0.006197548272,
            -0.999972928665
          ]
        ],
        "t": [
          0.2458685353094987,
          0.2679870101424854,
          0.3038965580821786
        ]
      }
    },
    "image_5": {
      "position": [
        -1.591532369653219,
        2.090914551411764,
        -2.0701357326903285,
        -1.570810619984762,
        -4.345379654561178,
        0.3670242726802826
      ],
      "camera_pose": {
        "parent_frame": "base_link",
        "child_frame": "camera_optical",
        "stamp": {
          "sec": 1759847155,
          "nanosec": 620701767
        },
        "R": [
          [
            0.00207987669,
            0.999978792935,
            0.006171530845
          ],
          [
            0.999989826745,
            -0.002104522475,
            0.003989660627
          ],
          [
            0.004002564144,
            0.006163170058,
            -0.999972997043
          ]
        ],
        "t": [
          0.35835588632898235,
          0.2214009401550978,
          0.3038935603865866
        ]
      }
    },
    "image_6": {
      "position": [
        -1.4159836185029526,
        1.900912110005514,
        -2.05568852047109,
        -1.5707324186908167,
        -5.126946989689962,
        0.37085795402526855
      ],
      "camera_pose": {
        "parent_frame": "base_link",
        "child_frame": "camera_optical",
        "stamp": {
          "sec": 1759847160,
          "nanosec": 420663018
        },
        "R": [
          [
            -0.705613921139,
            0.708594818182,
            0.001542056984
          ],
          [
            0.708585083983,
            0.705588535321,
            0.007210934795
          ],
          [
            0.004021573302,
            0.006180814553,
            -0.99997281187
          ]
        ],
        "t": [
          0.4709423525878057,
          0.2680182755945375,
          0.3039158066449177
        ]
      }
    },
    "image_7": {
      "position": [
        -1.267735795383789,
        1.7119453589068812,
        -2.0149647198119105,
        -1.570763889943258,
        -5.815899137650625,
        0.4673008918762207
      ],
      "camera_pose": {
        "parent_frame": "base_link",
        "child_frame": "camera_optical",
        "stamp": {
          "sec": 1759847165,
          "nanosec": 220696826
        },
        "R": [
          [
            -0.999989994542,
            0.0019912412,
            -0.004005717788
          ],
          [
            0.001966356402,
            0.999978804967,
            0.006206694692
          ],
          [
            0.004017991913,
            0.006198755922,
            -0.999972715211
          ]
        ],
        "t": [
          0.5175718606422339,
          0.3806136041965403,
          0.3039031956141048
        ]
      }
    },
    "image_8": {
      "position": [
        -1.2240780156901856,
        1.6512377897845667,
        -1.9979602299132289,
        -1.57080585161318,
        -6.300437100717815,
        0.5612754225730896
      ],
      "camera_pose": {
        "parent_frame": "base_link",
        "child_frame": "camera_optical",
        "stamp": {
          "sec": 1759847170,
          "nanosec": 220666062
        },
        "R": [
          [
            -0.838431517331,
            -0.544965116869,
            -0.006753676203
          ],
          [
            -0.544992227421,
            0.83843559854,
            0.003036305568
          ],
          [
            0.004007841931,
            0.006226435322,
            -0.999972583977
          ]
        ],
        "t": [
          0.4874679249586487,
          0.46515681922324253,
          0.3040532481416846
        ]
      }
    }
  }
}