{
  "note": "Per-image joint positions and camera pose at capture time.",
  "prompt": "blue object .",
  "created_at": "2025-10-16T16:04:50.574537",
  "joint_names": [
    "shoulder_lift_joint",
    "elbow_joint",
    "wrist_1_joint",
    "wrist_2_joint",
    "wrist_3_joint",
    "shoulder_pan_joint"
  ],
  "shots": {
    "image_1": {
      "position": [
        -1.0603270691684266,
        1.4081905523883265,
        -1.9186450443663539,
        -1.5707829634295862,
        -1.009824577962057,
        0.5610560178756714
      ],
      "camera_pose": {
        "parent_frame": "base_link",
        "child_frame": "camera_optical",
        "stamp": {
          "sec": 1760623509,
          "nanosec": 753287991
        },
        "R": [
          [
            -0.002096245204,
            -0.999978467007,
            -0.00621862352
          ],
          [
            -0.999989790191,
            0.002121082114,
            -0.003990053228
          ],
          [
            0.004003157521,
            0.006210195899,
            -0.999972703726
          ]
        ],
        "t": [
          0.5014740182906215,
          0.5317804380884674,
          0.30394262754677426
        ]
      }
    },
    "image_2": {
      "position": [
        -1.1180341106704255,
        1.4970348517047327,
        -1.949749609033102,
        -1.5707605520831507,
        -1.3050215880023401,
        0.5800117254257202
      ],
      "camera_pose": {
        "parent_frame": "base_link",
        "child_frame": "camera_optical",
        "stamp": {
          "sec": 1760623514,
          "nanosec": 153327503
        },
        "R": [
          [
            0.306994277193,
            -0.951699680263,
            -0.004715120194
          ],
          [
            -0.951702759766,
            -0.306966672286,
            -0.005772275041
          ],
          [
            0.004046087556,
            0.006259448305,
            -0.999972223855
          ]
        ],
        "t": [
          0.4523696580476836,
          0.5239672120216073,
          0.3038729338166021
        ]
      }
    },
    "image_3": {
      "position": [
        -1.1840017598918458,
        1.5945962111102503,
        -1.981311937371725,
        -1.570798699055807,
        -1.613675896321432,
        0.5854876041412354
      ],
      "camera_pose": {
        "parent_frame": "base_link",
        "child_frame": "camera_optical",
        "stamp": {
          "sec": 1760623518,
          "nanosec": 553383213
        },
        "R": [
          [
            0.586132965498,
            -0.810209999572,
            -0.002811289604
          ],
          [
            -0.810204906952,
            -0.586105011235,
            -0.006994609048
          ],
          [
            0.004019391269,
            0.006377491576,
            -0.999971585644
          ]
        ],
        "t": [
          0.4079505529308373,
          0.5013736731604979,
          0.30382459489734465
        ]
      }
    },
    "image_4": {
      "position": [
        -1.2529185575297852,
        1.6917079130755823,
        -2.0095702610411585,
        -1.570777718220846,
        -1.9384048620807093,
        0.5749276876449585
      ],
      "camera_pose": {
        "parent_frame": "base_link",
        "child_frame": "camera_optical",
        "stamp": {
          "sec": 1760623522,
          "nanosec": 953451934
        },
        "R": [
          [
            0.807812716371,
            -0.589439046137,
            -0.000475561151
          ],
          [
            -0.589425627535,
            -0.80778831794,
            -0.007447348882
          ],
          [
            0.004005605479,
            0.00629637106,
            -0.99997215503
          ]
        ],
        "t": [
          0.37272254892109824,
          0.46616237294388657,
          0.3038700699651596
        ]
      }
    },
    "image_5": {
      "position": [
        -1.3186658781817933,
        1.7796772162066858,
        -2.0318051777281703,
        -1.5708330313311976,
        -2.2806456724749964,
        0.546902596950531
      ],
      "camera_pose": {
        "parent_frame": "base_link",
        "child_frame": "camera_optical",
        "stamp": {
          "sec": 1760623527,
          "nanosec": 353503954
        },
        "R": [
          [
            0.950438518234,
            -0.310907509155,
            0.001773078654
          ],
          [
            -0.310887811088,
            -0.950419354482,
            -0.007198579251
          ],
          [
            0.003923260614,
            0.006290578455,
            -0.999972517947
          ]
        ],
        "t": [
          0.3501005079186874,
          0.42181223514519434,
          0.3038587340994909
        ]
      }
    },
    "image_6": {
      "position": [
        -1.3741772335818787,
        1.8502662817584437,
        -2.0468036137022914,
        -1.5707796255694788,
        -2.639421526585714,
        0.5022562742233276
      ],
      "camera_pose": {
        "parent_frame": "base_link",
        "child_frame": "camera_optical",
        "stamp": {
          "sec": 1760623531,
          "nanosec": 753530946
        },
        "R": [
          [
            0.999990392004,
            -0.002007805863,
            0.00389674409
          ],
          [
            -0.001983294356,
            -0.999978288979,
            -0.006283956875
          ],
          [
            0.003909276453,
            0.006276168108,
            -0.999972663262
          ]
        ],
        "t": [
          0.3423381244603727,
          0.3726116203298094,
          0.3038612789290222
        ]
      }
    },
    "image_7": {
      "position": [
        -1.4121104043773194,
        1.8962681929217737,
        -2.054962774316305,
        -1.5708025137530726,
        -3.0104737917529505,
        0.445376455783844
      ],
      "camera_pose": {
        "parent_frame": "base_link",
        "child_frame": "camera_optical",
        "stamp": {
          "sec": 1760623536,
          "nanosec": 153553101
        },
        "R": [
          [
            0.951674363065,
            0.307056023699,
            0.005701315262
          ],
          [
            0.307083016597,
            -0.951671258922,
            -0.004672885667
          ],
          [
            0.003990940181,
            0.00619784258,
            -0.999972829203
          ]
        ],
        "t": [
          0.35015556722115215,
          0.32342657690626203,
          0.3038985300208025
        ]
      }
    },
    "image_8": {
      "position": [
        -1.4262447965196152,
        1.9129851500140589,
        -2.0575815639891566,
        -1.5707905928241175,
        -3.3858397642718714,
        0.3841797113418579
      ],
      "camera_pose": {
        "parent_frame": "base_link",
        "child_frame": "camera_optical",
        "stamp": {
          "sec": 1760623540,
          "nanosec": 553642121
        },
        "R": [
          [
            0.810188212237,
            0.586129639707,
            0.006863396297
          ],
          [
            0.586156310921,
            -0.81019349901,
            -0.002696910974
          ],
          [
            0.003979939603,
            0.006208028534,
            -0.999972809862
          ]
        ],
        "t": [
          0.3727453844604812,
          0.27903995051668257,
          0.3038956046102987
        ]
      }
    },
    "image_9": {
      "position": [
        -1.4139208656600495,
        1.8984597365008753,
        -2.0552898846068324,
        -1.5707905928241175,
        -3.755711380635397,
        0.32842355966567993
      ],
      "camera_pose": {
        "parent_frame": "base_link",
        "child_frame": "camera_optical",
        "stamp": {
          "sec": 1760623544,
          "nanosec": 753699889
        },
        "R": [
          [
            0.589345192819,
            0.807847901236,
            0.007349297218
          ],
          [
            0.807871425752,
            -0.589358627321,
            -0.000409702548
          ],
          [
            0.004000394377,
            0.006178743448,
            -0.99997290962
          ]
        ],
        "t": [
          0.40794171535014856,
          0.24379840546464274,
          0.30390635239328084
        ]
      }
    },
    "image_10": {
      "position": [
        -1.3775048118880768,
        1.8542965094195765,
        -2.0475384197630824,
        -1.5708025137530726,
        -4.112006966267721,
        0.2862863540649414
      ],
      "camera_pose": {
        "parent_frame": "base_link",
        "child_frame": "camera_optical",
        "stamp": {
          "sec": 1760623549,
          "nanosec": 153725666
        },
        "R": [
          [
            0.310823944759,
            0.950440218105,
            0.007201886738
          ],
          [
            0.950458823834,
            -0.310844565733,
            0.00191837181
          ],
          [
            0.004061965077,
            0.006248820904,
            -0.999972225953
          ]
        ],
        "t": [
          0.4522773658794739,
          0.22122836416863123,
          0.303944459407329
        ]
      }
    },
    "image_11": {
      "position": [
        -1.3229212772897263,
        1.7852047125445765,
        -2.0330311260619105,
        -1.570817772542135,
        -4.450289074574606,
        0.2621743083000183
      ],
      "camera_pose": {
        "parent_frame": "base_link",
        "child_frame": "camera_optical",
        "stamp": {
          "sec": 1760623553,
          "nanosec": 553771079
        },
        "R": [
          [
            0.001928444416,
            0.999978730227,
            0.006230585565
          ],
          [
            0.999989952176,
            -0.001953605266,
            0.004034720957
          ],
          [
            0.004046807244,
            0.006222742226,
            -0.999972450036
          ]
        ],
        "t": [
          0.5014686318041214,
          0.21344689042930035,
          0.3039339412464812
        ]
      }
    },
    "image_12": {
      "position": [
        -1.2576188308051606,
        1.6981318632708948,
        -2.0112692318358363,
        -1.5707829634295862,
        -4.770036045704977,
        0.25656962394714355
      ],
      "camera_pose": {
        "parent_frame": "base_link",
        "child_frame": "camera_optical",
        "stamp": {
          "sec": 1760623557,
          "nanosec": 953915783
        },
        "R": [
          [
            -0.307125334771,
            0.951657478505,
            0.004698121584
          ],
          [
            0.951660575903,
            0.307097985164,
            0.005742454146
          ],
          [
            0.00402206576,
            0.006234670244,
            -0.999972475558
          ]
        ],
        "t": [
          0.5506766493631936,
          0.2212136722172871,
          0.3039327237607177
        ]
      }
    },
    "image_13": {
      "position": [
        -1.1887394350818177,
        1.6013477484332483,
        -1.9833313427367152,
        -1.5708296934710901,
        -5.073405567799703,
        0.26736852526664734
      ],
      "camera_pose": {
        "parent_frame": "base_link",
        "child_frame": "camera_optical",
        "stamp": {
          "sec": 1760623562,
          "nanosec": 353885614
        },
        "R": [
          [
            -0.586099606217,
            0.810234598781,
            0.002673299486
          ],
          [
            0.810229055679,
            0.586072862254,
            0.006890389108
          ],
          [
            0.004016083373,
            0.006204439261,
            -0.999972687631
          ]
        ],
        "t": [
          0.5950777143261001,
          0.24381165934651267,
          0.3039154147144128
        ]
      }
    },
    "image_14": {
      "position": [
        -1.122399167423584,
        1.5035613218890589,
        -1.951900144616598,
        -1.5707624594317835,
        -5.363626245652334,
        0.29135242104530334
      ],
      "camera_pose": {
        "parent_frame": "base_link",
        "child_frame": "camera_optical",
        "stamp": {
          "sec": 1760623566,
          "nanosec": 753910456
        },
        "R": [
          [
            -0.807750117349,
            0.589524840694,
            0.00045839656
          ],
          [
            0.58951160291,
            0.807726245144,
            0.007374478962
          ],
          [
            0.003977179603,
            0.006226966338,
            -0.999972703094
          ]
        ],
        "t": [
          0.6302947678523555,
          0.2789859156141691,
          0.3039608853690529
        ]
      }
    },
    "image_15": {
      "position": [
        -1.0638122123530884,
        1.4137428442584437,
        -1.9206820927061976,
        -1.5707796255694788,
        -5.64409310022463,
        0.32502609491348267
      ],
      "camera_pose": {
        "parent_frame": "base_link",
        "child_frame": "camera_optical",
        "stamp": {
          "sec": 1760623570,
          "nanosec": 953939185
        },
        "R": [
          [
            -0.950381585894,
            0.311080526706,
            -0.001935742031
          ],
          [
            0.311059984913,
            0.95036334967,
            0.007154676163
          ],
          [
            0.00406533871,
            0.006197540591,
            -0.999972531379
          ]
        ],
        "t": [
          0.6529473859919758,
          0.32335117307338335,
          0.30386151657171623
        ]
      }
    },
    "image_16": {
      "position": [
        -1.0176982444575806,
        1.340759579335348,
        -1.8938499889769496,
        -1.570770565663473,
        -5.918216888104574,
        0.3650568127632141
      ],
      "camera_pose": {
        "parent_frame": "base_link",
        "child_frame": "camera_optical",
        "stamp": {
          "sec": 1760623575,
          "nanosec": 353936595
        },
        "R": [
          [
            -0.999990004891,
            0.002172526897,
            -0.003907716202
          ],
          [
            0.002147987458,
            0.999978017492,
            0.006273012178
          ],
          [
            0.003921258589,
            0.006264555753,
            -0.999972689163
          ]
        ],
        "t": [
          0.660715748499713,
          0.37254314894183627,
          0.30397524511267476
        ]
      }
    }
  }
}