[
  {
    "index": 0,
    "file": "pose_1_image.png",
    "cam_T_world": [
      [
        0.9999999983995026,
        -3.910249347938126e-05,
        8.455319895542914e-06,
        -1.898809895741583e-06
      ],
      [
        3.909879661097446e-05,
        0.9999999507763302,
        0.00021839173863372758,
        -0.0001907070196722816
      ],
      [
        -8.472398386210918e-06,
        -0.000218391076748991,
        0.9999999522335538,
        0.00012783402324623372
      ],
      [
        0.0,
        0.0,
        0.0,
        1.0
      ]
    ],
    "K": [
      [
        448.7682800292969,
        0.0,
        259.0
      ],
      [
        0.0,
        448.7682800292969,
        259.0
      ],
      [
        0.0,
        0.0,
        1.0
      ]
    ],
    "image_size": [
      518,
      518
    ]
  },
  {
    "index": 1,
    "file": "pose_2_image.png",
    "cam_T_world": [
      [
        0.9497728822033272,
        0.2710750100015391,
        0.15441721607424494,
        -0.16926674519960042
      ],
      [
        -0.2712645446380059,
        0.9621457163172256,
        -0.02095705015172707,
        0.008981088557252857
      ],
      [
        -0.1540840214453485,
        -0.022124212260705326,
        0.98774927693313,
        -0.007720331784757438
      ],
      [
        0.0,
        0.0,
        0.0,
        1.0
      ]
    ],
    "K": [
      [
        452.84503173828125,
        0.0,
        259.0
      ],
      [
        0.0,
        456.9778747558594,
        259.0
      ],
      [
        0.0,
        0.0,
        1.0
      ]
    ],
    "image_size": [
      518,
      518
    ]
  },
  {
    "index": 2,
    "file": "pose_3_image.png",
    "cam_T_world": [
      [
        0.809841723963152,
        0.5078099952765053,
        0.29547692909130446,
        -0.3381254122141802
      ],
      [
        -0.5028191916115085,
        0.8587736394518467,
        -0.09035594909367634,
        0.07371481123581823
      ],
      [
        -0.3000303513871598,
        -0.07568634065684753,
        0.9509409633439212,
        0.011077414131054012
      ],
      [
        0.0,
        0.0,
        0.0,
        1.0
      ]
    ],
    "K": [
      [
        465.41693115234375,
        0.0,
        259.0
      ],
      [
        0.0,
        465.41693115234375,
        259.0
      ],
      [
        0.0,
        0.0,
        1.0
      ]
    ],
    "image_size": [
      518,
      518
    ]
  },
  {
    "index": 3,
    "file": "pose_4_image.png",
    "cam_T_world": [
      [
        0.5835960755722441,
        0.7001684185863366,
        0.40993395747433736,
        -0.46866782708623395
      ],
      [
        -0.69438446880182,
        0.6931048473425546,
        -0.19594319461787804,
        0.1815199686181952
      ],
      [
        -0.4210416257873389,
        -0.16947635334988853,
        0.8905556539820727,
        0.07568705608913011
      ],
      [
        0.0,
        0.0,
        0.0,
        1.0
      ]
    ],
    "K": [
      [
        465.41693115234375,
        0.0,
        259.0
      ],
      [
        0.0,
        469.72589111328125,
        259.0
      ],
      [
        0.0,
        0.0,
        1.0
      ]
    ],
    "image_size": [
      518,
      518
    ]
  },
  {
    "index": 4,
    "file": "pose_5_image.png",
    "cam_T_world": [
      [
        0.30493059276142054,
        0.8331525972950227,
        0.46790781811909987,
        -0.541659014790328
      ],
      [
        -0.8118141619137489,
        0.48175750964153147,
        -0.32935013743771363,
        0.32567061820203863
      ],
      [
        -0.499454356108015,
        -0.2805033684464685,
        0.8202731161251718,
        0.16041554174654565
      ],
      [
        0.0,
        0.0,
        0.0,
        1.0
      ]
    ],
    "K": [
      [
        456.9778747558594,
        0.0,
        259.0
      ],
      [
        0.0,
        461.1679992675781,
        259.0
      ],
      [
        0.0,
        0.0,
        1.0
      ]
    ],
    "image_size": [
      518,
      518
    ]
  },
  {
    "index": 5,
    "file": "pose_6_image.png",
    "cam_T_world": [
      [
        0.007238312779905853,
        0.8754961357403501,
        0.4819653167263548,
        -0.5589144754486826
      ],
      [
        -0.8554822046694358,
        0.25381139838623623,
        -0.44602718047209744,
        0.4540525126043104
      ],
      [
        -0.510883790257402,
        -0.4089862178500548,
        0.7540846823182713,
        0.23206665511218774
      ],
      [
        0.0,
        0.0,
        0.0,
        1.0
      ]
    ],
    "K": [
      [
        452.84503173828125,
        0.0,
        259.0
      ],
      [
        0.0,
        456.9778747558594,
        259.0
      ],
      [
        0.0,
        0.0,
        1.0
      ]
    ],
    "image_size": [
      518,
      518
    ]
  }
]