[
  {
    "index": 0,
    "file": "pose_1_image.png",
    "cam_T_world": [
      [
        0.9999999581777943,
        -0.0001793176213168503,
        0.0002631958178723612,
        5.15702637440809e-05
      ],
      [
        0.00017926390292138892,
        0.9999999574420165,
        0.000102090338386677,
        -0.00010392062373989493
      ],
      [
        -0.00026323240866347254,
        -0.00010199595466381025,
        0.9999999799101704,
        0.00020217599749560038
      ],
      [
        0.0,
        0.0,
        0.0,
        1.0
      ]
    ],
    "K": [
      [
        483.0275573730469,
        0.0,
        259.0
      ],
      [
        0.0,
        483.0275573730469,
        259.0
      ],
      [
        0.0,
        0.0,
        1.0
      ]
    ],
    "image_size": [
      518,
      518
    ]
  },
  {
    "index": 1,
    "file": "pose_2_image.png",
    "cam_T_world": [
      [
        0.9500548873528519,
        0.2706721592137874,
        0.15691004824971277,
        -0.17102873123873963
      ],
      [
        -0.2679170561160287,
        0.9626459469867532,
        -0.030217680419149663,
        0.02107040950804314
      ],
      [
        -0.15963276705359314,
        -0.013408285232207055,
        0.9871998106826118,
        0.01738645687517926
      ],
      [
        0.0,
        0.0,
        0.0,
        1.0
      ]
    ],
    "K": [
      [
        476.3050537109375,
        0.0,
        259.0
      ],
      [
        0.0,
        478.5296936035156,
        259.0
      ],
      [
        0.0,
        0.0,
        1.0
      ]
    ],
    "image_size": [
      518,
      518
    ]
  },
  {
    "index": 2,
    "file": "pose_3_image.png",
    "cam_T_world": [
      [
        0.8081146337244212,
        0.504807327602311,
        0.30327976139858326,
        -0.3412053136741475
      ],
      [
        -0.5048073276023111,
        0.8589866722350615,
        -0.0847298226308234,
        0.073056202345148
      ],
      [
        -0.30327976139858326,
        -0.0847298226308234,
        0.9491279671071673,
        0.04456471679873805
      ],
      [
        0.0,
        0.0,
        0.0,
        1.0
      ]
    ],
    "K": [
      [
        483.0275573730469,
        0.0,
        259.0
      ],
      [
        0.0,
        487.5914306640625,
        259.0
      ],
      [
        0.0,
        0.0,
        1.0
      ]
    ],
    "image_size": [
      518,
      518
    ]
  },
  {
    "index": 3,
    "file": "pose_4_image.png",
    "cam_T_world": [
      [
        0.5835383730604387,
        0.6922314066243014,
        0.4243533808740828,
        -0.47902531664088444
      ],
      [
        -0.6962979520171753,
        0.6974480335517682,
        -0.18198452920327518,
        0.17198987857442832
      ],
      [
        -0.42163040666969287,
        -0.18931249987728876,
        0.8865481534769304,
        0.11160054646363145
      ],
      [
        0.0,
        0.0,
        0.0,
        1.0
      ]
    ],
    "K": [
      [
        489.89862060546875,
        0.0,
        259.0
      ],
      [
        0.0,
        492.2229309082031,
        259.0
      ],
      [
        0.0,
        0.0,
        1.0
      ]
    ],
    "image_size": [
      518,
      518
    ]
  },
  {
    "index": 4,
    "file": "pose_5_image.png",
    "cam_T_world": [
      [
        0.30771148404854876,
        0.8148415951849297,
        0.4857465262624817,
        -0.5599887361491197
      ],
      [
        -0.8148415951849296,
        0.4895976178274739,
        -0.30402855226194525,
        0.3082035029570062
      ],
      [
        -0.48574652626248166,
        -0.30402855226194525,
        0.8190896554593925,
        0.1833348474570789
      ],
      [
        0.0,
        0.0,
        0.0,
        1.0
      ]
    ],
    "K": [
      [
        492.2229309082031,
        0.0,
        259.0
      ],
      [
        0.0,
        494.5645446777344,
        259.0
      ],
      [
        0.0,
        0.0,
        1.0
      ]
    ],
    "image_size": [
      518,
      518
    ]
  },
  {
    "index": 5,
    "file": "pose_6_image.png",
    "cam_T_world": [
      [
        0.008972507743794315,
        0.8679376410203238,
        0.49664114579242025,
        -0.5622757098050383
      ],
      [
        -0.8554649799901889,
        0.2636835603414527,
        -0.4489946150742553,
        0.44628957401324415
      ],
      [
        -0.5207835482703537,
        -0.42064275705484466,
        0.7425609817183791,
        0.30517844302045466
      ],
      [
        0.0,
        0.0,
        0.0,
        1.0
      ]
    ],
    "K": [
      [
        456.9778747558594,
        0.0,
        259.0
      ],
      [
        0.0,
        465.41693115234375,
        259.0
      ],
      [
        0.0,
        0.0,
        1.0
      ]
    ],
    "image_size": [
      518,
      518
    ]
  }
]