[
  {
    "index": 0,
    "file": "pose_1_image.png",
    "cam_T_world": [
      [
        0.9999999872741232,
        -0.00010489760337958445,
        -4.150143856867348e-05,
        0.00015069552867578873
      ],
      [
        0.00010491073830157112,
        0.9999999639330794,
        0.000158305578609252,
        -0.00021453222077212855
      ],
      [
        4.146822382341986e-05,
        -0.0001583142824732191,
        0.9999999732169735,
        0.0001812383342782455
      ],
      [
        0.0,
        0.0,
        0.0,
        1.0
      ]
    ],
    "K": [
      [
        444.746337890625,
        0.0,
        259.0
      ],
      [
        0.0,
        444.746337890625,
        259.0
      ],
      [
        0.0,
        0.0,
        1.0
      ]
    ],
    "image_size": [
      518,
      518
    ]
  },
  {
    "index": 1,
    "file": "pose_2_image.png",
    "cam_T_world": [
      [
        0.9509053512572976,
        0.26950237871763144,
        0.15121928795219755,
        -0.16300573977570346
      ],
      [
        -0.2689517087250138,
        0.9627993921138517,
        -0.03526912253259488,
        0.02179733286966232
      ],
      [
        -0.15514394133974854,
        -0.006784115765168887,
        0.9879376580372513,
        0.014726760275358387
      ],
      [
        0.0,
        0.0,
        0.0,
        1.0
      ]
    ],
    "K": [
      [
        440.77801513671875,
        0.0,
        259.0
      ],
      [
        0.0,
        440.77801513671875,
        259.0
      ],
      [
        0.0,
        0.0,
        1.0
      ]
    ],
    "image_size": [
      518,
      518
    ]
  },
  {
    "index": 2,
    "file": "pose_3_image.png",
    "cam_T_world": [
      [
        0.8097279880555001,
        0.510729210835693,
        0.28895997561665066,
        -0.32147146965290657
      ],
      [
        -0.5083390566090413,
        0.8569025380386565,
        -0.09850218992125435,
        0.08260558539973605
      ],
      [
        -0.29885292835589256,
        -0.06686618012846238,
        0.9522772472409932,
        0.023761809189601003
      ],
      [
        0.0,
        0.0,
        0.0,
        1.0
      ]
    ],
    "K": [
      [
        452.84503173828125,
        0.0,
        259.0
      ],
      [
        0.0,
        452.84503173828125,
        259.0
      ],
      [
        0.0,
        0.0,
        1.0
      ]
    ],
    "image_size": [
      518,
      518
    ]
  },
  {
    "index": 3,
    "file": "pose_4_image.png",
    "cam_T_world": [
      [
        0.5854768718553427,
        0.7062990665838541,
        0.39938760302690185,
        -0.4453055792083286
      ],
      [
        -0.6911762256993262,
        0.6910683400507681,
        -0.21151956224061322,
        0.19483267329738288
      ],
      [
        -0.4242153490946669,
        -0.1517979501345604,
        0.8922017389555817,
        0.0957699231201561
      ],
      [
        0.0,
        0.0,
        0.0,
        1.0
      ]
    ],
    "K": [
      [
        448.7682800292969,
        0.0,
        259.0
      ],
      [
        0.0,
        448.7682800292969,
        259.0
      ],
      [
        0.0,
        0.0,
        1.0
      ]
    ],
    "image_size": [
      518,
      518
    ]
  },
  {
    "index": 4,
    "file": "pose_5_image.png",
    "cam_T_world": [
      [
        0.30762594931547066,
        0.8338205011165575,
        0.4581542934469534,
        -0.5193687394053057
      ],
      [
        -0.8057154474768681,
        0.4837050933602125,
        -0.33771048862817277,
        0.3293196395651532
      ],
      [
        -0.5011921954580969,
        -0.26797698600537495,
        0.8211455879176351,
        0.1612794576037469
      ],
      [
        0.0,
        0.0,
        0.0,
        1.0
      ]
    ],
    "K": [
      [
        448.7682800292969,
        0.0,
        259.0
      ],
      [
        0.0,
        456.9778747558594,
        259.0
      ],
      [
        0.0,
        0.0,
        1.0
      ]
    ],
    "image_size": [
      518,
      518
    ]
  },
  {
    "index": 5,
    "file": "pose_6_image.png",
    "cam_T_world": [
      [
        0.006886616959800218,
        0.8767472571019698,
        0.48014254120746375,
        -0.5317610136479458
      ],
      [
        -0.8466825217619491,
        0.2580497865738768,
        -0.45592234285283567,
        0.4539900489456894
      ],
      [
        -0.5252014833555629,
        -0.40340552236528815,
        0.7479362163782458,
        0.2704727562511368
      ],
      [
        0.0,
        0.0,
        0.0,
        1.0
      ]
    ],
    "K": [
      [
        429.18292236328125,
        0.0,
        259.0
      ],
      [
        0.0,
        436.8620910644531,
        259.0
      ],
      [
        0.0,
        0.0,
        1.0
      ]
    ],
    "image_size": [
      518,
      518
    ]
  }
]