[
  {
    "index": 0,
    "file": "pose_1_image.png",
    "cam_T_world": [
      [
        0.9999999535357335,
        3.0464079398721445e-05,
        0.00032425429797532936,
        5.370270820566591e-05
      ],
      [
        -3.0571072353931565e-05,
        0.9999999718484126,
        0.0001649757492791742,
        -9.867561963560491e-05
      ],
      [
        -0.0003242442280501331,
        -0.00016499553988360614,
        0.9999999272467894,
        0.00018978006727472422
      ],
      [
        0.0,
        0.0,
        0.0,
        1.0
      ]
    ],
    "K": [
      [
        448.7682800292969,
        0.0,
        259.0
      ],
      [
        0.0,
        452.84503173828125,
        259.0
      ],
      [
        0.0,
        0.0,
        1.0
      ]
    ],
    "image_size": [
      518,
      518
    ]
  },
  {
    "index": 1,
    "file": "pose_2_image.png",
    "cam_T_world": [
      [
        0.9513106269896731,
        0.27000302331304143,
        0.1500301504280352,
        -0.16417429675222758
      ],
      [
        -0.2686430219061573,
        0.9629679413716877,
        -0.02505898979434761,
        0.018632934713527373
      ],
      [
        -0.1505159644940445,
        -0.016180208222744626,
        0.988424672006141,
        0.006124792683502451
      ],
      [
        0.0,
        0.0,
        0.0,
        1.0
      ]
    ],
    "K": [
      [
        448.7682800292969,
        0.0,
        259.0
      ],
      [
        0.0,
        452.84503173828125,
        259.0
      ],
      [
        0.0,
        0.0,
        1.0
      ]
    ],
    "image_size": [
      518,
      518
    ]
  },
  {
    "index": 2,
    "file": "pose_3_image.png",
    "cam_T_world": [
      [
        0.8100469004815886,
        0.511088291137834,
        0.29140251378572585,
        -0.33491358550285194
      ],
      [
        -0.5081927766550753,
        0.8571671788303094,
        -0.08661877048075699,
        0.07671977800667476
      ],
      [
        -0.29253603775998543,
        -0.07748544919233227,
        0.9530801009813011,
        0.015036080230756168
      ],
      [
        0.0,
        0.0,
        0.0,
        1.0
      ]
    ],
    "K": [
      [
        465.41693115234375,
        0.0,
        259.0
      ],
      [
        0.0,
        469.72589111328125,
        259.0
      ],
      [
        0.0,
        0.0,
        1.0
      ]
    ],
    "image_size": [
      518,
      518
    ]
  },
  {
    "index": 3,
    "file": "pose_4_image.png",
    "cam_T_world": [
      [
        0.5848099895365385,
        0.7035185645647862,
        0.4045750356490095,
        -0.4650365084269068
      ],
      [
        -0.7019094055383492,
        0.6888294454960711,
        -0.19025682494536464,
        0.18722044655786524
      ],
      [
        -0.41302200738443123,
        -0.17115502792327802,
        0.8947795632641284,
        0.09244702378523506
      ],
      [
        0.0,
        0.0,
        0.0,
        1.0
      ]
    ],
    "K": [
      [
        465.41693115234375,
        0.0,
        259.0
      ],
      [
        0.0,
        465.41693115234375,
        259.0
      ],
      [
        0.0,
        0.0,
        1.0
      ]
    ],
    "image_size": [
      518,
      518
    ]
  },
  {
    "index": 4,
    "file": "pose_5_image.png",
    "cam_T_world": [
      [
        0.3100818748858491,
        0.8213368731966633,
        0.47560101702332247,
        -0.5588911399036955
      ],
      [
        -0.8243719798708802,
        0.4830255836185369,
        -0.29761766530656725,
        0.30660895762109935
      ],
      [
        -0.4742640452456378,
        -0.30205892176705207,
        0.8270458926030791,
        0.15669153858097773
      ],
      [
        0.0,
        0.0,
        0.0,
        1.0
      ]
    ],
    "K": [
      [
        465.41693115234375,
        0.0,
        259.0
      ],
      [
        0.0,
        469.72589111328125,
        259.0
      ],
      [
        0.0,
        0.0,
        1.0
      ]
    ],
    "image_size": [
      518,
      518
    ]
  },
  {
    "index": 5,
    "file": "pose_6_image.png",
    "cam_T_world": [
      [
        0.016767754978527564,
        0.8780868360543799,
        0.47234604255165713,
        -0.5571251237171033
      ],
      [
        -0.8612826850096135,
        0.25062765783651253,
        -0.4361339766929988,
        0.4504731951792078
      ],
      [
        -0.5028369806905622,
        -0.4039373483185537,
        0.7640372378983616,
        0.2548075603139462
      ],
      [
        0.0,
        0.0,
        0.0,
        1.0
      ]
    ],
    "K": [
      [
        440.77801513671875,
        0.0,
        259.0
      ],
      [
        0.0,
        448.7682800292969,
        259.0
      ],
      [
        0.0,
        0.0,
        1.0
      ]
    ],
    "image_size": [
      518,
      518
    ]
  }
]