[
  {
    "index": 0,
    "file": "pose_1_image.png",
    "cam_T_world": [
      [
        0.9999999949893664,
        5.7697364292793366e-05,
        4.1007899107127416e-05,
        -2.143335010418731e-06
      ],
      [
        -5.769722741384144e-05,
        0.9999999966682367,
        -1.671296095798692e-06,
        -9.679814573170088e-05
      ],
      [
        -4.1008091692629554e-05,
        1.6665639948890916e-06,
        0.999999998315559,
        0.0001955031612078194
      ],
      [
        0.0,
        0.0,
        0.0,
        1.0
      ]
    ],
    "K": [
      [
        483.0275573730469,
        0.0,
        259.0
      ],
      [
        0.0,
        485.3011169433594,
        259.0
      ],
      [
        0.0,
        0.0,
        1.0
      ]
    ],
    "image_size": [
      518,
      518
    ]
  },
  {
    "index": 1,
    "file": "pose_2_image.png",
    "cam_T_world": [
      [
        0.9515957231532207,
        0.26692333699697507,
        0.15467648249437663,
        -0.16199392246534428
      ],
      [
        -0.2640347561260095,
        0.9640556016785381,
        -0.030032905019642377,
        0.020400713380554675
      ],
      [
        -0.15763512759863874,
        -0.012165916306574334,
        0.9874951755647929,
        0.02901303829049191
      ],
      [
        0.0,
        0.0,
        0.0,
        1.0
      ]
    ],
    "K": [
      [
        474.0963134765625,
        0.0,
        259.0
      ],
      [
        0.0,
        474.0963134765625,
        259.0
      ],
      [
        0.0,
        0.0,
        1.0
      ]
    ],
    "image_size": [
      518,
      518
    ]
  },
  {
    "index": 2,
    "file": "pose_3_image.png",
    "cam_T_world": [
      [
        0.8084105310633286,
        0.5034056778984592,
        0.3048060410274081,
        -0.3230468080488887
      ],
      [
        -0.4986208557241719,
        0.8609313683244585,
        -0.10449871208813566,
        0.08523159638903097
      ],
      [
        -0.3135024775057621,
        -0.06694113620985126,
        0.9467269304183307,
        0.05969309544580389
      ],
      [
        0.0,
        0.0,
        0.0,
        1.0
      ]
    ],
    "K": [
      [
        474.0963134765625,
        0.0,
        259.0
      ],
      [
        0.0,
        476.3050537109375,
        259.0
      ],
      [
        0.0,
        0.0,
        1.0
      ]
    ],
    "image_size": [
      518,
      518
    ]
  },
  {
    "index": 3,
    "file": "pose_4_image.png",
    "cam_T_world": [
      [
        0.5820996648047879,
        0.6950872327835539,
        0.41744284703638995,
        -0.45822812237427796
      ],
      [
        -0.6864815409617159,
        0.6959757746016935,
        -0.20056662347559895,
        0.18591474822683599
      ],
      [
        -0.4324550703325301,
        -0.17070224667617306,
        0.8860219367963104,
        0.09631523331229691
      ],
      [
        0.0,
        0.0,
        0.0,
        1.0
      ]
    ],
    "K": [
      [
        489.89862060546875,
        0.0,
        259.0
      ],
      [
        0.0,
        492.2229309082031,
        259.0
      ],
      [
        0.0,
        0.0,
        1.0
      ]
    ],
    "image_size": [
      518,
      518
    ]
  },
  {
    "index": 4,
    "file": "pose_5_image.png",
    "cam_T_world": [
      [
        0.3054873366282405,
        0.8247538936964607,
        0.47650911055354916,
        -0.5195010107477457
      ],
      [
        -0.8080045776017063,
        0.4873937638383212,
        -0.3280665323319044,
        0.312871544509035
      ],
      [
        -0.5031795494780946,
        -0.28474724495425985,
        0.8166606196616479,
        0.19160071467787382
      ],
      [
        0.0,
        0.0,
        0.0,
        1.0
      ]
    ],
    "K": [
      [
        476.3050537109375,
        0.0,
        259.0
      ],
      [
        0.0,
        478.5296936035156,
        259.0
      ],
      [
        0.0,
        0.0,
        1.0
      ]
    ],
    "image_size": [
      518,
      518
    ]
  },
  {
    "index": 5,
    "file": "pose_6_image.png",
    "cam_T_world": [
      [
        0.00929946554036937,
        0.8704721978001119,
        0.4914055775998137,
        -0.527891627973642
      ],
      [
        -0.853638845991085,
        0.2627994606257029,
        -0.45469933976190197,
        0.4312545712865292
      ],
      [
        -0.5264706639028146,
        -0.4138627777967819,
        0.7429551570863442,
        0.3012095706378823
      ],
      [
        0.0,
        0.0,
        0.0,
        1.0
      ]
    ],
    "K": [
      [
        452.84503173828125,
        0.0,
        259.0
      ],
      [
        0.0,
        456.9778747558594,
        259.0
      ],
      [
        0.0,
        0.0,
        1.0
      ]
    ],
    "image_size": [
      518,
      518
    ]
  }
]