{
  "note": "Per-image joint positions and camera pose at capture time.",
  "prompt": "yellow object.",
  "created_at": "2026-01-28T14:12:57.094622",
  "joint_names": [
    "shoulder_lift_joint",
    "elbow_joint",
    "wrist_1_joint",
    "wrist_2_joint",
    "wrist_3_joint",
    "shoulder_pan_joint"
  ],
  "shots": {
    "image_1": {
      "image_file": "pose_1_image.png",
      "image_stamp_ns": 1769605990383530515,
      "joint_stamp_ns": 1769605990568449802,
      "position": [
        -1.0165314239314576,
        1.3389223257647913,
        -1.8932095966734828,
        -1.5708025137530726,
        -0.9291022459613245,
        0.6417458653450012
      ],
      "camera_pose": {
        "parent_frame": "base_link",
        "child_frame": "camera_optical",
        "stamp": {
          "sec": 1769605990,
          "nanosec": 383530515,
          "stamp_ns": 1769605990383530515
        },
        "R": [
          [
            -0.002147112343,
            -0.999977726379,
            -0.006319545465
          ],
          [
            -0.999989220318,
            0.002173068552,
            -0.004103293937
          ],
          [
            0.004116935348,
            0.006310667109,
            -0.999971612759
          ]
        ],
        "t": [
          0.47721417670491056,
          0.582205149606312,
          0.30386524997661973
        ]
      }
    },
    "image_2": {
      "image_file": "pose_2_image.png",
      "image_stamp_ns": 1769605993183531708,
      "joint_stamp_ns": 1769605993418442965,
      "position": [
        -1.072085217838623,
        1.426647965108053,
        -1.9253112278380335,
        -1.5707710425006312,
        -1.2214601675616663,
        0.6634551882743835
      ],
      "camera_pose": {
        "parent_frame": "base_link",
        "child_frame": "camera_optical",
        "stamp": {
          "sec": 1769605993,
          "nanosec": 183531708,
          "stamp_ns": 1769605993183531708
        },
        "R": [
          [
            0.307131294942,
            -0.951655575848,
            -0.004693892164
          ],
          [
            -0.951658501054,
            -0.307103737026,
            -0.005778587691
          ],
          [
            0.004057713372,
            0.006241767501,
            -0.999972287266
          ]
        ],
        "t": [
          0.42810566060588506,
          0.574371185418389,
          0.30388867687162086
        ]
      }
    },
    "image_3": {
      "image_file": "pose_3_image.png",
      "image_stamp_ns": 1769605996183540603,
      "joint_stamp_ns": 1769605996268834542,
      "position": [
        -1.1369397205165406,
        1.5254500547992151,
        -1.9591852627196253,
        -1.5708025137530726,
        -1.5263226667987269,
        0.6728071570396423
      ],
      "camera_pose": {
        "parent_frame": "base_link",
        "child_frame": "camera_optical",
        "stamp": {
          "sec": 1769605996,
          "nanosec": 183540603,
          "stamp_ns": 1769605996183540603
        },
        "R": [
          [
            0.58603297859,
            -0.810282347778,
            -0.00280444023
          ],
          [
            -0.810277164421,
            -0.586004983471,
            -0.00700543827
          ],
          [
            0.004032967018,
            0.006377791733,
            -0.99997152907
          ]
        ],
        "t": [
          0.38371014254906466,
          0.551788063378418,
          0.30382125806038657
        ]
      }
    },
    "image_4": {
      "image_file": "pose_4_image.png",
      "image_stamp_ns": 1769605998983535509,
      "joint_stamp_ns": 1769605999120437428,
      "position": [
        -1.205809162264206,
        1.625906769429342,
        -1.9907800159850062,
        -1.5707867781268519,
        -1.8462203184710901,
        0.6670787930488586
      ],
      "camera_pose": {
        "parent_frame": "base_link",
        "child_frame": "camera_optical",
        "stamp": {
          "sec": 1769605998,
          "nanosec": 983535509,
          "stamp_ns": 1769605998983535509
        },
        "R": [
          [
            0.807808071366,
            -0.589445358814,
            -0.000537408989
          ],
          [
            -0.589432257734,
            -0.807783310274,
            -0.007465734066
          ],
          [
            0.003966532284,
            0.006347646431,
            -0.999971986611
          ]
        ],
        "t": [
          0.348477854484379,
          0.5165952276271183,
          0.30383096278531213
        ]
      }
    },
    "image_5": {
      "image_file": "pose_5_image.png",
      "image_stamp_ns": 1769606001783587227,
      "joint_stamp_ns": 1769606002020436916,
      "position": [
        -1.273012862806656,
        1.7191079298602503,
        -2.0168234310545863,
        -1.5708487669574183,
        -2.182997528706686,
        0.6445108652114868
      ],
      "camera_pose": {
        "parent_frame": "base_link",
        "child_frame": "camera_optical",
        "stamp": {
          "sec": 1769606001,
          "nanosec": 783587227,
          "stamp_ns": 1769606001783587227
        },
        "R": [
          [
            0.95047187738,
            -0.310805297052,
            0.001810423675
          ],
          [
            -0.310785315337,
            -0.950452777734,
            -0.007211453948
          ],
          [
            0.003962080297,
            0.00629163108,
            -0.999972358267
          ]
        ],
        "t": [
          0.3258284531939475,
          0.47221283718816437,
          0.30386974923858956
        ]
      }
    },
    "image_6": {
      "image_file": "pose_6_image.png",
      "image_stamp_ns": 1769606004783596267,
      "joint_stamp_ns": 1769606004864443239,
      "position": [
        -1.3316666644862671,
        1.7965911070453089,
        -2.035654684106344,
        -1.5707905928241175,
        -2.5365188757525843,
        0.6051381826400757
      ],
      "camera_pose": {
        "parent_frame": "base_link",
        "child_frame": "camera_optical",
        "stamp": {
          "sec": 1769606004,
          "nanosec": 783596267,
          "stamp_ns": 1769606004783596267
        },
        "R": [
          [
            0.999990127903,
            -0.002099813004,
            0.003915977782
          ],
          [
            -0.002075027913,
            -0.999977859372,
            -0.006322580639
          ],
          [
            0.003929167317,
            0.006314392459,
            -0.999972344664
          ]
        ],
        "t": [
          0.318092277992294,
          0.423017093533007,
          0.3038549169516296
        ]
      }
    }
  }
}