{
  "note": "Per-image joint positions and camera pose at capture time.",
  "prompt": "yellow object.",
  "created_at": "2026-01-28T14:22:30.331273",
  "joint_names": [
    "shoulder_lift_joint",
    "elbow_joint",
    "wrist_1_joint",
    "wrist_2_joint",
    "wrist_3_joint",
    "shoulder_pan_joint"
  ],
  "shots": {
    "image_1": {
      "image_file": "pose_1_image.png",
      "image_stamp_ns": 1769606563586991705,
      "joint_stamp_ns": 1769606563776437164,
      "position": [
        -0.9341396254352112,
        1.2042506376849573,
        -1.8408552608885707,
        -1.5707710425006312,
        -0.8260434309588831,
        0.7447586059570312
      ],
      "camera_pose": {
        "parent_frame": "base_link",
        "child_frame": "camera_optical",
        "stamp": {
          "sec": 1769606563,
          "nanosec": 586991705,
          "stamp_ns": 1769606563586991705
        },
        "R": [
          [
            -0.002228457549,
            -0.999978064595,
            -0.00623733156
          ],
          [
            -0.999989323758,
            0.00225364482,
            -0.004034037133
          ],
          [
            0.004048005375,
            0.006228275288,
            -0.999972410739
          ]
        ],
        "t": [
          0.44663830239260505,
          0.6521987606842459,
          0.30392976476117717
        ]
      }
    },
    "image_2": {
      "image_file": "pose_2_image.png",
      "image_stamp_ns": 1769606566386913990,
      "joint_stamp_ns": 1769606566626430373,
      "position": [
        -0.9877158564380188,
        1.2926390806781214,
        -1.875601430932516,
        -1.570763889943258,
        -1.1156204382525843,
        0.7693017721176147
      ],
      "camera_pose": {
        "parent_frame": "base_link",
        "child_frame": "camera_optical",
        "stamp": {
          "sec": 1769606566,
          "nanosec": 386913990,
          "stamp_ns": 1769606566386913990
        },
        "R": [
          [
            0.30698596114,
            -0.951701958432,
            -0.004796037984
          ],
          [
            -0.95170517556,
            -0.306957449009,
            -0.005863728367
          ],
          [
            0.004108342185,
            0.00636449646,
            -0.999971306943
          ]
        ],
        "t": [
          0.3974954857627709,
          0.6444012761402091,
          0.3038044371448066
        ]
      }
    },
    "image_3": {
      "image_file": "pose_3_image.png",
      "image_stamp_ns": 1769606569386959871,
      "joint_stamp_ns": 1769606569526448086,
      "position": [
        -1.051899032001831,
        1.3952091375934046,
        -1.9140035114684046,
        -1.5707781950580042,
        -1.4162166754352015,
        0.7828819751739502
      ],
      "camera_pose": {
        "parent_frame": "base_link",
        "child_frame": "camera_optical",
        "stamp": {
          "sec": 1769606569,
          "nanosec": 386959871,
          "stamp_ns": 1769606569386959871
        },
        "R": [
          [
            0.586011675545,
            -0.810297833029,
            -0.002781710501
          ],
          [
            -0.810292686351,
            -0.58598405938,
            -0.006960215425
          ],
          [
            0.004009809465,
            0.006332767178,
            -0.999971908349
          ]
        ],
        "t": [
          0.35311669109886135,
          0.6218082982204991,
          0.3038319598150514
        ]
      }
    },
    "image_4": {
      "image_file": "pose_4_image.png",
      "image_stamp_ns": 1769606572186960698,
      "joint_stamp_ns": 1769606572426436131,
      "position": [
        -1.1213290852359314,
        1.5020321051227015,
        -1.9514199695982875,
        -1.57080585161318,
        -1.7305081526385706,
        0.7827610373497009
      ],
      "camera_pose": {
        "parent_frame": "base_link",
        "child_frame": "camera_optical",
        "stamp": {
          "sec": 1769606572,
          "nanosec": 186960698,
          "stamp_ns": 1769606572186960698
        },
        "R": [
          [
            0.807863413368,
            -0.589369553306,
            -0.000484745758
          ],
          [
            -0.58935626074,
            -0.807839081222,
            -0.007430799272
          ],
          [
            0.00398789028,
            0.006288758811,
            -0.999972273737
          ]
        ],
        "t": [
          0.31784433897150516,
          0.5865859876541327,
          0.30386821561671523
        ]
      }
    },
    "image_5": {
      "image_file": "pose_5_image.png",
      "image_stamp_ns": 1769606575186984880,
      "joint_stamp_ns": 1769606575276433801,
      "position": [
        -1.190263883476593,
        1.6036317984210413,
        -1.984081884423727,
        -1.5707948843585413,
        -2.0604384581195276,
        0.7669989466667175
      ],
      "camera_pose": {
        "parent_frame": "base_link",
        "child_frame": "camera_optical",
        "stamp": {
          "sec": 1769606575,
          "nanosec": 186984880,
          "stamp_ns": 1769606575186984880
        },
        "R": [
          [
            0.950406323698,
            -0.311005868751,
            0.001780302749
          ],
          [
            -0.310985855627,
            -0.950386761176,
            -0.007266483409
          ],
          [
            0.003951895149,
            0.006352462809,
            -0.999972013979
          ]
        ],
        "t": [
          0.29521311910374665,
          0.5422489511064706,
          0.3038278063187649
        ]
      }
    },
    "image_6": {
      "image_file": "pose_6_image.png",
      "image_stamp_ns": 1769606577986975728,
      "joint_stamp_ns": 1769606578126492903,
      "position": [
        -1.2524826985648652,
        1.6910761038409632,
        -2.0093747578062953,
        -1.570817772542135,
        -2.4065542856799524,
        0.7350468635559082
      ],
      "camera_pose": {
        "parent_frame": "base_link",
        "child_frame": "camera_optical",
        "stamp": {
          "sec": 1769606577,
          "nanosec": 986975728,
          "stamp_ns": 1769606577986975728
        },
        "R": [
          [
            0.999990170888,
            -0.002085596842,
            0.003912596816
          ],
          [
            -0.002061001581,
            -0.99997815853,
            -0.006279708187
          ],
          [
            0.003925608299,
            0.006271582595,
            -0.999972628051
          ]
        ],
        "t": [
          0.28744063217557975,
          0.4930610695656478,
          0.30386329855543553
        ]
      }
    }
  }
}