{
  "note": "Per-image joint positions and camera pose at capture time.",
  "prompt": "yellow object.",
  "created_at": "2026-01-28T15:07:52.228079",
  "joint_names": [
    "shoulder_lift_joint",
    "elbow_joint",
    "wrist_1_joint",
    "wrist_2_joint",
    "wrist_3_joint",
    "shoulder_pan_joint"
  ],
  "shots": {
    "image_1": {
      "image_file": "pose_1_image.png",
      "image_stamp_ns": 1769609288902192868,
      "joint_stamp_ns": 1769609289066443873,
      "position": [
        -0.9563829463771363,
        1.2411311308490198,
        -1.8555218182005824,
        -1.570810619984762,
        -0.8732965628253382,
        0.6975135803222656
      ],
      "camera_pose": {
        "parent_frame": "base_link",
        "child_frame": "camera_optical",
        "stamp": {
          "sec": 1769609288,
          "nanosec": 902192868,
          "stamp_ns": 1769609288902192868
        },
        "R": [
          [
            -0.002152207015,
            -0.999978154981,
            -0.00624960525
          ],
          [
            -0.999989558894,
            0.002177340662,
            -0.004017622389
          ],
          [
            0.004031142143,
            0.006240893242,
            -0.999972400191
          ]
        ],
        "t": [
          0.46704291726817204,
          0.6245298902182184,
          0.30392380067566904
        ]
      }
    },
    "image_2": {
      "image_file": "pose_2_image.png",
      "image_stamp_ns": 1769609291702246830,
      "joint_stamp_ns": 1769609291916496824,
      "position": [
        -1.0114371341517945,
        1.3309419790851038,
        -1.8902050457396449,
        -1.5707915464984339,
        -1.1643279234515589,
        0.7206065654754639
      ],
      "camera_pose": {
        "parent_frame": "base_link",
        "child_frame": "camera_optical",
        "stamp": {
          "sec": 1769609291,
          "nanosec": 702246830,
          "stamp_ns": 1769609291702246830
        },
        "R": [
          [
            0.30694675109,
            -0.951714769973,
            -0.004763256265
          ],
          [
            -0.951717992052,
            -0.30691870471,
            -0.005811394376
          ],
          [
            0.004068857418,
            0.006317065311,
            -0.999971769144
          ]
        ],
        "t": [
          0.4179539760273506,
          0.616722717070818,
          0.3038101781940537
        ]
      }
    },
    "image_3": {
      "image_file": "pose_3_image.png",
      "image_stamp_ns": 1769609294502217510,
      "joint_stamp_ns": 1769609294766491542,
      "position": [
        -1.0764281314662476,
        1.4333866278277796,
        -1.9277130566039027,
        -1.5707600752459925,
        -1.466928784047262,
        0.7321938276290894
      ],
      "camera_pose": {
        "parent_frame": "base_link",
        "child_frame": "camera_optical",
        "stamp": {
          "sec": 1769609294,
          "nanosec": 502217510,
          "stamp_ns": 1769609294502217510
        },
        "R": [
          [
            0.586026955006,
            -0.810286745378,
            -0.002792538666
          ],
          [
            -0.810281666525,
            -0.585999293275,
            -0.00696054411
          ],
          [
            0.004003610948,
            0.006341809354,
            -0.999971875881
          ]
        ],
        "t": [
          0.3735589348492413,
          0.5940801652393347,
          0.3038347943761152
        ]
      }
    },
    "image_4": {
      "image_file": "pose_4_image.png",
      "image_stamp_ns": 1769609297502260363,
      "joint_stamp_ns": 1769609297616439349,
      "position": [
        -1.14583112419162,
        1.5386641661273401,
        -1.9635654888548792,
        -1.570810619984762,
        -1.7837074438678187,
        0.7295924425125122
      ],
      "camera_pose": {
        "parent_frame": "base_link",
        "child_frame": "camera_optical",
        "stamp": {
          "sec": 1769609297,
          "nanosec": 502260363,
          "stamp_ns": 1769609297502260363
        },
        "R": [
          [
            0.807769044134,
            -0.58949883815,
            -0.000539591336
          ],
          [
            -0.58948566432,
            -0.807744139248,
            -0.007487127045
          ],
          [
            0.003977800955,
            0.006365950813,
            -0.999971825488
          ]
        ],
        "t": [
          0.338296138813593,
          0.5589166736432312,
          0.3038207153851832
        ]
      }
    },
    "image_5": {
      "image_file": "pose_5_image.png",
      "image_stamp_ns": 1769609300302245931,
      "joint_stamp_ns": 1769609300466437305,
      "position": [
        -1.2140137118152161,
        1.637432877217428,
        -1.9942017994322718,
        -1.570763889943258,
        -2.1165197531329554,
        0.7109912037849426
      ],
      "camera_pose": {
        "parent_frame": "base_link",
        "child_frame": "camera_optical",
        "stamp": {
          "sec": 1769609300,
          "nanosec": 302245931,
          "stamp_ns": 1769609300302245931
        },
        "R": [
          [
            0.950422071845,
            -0.310957759162,
            0.001776898324
          ],
          [
            -0.310937920362,
            -0.950402738655,
            -0.007228003674
          ],
          [
            0.003936372859,
            0.006317149157,
            -0.999972298914
          ]
        ],
        "t": [
          0.3156610795935464,
          0.5145526529783692,
          0.30384026975283385
        ]
      }
    },
    "image_6": {
      "image_file": "pose_6_image.png",
      "image_stamp_ns": 1769609303102256117,
      "joint_stamp_ns": 1769609303366441558,
      "position": [
        -1.2744622987559815,
        1.721114460621969,
        -2.0173856220641078,
        -1.570836369191305,
        -2.465552632008688,
        0.676086962223053
      ],
      "camera_pose": {
        "parent_frame": "base_link",
        "child_frame": "camera_optical",
        "stamp": {
          "sec": 1769609303,
          "nanosec": 102256117,
          "stamp_ns": 1769609303102256117
        },
        "R": [
          [
            0.999990045383,
            -0.002081811439,
            0.003946542411
          ],
          [
            -0.002057060399,
            -0.999978257054,
            -0.006265294985
          ],
          [
            0.003959499764,
            0.00625711434,
            -0.999972585065
          ]
        ],
        "t": [
          0.30788935602379275,
          0.46532694594039,
          0.30389081758255876
        ]
      }
    }
  }
}