{
  "note": "Per-image joint positions and camera pose at capture time.",
  "prompt": "yellow object .",
  "created_at": "2026-01-22T14:30:41.260828",
  "joint_names": [
    "shoulder_lift_joint",
    "elbow_joint",
    "wrist_1_joint",
    "wrist_2_joint",
    "wrist_3_joint",
    "shoulder_pan_joint"
  ],
  "shots": {
    "image_1": {
      "image_file": "pose_1_image.png",
      "image_stamp_ns": 1769088654682860000,
      "joint_stamp_ns": 1769088654889610591,
      "position": [
        -0.9310640853694458,
        1.1990559736834925,
        -1.8387733898558558,
        -1.5708139578448694,
        -0.8453429380999964,
        0.7255321741104126
      ],
      "camera_pose": {
        "parent_frame": "base_link",
        "child_frame": "camera_optical",
        "stamp": {
          "sec": 1769088654,
          "nanosec": 682860000,
          "stamp_ns": 1769088654682860000
        },
        "R": [
          [
            -0.002103868664,
            -0.99997855589,
            -0.006201733416
          ],
          [
            -0.999989544392,
            0.002128990962,
            -0.00404703646
          ],
          [
            0.004060153109,
            0.00619315414,
            -0.999972579623
          ]
        ],
        "t": [
          0.45889434589060507,
          0.6443673821906674,
          0.3039357659245886
        ]
      }
    },
    "image_2": {
      "image_file": "pose_2_image.png",
      "image_stamp_ns": 1769088657682865601,
      "joint_stamp_ns": 1769088657789605228,
      "position": [
        -0.9857973617366333,
        1.2894437948810022,
        -1.8743745289244593,
        -1.5707815329181116,
        -1.1356671492206019,
        0.7492992281913757
      ],
      "camera_pose": {
        "parent_frame": "base_link",
        "child_frame": "camera_optical",
        "stamp": {
          "sec": 1769088657,
          "nanosec": 682865601,
          "stamp_ns": 1769088657682865601
        },
        "R": [
          [
            0.307019011158,
            -0.951691102514,
            -0.004834478581
          ],
          [
            -0.951694509003,
            -0.30699025249,
            -0.005877619439
          ],
          [
            0.004109540324,
            0.006405487628,
            -0.999971040284
          ]
        ],
        "t": [
          0.409752496676249,
          0.6365621673217816,
          0.30377752984024764
        ]
      }
    },
    "image_3": {
      "image_file": "pose_3_image.png",
      "image_stamp_ns": 1769088660482958521,
      "joint_stamp_ns": 1769088660689612331,
      "position": [
        -1.050758258705475,
        1.3932865301715296,
        -1.913339754144186,
        -1.570793930684225,
        -1.4372075239764612,
        0.7619771361351013
      ],
      "camera_pose": {
        "parent_frame": "base_link",
        "child_frame": "camera_optical",
        "stamp": {
          "sec": 1769088660,
          "nanosec": 482958521,
          "stamp_ns": 1769088660482958521
        },
        "R": [
          [
            0.586069419604,
            -0.810256127475,
            -0.002764650712
          ],
          [
            -0.810250682846,
            -0.586041570482,
            -0.007007753852
          ],
          [
            0.004057875253,
            0.00634709036,
            -0.999971623644
          ]
        ],
        "t": [
          0.365425159369635,
          0.613935850300783,
          0.30381132270597755
        ]
      }
    },
    "image_4": {
      "image_file": "pose_4_image.png",
      "image_stamp_ns": 1769088663482976732,
      "joint_stamp_ns": 1769088663589606409,
      "position": [
        -1.1204737287810822,
        1.5007360617267054,
        -1.950991769830221,
        -1.5707867781268519,
        -1.7524884382831019,
        0.7608593702316284
      ],
      "camera_pose": {
        "parent_frame": "base_link",
        "child_frame": "camera_optical",
        "stamp": {
          "sec": 1769088663,
          "nanosec": 482976732,
          "stamp_ns": 1769088663482976732
        },
        "R": [
          [
            0.807777191203,
            -0.589487715613,
            -0.000492456327
          ],
          [
            -0.589474312319,
            -0.807752584392,
            -0.007469774114
          ],
          [
            0.004005557207,
            0.006324203508,
            -0.999971979588
          ]
        ],
        "t": [
          0.3301543194825111,
          0.5787282080547151,
          0.3038345635163483
        ]
      }
    },
    "image_5": {
      "image_file": "pose_5_image.png",
      "image_stamp_ns": 1769088666282995383,
      "joint_stamp_ns": 1769088666439605506,
      "position": [
        -1.1892335575870057,
        1.602086369191305,
        -1.983591218987936,
        -1.5707867781268519,
        -2.083477799092428,
        0.744072675704956
      ],
      "camera_pose": {
        "parent_frame": "base_link",
        "child_frame": "camera_optical",
        "stamp": {
          "sec": 1769088666,
          "nanosec": 282995383,
          "stamp_ns": 1769088666282995383
        },
        "R": [
          [
            0.950442584732,
            -0.31089528093,
            0.001737073006
          ],
          [
            -0.310875692985,
            -0.950423090577,
            -0.007228582781
          ],
          [
            0.00389828657,
            0.006330339128,
            -0.999972364702
          ]
        ],
        "t": [
          0.3075132659038341,
          0.5343893428493116,
          0.30382237412324536
        ]
      }
    },
    "image_6": {
      "image_file": "pose_6_image.png",
      "image_stamp_ns": 1769088669083035840,
      "joint_stamp_ns": 1769088669289609558,
      "position": [
        -1.2506683629802247,
        1.688624684010641,
        -2.0087391338744105,
        -1.5707867781268519,
        -2.430507485066549,
        0.7111949324607849
      ],
      "camera_pose": {
        "parent_frame": "base_link",
        "child_frame": "camera_optical",
        "stamp": {
          "sec": 1769088669,
          "nanosec": 83035840,
          "stamp_ns": 1769088669083035840
        },
        "R": [
          [
            0.999990471923,
            -0.001922513979,
            0.003919183926
          ],
          [
            -0.001897683855,
            -0.999978168263,
            -0.006329438617
          ],
          [
            0.003931266798,
            0.006321940937,
            -0.999972288718
          ]
        ],
        "t": [
          0.29973824636210616,
          0.48518694971365134,
          0.30385450063686076
        ]
      }
    }
  }
}