[
  {
    "index": 0,
    "file": "pose_1_image.png",
    "cam_T_world": [
      [
        0.9999999704903084,
        0.00015640055042661345,
        7.105320913127973e-05,
        -1.7764919659071043e-05
      ],
      [
        -0.0001564046158678071,
        0.9999999747196859,
        2.8599116418560435e-05,
        -0.0001439940759703711
      ],
      [
        -7.104425970368571e-05,
        -2.8621340830418934e-05,
        0.999999994133532,
        0.00027847828226928116
      ],
      [
        0.0,
        0.0,
        0.0,
        1.0
      ]
    ],
    "K": [
      [
        465.41693115234375,
        0.0,
        259.0
      ],
      [
        0.0,
        469.72589111328125,
        259.0
      ],
      [
        0.0,
        0.0,
        1.0
      ]
    ],
    "image_size": [
      518,
      518
    ]
  },
  {
    "index": 1,
    "file": "pose_2_image.png",
    "cam_T_world": [
      [
        0.9521709738473547,
        0.2686990329475856,
        0.14817436172271117,
        -0.1636106825827985
      ],
      [
        -0.2662903277513194,
        0.9634899799179946,
        -0.028237979467713677,
        0.022140839757579855
      ],
      [
        -0.15053563672471595,
        -0.012617162821111043,
        0.9886150347138333,
        0.0032054940613336054
      ],
      [
        0.0,
        0.0,
        0.0,
        1.0
      ]
    ],
    "K": [
      [
        465.41693115234375,
        0.0,
        259.0
      ],
      [
        0.0,
        465.41693115234375,
        259.0
      ],
      [
        0.0,
        0.0,
        1.0
      ]
    ],
    "image_size": [
      518,
      518
    ]
  },
  {
    "index": 2,
    "file": "pose_3_image.png",
    "cam_T_world": [
      [
        0.8113659386005064,
        0.513181577144354,
        0.2847654658062296,
        -0.3279440649853895
      ],
      [
        -0.5069312249332305,
        0.8569335446920042,
        -0.09026826705269486,
        0.08290431217360582
      ],
      [
        -0.29189764170499305,
        -0.07158482728936873,
        0.9542194398498557,
        0.029494778385019675
      ],
      [
        0.0,
        0.0,
        0.0,
        1.0
      ]
    ],
    "K": [
      [
        469.72589111328125,
        0.0,
        259.0
      ],
      [
        0.0,
        474.0963134765625,
        259.0
      ],
      [
        0.0,
        0.0,
        1.0
      ]
    ],
    "image_size": [
      518,
      518
    ]
  },
  {
    "index": 3,
    "file": "pose_4_image.png",
    "cam_T_world": [
      [
        0.5871870117370904,
        0.7041357378686616,
        0.39316121177663366,
        -0.45020152466893637
      ],
      [
        -0.7012094058286475,
        0.6876712409618934,
        -0.1869937031581374,
        0.18601667116371448
      ],
      [
        -0.4042851587578836,
        -0.16573201810666197,
        0.8997158735685481,
        0.10415560000477346
      ],
      [
        0.0,
        0.0,
        0.0,
        1.0
      ]
    ],
    "K": [
      [
        469.72589111328125,
        0.0,
        259.0
      ],
      [
        0.0,
        469.72589111328125,
        259.0
      ],
      [
        0.0,
        0.0,
        1.0
      ]
    ],
    "image_size": [
      518,
      518
    ]
  },
  {
    "index": 4,
    "file": "pose_5_image.png",
    "cam_T_world": [
      [
        0.30778452130460293,
        0.8322038889009131,
        0.45960510364616564,
        -0.5224196084694711
      ],
      [
        -0.8231220640098923,
        0.4733532973762408,
        -0.30893107152031635,
        0.31389957470097757
      ],
      [
        -0.47394465705134353,
        -0.28510919211586816,
        0.8330294185726623,
        0.20164758313947692
      ],
      [
        0.0,
        0.0,
        0.0,
        1.0
      ]
    ],
    "K": [
      [
        452.84503173828125,
        0.0,
        259.0
      ],
      [
        0.0,
        452.84503173828125,
        259.0
      ],
      [
        0.0,
        0.0,
        1.0
      ]
    ],
    "image_size": [
      518,
      518
    ]
  },
  {
    "index": 5,
    "file": "pose_6_image.png",
    "cam_T_world": [
      [
        0.013206073838447043,
        0.8846962630787684,
        0.46919253841955505,
        -0.5369049318716931
      ],
      [
        -0.8665276044876432,
        0.24418349151141736,
        -0.43679493369772515,
        0.4431053771823373
      ],
      [
        -0.4990005519028903,
        -0.4012762359084934,
        0.7687655957561517,
        0.2974454306629869
      ],
      [
        0.0,
        0.0,
        0.0,
        1.0
      ]
    ],
    "K": [
      [
        432.9974365234375,
        0.0,
        259.0
      ],
      [
        0.0,
        436.8620910644531,
        259.0
      ],
      [
        0.0,
        0.0,
        1.0
      ]
    ],
    "image_size": [
      518,
      518
    ]
  }
]