{
  "note": "Per-image joint positions and camera pose at capture time.",
  "prompt": "blue object.",
  "created_at": "2026-01-28T15:23:14.396933",
  "joint_names": [
    "shoulder_lift_joint",
    "elbow_joint",
    "wrist_1_joint",
    "wrist_2_joint",
    "wrist_3_joint",
    "shoulder_pan_joint"
  ],
  "shots": {
    "image_1": {
      "image_file": "pose_1_image.png",
      "image_stamp_ns": 1769610207710531346,
      "joint_stamp_ns": 1769610207884489361,
      "position": [
        -1.025458113556244,
        1.3532756010638636,
        -1.8985663853087367,
        -1.570817772542135,
        -0.7682574431048792,
        0.802674412727356
      ],
      "camera_pose": {
        "parent_frame": "base_link",
        "child_frame": "camera_optical",
        "stamp": {
          "sec": 1769610207,
          "nanosec": 710531346,
          "stamp_ns": 1769610207710531346
        },
        "R": [
          [
            -0.002077321044,
            -0.999977928397,
            -0.00631089971
          ],
          [
            -0.999989495973,
            0.002103046689,
            -0.004072485468
          ],
          [
            0.004085667698,
            0.00630237356,
            -0.999971793306
          ]
        ],
        "t": [
          0.3845434807346475,
          0.6490973928234417,
          0.30387441718731484
        ]
      }
    },
    "image_2": {
      "image_file": "pose_2_image.png",
      "image_stamp_ns": 1769610210510570732,
      "joint_stamp_ns": 1769610210784445326,
      "position": [
        -1.0726501208594819,
        1.4276278654681605,
        -1.9256626568236292,
        -1.5707901159869593,
        -1.0542472044574183,
        0.8307786583900452
      ],
      "camera_pose": {
        "parent_frame": "base_link",
        "child_frame": "camera_optical",
        "stamp": {
          "sec": 1769610210,
          "nanosec": 510570732,
          "stamp_ns": 1769610210510570732
        },
        "R": [
          [
            0.306919158827,
            -0.951724223213,
            -0.004651117442
          ],
          [
            -0.951727158798,
            -0.306892207245,
            -0.00570861977
          ],
          [
            0.004005640019,
            0.006178679566,
            -0.999972889016
          ]
        ],
        "t": [
          0.3354225026470051,
          0.6412907804533817,
          0.30393672810971156
        ]
      }
    },
    "image_3": {
      "image_file": "pose_3_image.png",
      "image_stamp_ns": 1769610213510593979,
      "joint_stamp_ns": 1769610213634488680,
      "position": [
        -1.1320238274386902,
        1.518029514943258,
        -1.9567514858641566,
        -1.570817772542135,
        -1.351257626210348,
        0.8478952646255493
      ],
      "camera_pose": {
        "parent_frame": "base_link",
        "child_frame": "camera_optical",
        "stamp": {
          "sec": 1769610213,
          "nanosec": 510593979,
          "stamp_ns": 1769610213510593979
        },
        "R": [
          [
            0.586068635841,
            -0.810256640824,
            -0.002780302952
          ],
          [
            -0.810251439492,
            -0.586040949721,
            -0.00697209094
          ],
          [
            0.004019811602,
            0.006338868295,
            -0.999971829535
          ]
        ],
        "t": [
          0.2910526296317703,
          0.6186773667588576,
          0.30383721538218866
        ]
      }
    },
    "image_4": {
      "image_file": "pose_4_image.png",
      "image_stamp_ns": 1769610216310568043,
      "joint_stamp_ns": 1769610216484491613,
      "position": [
        -1.198743687277176,
        1.6156991163836878,
        -1.9877430401244105,
        -1.5707901159869593,
        -1.6622579733477991,
        0.8511210083961487
      ],
      "camera_pose": {
        "parent_frame": "base_link",
        "child_frame": "camera_optical",
        "stamp": {
          "sec": 1769610216,
          "nanosec": 310568043,
          "stamp_ns": 1769610216310568043
        },
        "R": [
          [
            0.807811115008,
            -0.589441257977,
            -0.000453722554
          ],
          [
            -0.589427667509,
            -0.807786750507,
            -0.007455902296
          ],
          [
            0.004028305361,
            0.006290397374,
            -0.999972101439
          ]
        ],
        "t": [
          0.255825927804367,
          0.5834738762184964,
          0.30386404959737107
        ]
      }
    },
    "image_5": {
      "image_file": "pose_5_image.png",
      "image_stamp_ns": 1769610219110583057,
      "joint_stamp_ns": 1769610219334445095,
      "position": [
        -1.2675287288478394,
        1.7117846647845667,
        -2.014925619164938,
        -1.5708139578448694,
        -1.989638630543844,
        0.8378865122795105
      ],
      "camera_pose": {
        "parent_frame": "base_link",
        "child_frame": "camera_optical",
        "stamp": {
          "sec": 1769610219,
          "nanosec": 110583057,
          "stamp_ns": 1769610219110583057
        },
        "R": [
          [
            0.950475228495,
            -0.310795044494,
            0.00181116933
          ],
          [
            -0.310774839699,
            -0.950455783841,
            -0.007266496576
          ],
          [
            0.003979827492,
            0.006343759135,
            -0.999971958453
          ]
        ],
        "t": [
          0.23313046972876292,
          0.5390841686809754,
          0.3038561995622218
        ]
      }
    },
    "image_6": {
      "image_file": "pose_6_image.png",
      "image_stamp_ns": 1769610221910668762,
      "joint_stamp_ns": 1769610222184493727,
      "position": [
        -1.3322429221919556,
        1.7972949186908167,
        -2.03576721767568,
        -1.5707905928241175,
        -2.334653917943136,
        0.8070703744888306
      ],
      "camera_pose": {
        "parent_frame": "base_link",
        "child_frame": "camera_optical",
        "stamp": {
          "sec": 1769610221,
          "nanosec": 910668762,
          "stamp_ns": 1769610221910668762
        },
        "R": [
          [
            0.999990077849,
            -0.002183213618,
            0.00388301205
          ],
          [
            -0.002158637213,
            -0.999977684909,
            -0.006322180733
          ],
          [
            0.003896728071,
            0.006313735989,
            -0.999972475745
          ]
        ],
        "t": [
          0.2253802649794008,
          0.4899106667082632,
          0.3038660013233171
        ]
      }
    }
  }
}