[
  {
    "index": 0,
    "file": "pose_1_image.png",
    "cam_T_world": [
      [
        0.9999999999067768,
        9.059946191998537e-06,
        3.3377510241060683e-06,
        -6.675590186384752e-06
      ],
      [
        -9.059865815404288e-06,
        0.9999999997729532,
        -1.2040168482459915e-05,
        -7.629684727310564e-05
      ],
      [
        -3.3379691891476044e-06,
        1.2040108001062261e-05,
        0.9999999998438938,
        0.00024604707729040986
      ],
      [
        0.0,
        0.0,
        0.0,
        1.0
      ]
    ],
    "K": [
      [
        487.5914306640625,
        0.0,
        259.0
      ],
      [
        0.0,
        489.89862060546875,
        259.0
      ],
      [
        0.0,
        0.0,
        1.0
      ]
    ],
    "image_size": [
      518,
      518
    ]
  },
  {
    "index": 1,
    "file": "pose_2_image.png",
    "cam_T_world": [
      [
        0.9527332874648248,
        0.2673267914227503,
        0.14832658543593144,
        -0.14379133319777415
      ],
      [
        -0.2639294283067844,
        0.9639921444868499,
        -0.03135234186779061,
        0.02112149540029454
      ],
      [
        -0.1504606389579895,
        -0.009161076137906368,
        0.9885496878505287,
        0.013282564945949584
      ],
      [
        0.0,
        0.0,
        0.0,
        1.0
      ]
    ],
    "K": [
      [
        485.3011169433594,
        0.0,
        259.0
      ],
      [
        0.0,
        487.5914306640625,
        259.0
      ],
      [
        0.0,
        0.0,
        1.0
      ]
    ],
    "image_size": [
      518,
      518
    ]
  },
  {
    "index": 2,
    "file": "pose_3_image.png",
    "cam_T_world": [
      [
        0.8158638275020973,
        0.5049758167554481,
        0.286895049008527,
        -0.2913171395527093
      ],
      [
        -0.49997775508157366,
        0.8615094696345736,
        -0.09084291476603215,
        0.07048630831105984
      ],
      [
        -0.2911360083610351,
        -0.06870925476615275,
        0.9540906168490655,
        0.016371004371696404
      ],
      [
        0.0,
        0.0,
        0.0,
        1.0
      ]
    ],
    "K": [
      [
        496.9236755371094,
        0.0,
        259.0
      ],
      [
        0.0,
        499.3006286621094,
        259.0
      ],
      [
        0.0,
        0.0,
        1.0
      ]
    ],
    "image_size": [
      518,
      518
    ]
  },
  {
    "index": 3,
    "file": "pose_4_image.png",
    "cam_T_world": [
      [
        0.5995030179112883,
        0.7040816991787602,
        0.3852533333846933,
        -0.39909910391300746
      ],
      [
        -0.6915327541996958,
        0.6963018135399581,
        -0.19288152890547797,
        0.16401060726744013
      ],
      [
        -0.40174614992790003,
        -0.1512730934119896,
        0.9026181224976092,
        0.06064813212962257
      ],
      [
        0.0,
        0.0,
        0.0,
        1.0
      ]
    ],
    "K": [
      [
        504.1084899902344,
        0.0,
        259.0
      ],
      [
        0.0,
        504.1084899902344,
        259.0
      ],
      [
        0.0,
        0.0,
        1.0
      ]
    ],
    "image_size": [
      518,
      518
    ]
  },
  {
    "index": 4,
    "file": "pose_5_image.png",
    "cam_T_world": [
      [
        0.3247904278852804,
        0.8287517633409398,
        0.45229064862368196,
        -0.46638141577436426
      ],
      [
        -0.8119053428780498,
        0.4896129994043818,
        -0.3126473154040603,
        0.2772735984755889
      ],
      [
        -0.48199010584138685,
        -0.26754001114916476,
        0.8345550548955402,
        0.1557884648029536
      ],
      [
        0.0,
        0.0,
        0.0,
        1.0
      ]
    ],
    "K": [
      [
        487.5914306640625,
        0.0,
        259.0
      ],
      [
        0.0,
        487.5914306640625,
        259.0
      ],
      [
        0.0,
        0.0,
        1.0
      ]
    ],
    "image_size": [
      518,
      518
    ]
  },
  {
    "index": 5,
    "file": "pose_6_image.png",
    "cam_T_world": [
      [
        0.02402654658653206,
        0.879813363816035,
        0.47719608936213137,
        -0.4905096566030954
      ],
      [
        -0.8533745681024487,
        0.26448208180759514,
        -0.4470532131971103,
        0.40155322014693345
      ],
      [
        -0.5191600969363005,
        -0.39525742546696796,
        0.757952472677083,
        0.24147327105892732
      ],
      [
        0.0,
        0.0,
        0.0,
        1.0
      ]
    ],
    "K": [
      [
        476.3050537109375,
        0.0,
        259.0
      ],
      [
        0.0,
        478.5296936035156,
        259.0
      ],
      [
        0.0,
        0.0,
        1.0
      ]
    ],
    "image_size": [
      518,
      518
    ]
  }
]