[
  {
    "index": 0,
    "file": "pose_1_image.png",
    "cam_T_world": [
      [
        0.9999999946703612,
        -6.10392043713307e-05,
        4.0048150654308134e-05,
        -6.865001431022534e-05
      ],
      [
        6.103110623063204e-05,
        0.9999999860556273,
        0.00010109192068897074,
        -7.293482294639799e-05
      ],
      [
        -4.006049067822991e-05,
        -0.00010108703124553004,
        0.999999988176569,
        0.0002517801422041257
      ],
      [
        0.0,
        0.0,
        0.0,
        1.0
      ]
    ],
    "K": [
      [
        461.1679992675781,
        0.0,
        259.0
      ],
      [
        0.0,
        465.41693115234375,
        259.0
      ],
      [
        0.0,
        0.0,
        1.0
      ]
    ],
    "image_size": [
      518,
      518
    ]
  },
  {
    "index": 1,
    "file": "pose_2_image.png",
    "cam_T_world": [
      [
        0.9517815175278322,
        0.2655902642231116,
        0.15346468304831662,
        -0.16369769943024948
      ],
      [
        -0.2656280076758217,
        0.9638592493226051,
        -0.020866624057785985,
        0.014289235222449468
      ],
      [
        -0.15339935784184391,
        -0.02110069849360426,
        0.9878607533316169,
        0.003611017221017972
      ],
      [
        0.0,
        0.0,
        0.0,
        1.0
      ]
    ],
    "K": [
      [
        461.1679992675781,
        0.0,
        259.0
      ],
      [
        0.0,
        469.72589111328125,
        259.0
      ],
      [
        0.0,
        0.0,
        1.0
      ]
    ],
    "image_size": [
      518,
      518
    ]
  },
  {
    "index": 2,
    "file": "pose_3_image.png",
    "cam_T_world": [
      [
        0.8127158469819111,
        0.5035419587950136,
        0.2955691136801301,
        -0.32501476074956337
      ],
      [
        -0.49981828909606757,
        0.8617594817219685,
        -0.09059750937590225,
        0.0767486111633218
      ],
      [
        -0.3012027309839052,
        -0.0737047043438832,
        0.950792090855743,
        0.04081028669490866
      ],
      [
        0.0,
        0.0,
        0.0,
        1.0
      ]
    ],
    "K": [
      [
        465.41693115234375,
        0.0,
        259.0
      ],
      [
        0.0,
        469.72589111328125,
        259.0
      ],
      [
        0.0,
        0.0,
        1.0
      ]
    ],
    "image_size": [
      518,
      518
    ]
  },
  {
    "index": 3,
    "file": "pose_4_image.png",
    "cam_T_world": [
      [
        0.5999786395767223,
        0.6967565524552939,
        0.3945764639988311,
        -0.43469078524966004
      ],
      [
        -0.6915605227260404,
        0.6993151808451532,
        -0.18695610881819527,
        0.1698933081469789
      ],
      [
        -0.405441438953494,
        -0.16026636897696975,
        0.8997429993867042,
        0.10540340754592518
      ],
      [
        0.0,
        0.0,
        0.0,
        1.0
      ]
    ],
    "K": [
      [
        465.41693115234375,
        0.0,
        259.0
      ],
      [
        0.0,
        465.41693115234375,
        259.0
      ],
      [
        0.0,
        0.0,
        1.0
      ]
    ],
    "image_size": [
      518,
      518
    ]
  },
  {
    "index": 4,
    "file": "pose_5_image.png",
    "cam_T_world": [
      [
        0.32132844135382665,
        0.8233421326156297,
        0.46520401272950634,
        -0.5208470643898095
      ],
      [
        -0.8141723685044118,
        0.4909330497608186,
        -0.3050824057497711,
        0.29698285763134286
      ],
      [
        -0.4790441942332448,
        -0.2810175941881336,
        0.8309433570945938,
        0.18461631068626375
      ],
      [
        0.0,
        0.0,
        0.0,
        1.0
      ]
    ],
    "K": [
      [
        456.9778747558594,
        0.0,
        259.0
      ],
      [
        0.0,
        461.1679992675781,
        259.0
      ],
      [
        0.0,
        0.0,
        1.0
      ]
    ],
    "image_size": [
      518,
      518
    ]
  },
  {
    "index": 5,
    "file": "pose_6_image.png",
    "cam_T_world": [
      [
        0.03255885497436094,
        0.8690464295894891,
        0.48986773733723604,
        -0.5575296672974447
      ],
      [
        -0.8572275442649289,
        0.2765880097233566,
        -0.43662868527573684,
        0.43391320067125794
      ],
      [
        -0.5135443688793409,
        -0.4077044133721973,
        0.7532561260790595,
        0.276656939884944
      ],
      [
        0.0,
        0.0,
        0.0,
        1.0
      ]
    ],
    "K": [
      [
        448.7682800292969,
        0.0,
        259.0
      ],
      [
        0.0,
        452.84503173828125,
        259.0
      ],
      [
        0.0,
        0.0,
        1.0
      ]
    ],
    "image_size": [
      518,
      518
    ]
  }
]