[
  {
    "index": 0,
    "file": "pose_1_image.png",
    "cam_T_world": [
      [
        0.9999999822748581,
        -0.00010013103176172135,
        8.774347862062202e-05,
        -3.0497996247372246e-05
      ],
      [
        0.00010014057054195629,
        0.9999999870178728,
        -5.435064919236077e-05,
        -0.00011826346428253543
      ],
      [
        -8.773259196926693e-05,
        5.4368220629635647e-05,
        0.9999999893470887,
        8.821112136668267e-05
      ],
      [
        0.0,
        0.0,
        0.0,
        1.0
      ]
    ],
    "K": [
      [
        494.5645446777344,
        0.0,
        259.0
      ],
      [
        0.0,
        494.5645446777344,
        259.0
      ],
      [
        0.0,
        0.0,
        1.0
      ]
    ],
    "image_size": [
      518,
      518
    ]
  },
  {
    "index": 1,
    "file": "pose_2_image.png",
    "cam_T_world": [
      [
        0.9521566943966332,
        0.2636244398083927,
        0.1547894299599213,
        -0.16336443736893347
      ],
      [
        -0.26355886066506873,
        0.9645440149025069,
        -0.03355452676211686,
        0.021106970189790727
      ],
      [
        -0.15758520210213844,
        -0.00851530856399289,
        0.9874193052825547,
        0.007059637376884589
      ],
      [
        0.0,
        0.0,
        0.0,
        1.0
      ]
    ],
    "K": [
      [
        492.2229309082031,
        0.0,
        259.0
      ],
      [
        0.0,
        489.89862060546875,
        259.0
      ],
      [
        0.0,
        0.0,
        1.0
      ]
    ],
    "image_size": [
      518,
      518
    ]
  },
  {
    "index": 2,
    "file": "pose_3_image.png",
    "cam_T_world": [
      [
        0.8103755024755854,
        0.5068952529301377,
        0.29571253527684055,
        -0.3217048311369697
      ],
      [
        -0.4956950579488805,
        0.8604128616186721,
        -0.11231463512853146,
        0.09254996713105525
      ],
      [
        -0.3114781340064817,
        -0.05588230588308673,
        0.9486736913404329,
        0.03766939781943421
      ],
      [
        0.0,
        0.0,
        0.0,
        1.0
      ]
    ],
    "K": [
      [
        494.5645446777344,
        0.0,
        259.0
      ],
      [
        0.0,
        492.2229309082031,
        259.0
      ],
      [
        0.0,
        0.0,
        1.0
      ]
    ],
    "image_size": [
      518,
      518
    ]
  },
  {
    "index": 3,
    "file": "pose_4_image.png",
    "cam_T_world": [
      [
        0.5917028716917925,
        0.6946475290162512,
        0.407644858867264,
        -0.4570476259118792
      ],
      [
        -0.6862408516677903,
        0.7004898849902629,
        -0.20433290097619544,
        0.18912786538551926
      ],
      [
        -0.4278569519077177,
        -0.15762876394724343,
        0.8898892698591927,
        0.0813496371037405
      ],
      [
        0.0,
        0.0,
        0.0,
        1.0
      ]
    ],
    "K": [
      [
        499.3006286621094,
        0.0,
        259.0
      ],
      [
        0.0,
        501.69549560546875,
        259.0
      ],
      [
        0.0,
        0.0,
        1.0
      ]
    ],
    "image_size": [
      518,
      518
    ]
  },
  {
    "index": 4,
    "file": "pose_5_image.png",
    "cam_T_world": [
      [
        0.30927439183973465,
        0.8245828615415933,
        0.47664095090961567,
        -0.5205625442787025
      ],
      [
        -0.7998256335359317,
        0.4942500039828869,
        -0.3405125080677204,
        0.3168771311487546
      ],
      [
        -0.5145682867212251,
        -0.2758695120012058,
        0.8109204535689511,
        0.19120574970532836
      ],
      [
        0.0,
        0.0,
        0.0,
        1.0
      ]
    ],
    "K": [
      [
        480.7704772949219,
        0.0,
        259.0
      ],
      [
        0.0,
        480.7704772949219,
        259.0
      ],
      [
        0.0,
        0.0,
        1.0
      ]
    ],
    "image_size": [
      518,
      518
    ]
  },
  {
    "index": 5,
    "file": "pose_6_image.png",
    "cam_T_world": [
      [
        0.00422386245134657,
        0.8759948116038143,
        0.4860811517575327,
        -0.5366509499839496
      ],
      [
        -0.8429420169813449,
        0.2642616020593561,
        -0.47100582557395326,
        0.45910372733627175
      ],
      [
        -0.5390461761103048,
        -0.4077537788788485,
        0.7360097827039489,
        0.2663628739338085
      ],
      [
        0.0,
        0.0,
        0.0,
        1.0
      ]
    ],
    "K": [
      [
        478.5296936035156,
        0.0,
        259.0
      ],
      [
        0.0,
        480.7704772949219,
        259.0
      ],
      [
        0.0,
        0.0,
        1.0
      ]
    ],
    "image_size": [
      518,
      518
    ]
  }
]