{
  "note": "Per-image joint positions and camera pose at capture time.",
  "prompt": "yellow object.",
  "created_at": "2026-01-28T14:53:23.339040",
  "joint_names": [
    "shoulder_lift_joint",
    "elbow_joint",
    "wrist_1_joint",
    "wrist_2_joint",
    "wrist_3_joint",
    "shoulder_pan_joint"
  ],
  "shots": {
    "image_1": {
      "image_file": "pose_1_image.png",
      "image_stamp_ns": 1769608442896384802,
      "joint_stamp_ns": 1769608443098444738,
      "position": [
        -1.0922845763019104,
        1.4577167669879358,
        -1.9362427196898402,
        -1.5707829634295862,
        -1.0142515341388147,
        0.5565952062606812
      ],
      "camera_pose": {
        "parent_frame": "base_link",
        "child_frame": "camera_optical",
        "stamp": {
          "sec": 1769608442,
          "nanosec": 896384802,
          "stamp_ns": 1769608442896384802
        },
        "R": [
          [
            -0.00215875181,
            -0.999978644389,
            -0.006168513259
          ],
          [
            -0.999989759758,
            0.002183228778,
            -0.003964075075
          ],
          [
            0.003977457696,
            0.006159892637,
            -0.999973117415
          ]
        ],
        "t": [
          0.49138209226835045,
          0.5219382416890413,
          0.30398109967083564
        ]
      }
    },
    "image_2": {
      "image_file": "pose_2_image.png",
      "image_stamp_ns": 1769608445696433587,
      "joint_stamp_ns": 1769608445948488740,
      "position": [
        -1.149501160984375,
        1.5441120306598108,
        -1.9652964077391566,
        -1.5707796255694788,
        -1.3092206160174769,
        0.5757341384887695
      ],
      "camera_pose": {
        "parent_frame": "base_link",
        "child_frame": "camera_optical",
        "stamp": {
          "sec": 1769608445,
          "nanosec": 696433587,
          "stamp_ns": 1769608445696433587
        },
        "R": [
          [
            0.307208921587,
            -0.951630093739,
            -0.004779454711
          ],
          [
            -0.951633596071,
            -0.307181076442,
            -0.005769324455
          ],
          [
            0.004022104729,
            0.006320677618,
            -0.99997193546
          ]
        ],
        "t": [
          0.4422090613513577,
          0.5140704607599005,
          0.30387922786891514
        ]
      }
    },
    "image_3": {
      "image_file": "pose_3_image.png",
      "image_stamp_ns": 1769608448696429935,
      "joint_stamp_ns": 1769608448848481542,
      "position": [
        -1.2151194375804444,
        1.639094654713766,
        -1.9946605167784632,
        -1.5708096663104456,
        -1.6179893652545374,
        0.581138014793396
      ],
      "camera_pose": {
        "parent_frame": "base_link",
        "child_frame": "camera_optical",
        "stamp": {
          "sec": 1769608448,
          "nanosec": 696429935,
          "stamp_ns": 1769608448696429935
        },
        "R": [
          [
            0.586067108966,
            -0.810257670639,
            -0.002801956357
          ],
          [
            -0.810252604569,
            -0.586039332564,
            -0.006972623415
          ],
          [
            0.004007564973,
            0.006356717682,
            -0.999971765383
          ]
        ],
        "t": [
          0.39786382475666154,
          0.49149765962766956,
          0.3038426334711419
        ]
      }
    },
    "image_4": {
      "image_file": "pose_4_image.png",
      "image_stamp_ns": 1769608451496430555,
      "joint_stamp_ns": 1769608451748442916,
      "position": [
        -1.2839858394912262,
        1.7338741461383265,
        -2.02066769222402,
        -1.5707829634295862,
        -1.9431927839862269,
        0.570090651512146
      ],
      "camera_pose": {
        "parent_frame": "base_link",
        "child_frame": "camera_optical",
        "stamp": {
          "sec": 1769608451,
          "nanosec": 496430555,
          "stamp_ns": 1769608451496430555
        },
        "R": [
          [
            0.807903362202,
            -0.589314744609,
            -0.000537706701
          ],
          [
            -0.589301762407,
            -0.807878778757,
            -0.007437180815
          ],
          [
            0.00394843848,
            0.006325394892,
            -0.99997219922
          ]
        ],
        "t": [
          0.3625814463125343,
          0.45630029862011917,
          0.3038690992868764
        ]
      }
    },
    "image_5": {
      "image_file": "pose_5_image.png",
      "image_stamp_ns": 1769608454496433256,
      "joint_stamp_ns": 1769608454648484142,
      "position": [
        -1.3499985945275803,
        1.819998566304342,
        -2.0406867466368617,
        -1.57082444826235,
        -2.2863944212542933,
        0.5410751104354858
      ],
      "camera_pose": {
        "parent_frame": "base_link",
        "child_frame": "camera_optical",
        "stamp": {
          "sec": 1769608454,
          "nanosec": 496433256,
          "stamp_ns": 1769608454496433256
        },
        "R": [
          [
            0.950416112236,
            -0.310976174658,
            0.001741377711
          ],
          [
            -0.310956454141,
            -0.950396468285,
            -0.007255115441
          ],
          [
            0.003911167273,
            0.006353885973,
            -0.999972165064
          ]
        ],
        "t": [
          0.34000688544538926,
          0.4119291678948994,
          0.30384008249350486
        ]
      }
    },
    "image_6": {
      "image_file": "pose_6_image.png",
      "image_stamp_ns": 1769608457296520012,
      "joint_stamp_ns": 1769608457498484384,
      "position": [
        -1.4060231310180207,
        1.8890283743487757,
        -2.0537950001158656,
        -1.5708397070514124,
        -2.6466715971576136,
        0.4949265420436859
      ],
      "camera_pose": {
        "parent_frame": "base_link",
        "child_frame": "camera_optical",
        "stamp": {
          "sec": 1769608457,
          "nanosec": 296520012,
          "stamp_ns": 1769608457296520012
        },
        "R": [
          [
            0.999990213212,
            -0.002073478622,
            0.003908217875
          ],
          [
            -0.002048991298,
            -0.999978311647,
            -0.006259222891
          ],
          [
            0.003921111477,
            0.006251153729,
            -0.99997277361
          ]
        ],
        "t": [
          0.33226183949591886,
          0.3627425836006229,
          0.3038763390993751
        ]
      }
    }
  }
}