{
  "note": "Per-image joint positions and camera pose at capture time.",
  "prompt": "yellow object.",
  "created_at": "2026-01-28T14:49:37.353634",
  "joint_names": [
    "shoulder_lift_joint",
    "elbow_joint",
    "wrist_1_joint",
    "wrist_2_joint",
    "wrist_3_joint",
    "shoulder_pan_joint"
  ],
  "shots": {
    "image_1": {
      "image_file": "pose_1_image.png",
      "image_stamp_ns": 1769608190647000505,
      "joint_stamp_ns": 1769608190828439464,
      "position": [
        -0.9913972777179261,
        1.2984493414508265,
        -1.877843519250387,
        -1.5707743803607386,
        -0.9360411802874964,
        0.6348126530647278
      ],
      "camera_pose": {
        "parent_frame": "base_link",
        "child_frame": "camera_optical",
        "stamp": {
          "sec": 1769608190,
          "nanosec": 647000505,
          "stamp_ns": 1769608190647000505
        },
        "R": [
          [
            -0.002144706721,
            -0.999978137865,
            -0.006254920034
          ],
          [
            -0.999989655901,
            0.002169736271,
            -0.003997541145
          ],
          [
            0.004011025277,
            0.006246281779,
            -0.999972447441
          ]
        ],
        "t": [
          0.48957805822458694,
          0.5853445489432989,
          0.3039296546095035
        ]
      }
    },
    "image_2": {
      "image_file": "pose_2_image.png",
      "image_stamp_ns": 1769608193447042359,
      "joint_stamp_ns": 1769608193678441378,
      "position": [
        -1.0481391710093995,
        1.3892210165606897,
        -1.9118405781187953,
        -1.5708144346820276,
        -1.2290146986590784,
        0.6559269428253174
      ],
      "camera_pose": {
        "parent_frame": "base_link",
        "child_frame": "camera_optical",
        "stamp": {
          "sec": 1769608193,
          "nanosec": 447042359,
          "stamp_ns": 1769608193447042359
        },
        "R": [
          [
            0.30703990649,
            -0.951684433506,
            -0.004820253625
          ],
          [
            -0.951687797124,
            -0.307011280304,
            -0.005866052495
          ],
          [
            0.004102758609,
            0.006388488763,
            -0.999971176876
          ]
        ],
        "t": [
          0.44045750963564106,
          0.577525161631966,
          0.30380839084467764
        ]
      }
    },
    "image_3": {
      "image_file": "pose_3_image.png",
      "image_stamp_ns": 1769608196447071579,
      "joint_stamp_ns": 1769608196526489226,
      "position": [
        -1.11380489290271,
        1.4906142393695276,
        -1.947582860986227,
        -1.5707758108722132,
        -1.5343521277057093,
        0.6648000478744507
      ],
      "camera_pose": {
        "parent_frame": "base_link",
        "child_frame": "camera_optical",
        "stamp": {
          "sec": 1769608196,
          "nanosec": 447071579,
          "stamp_ns": 1769608196447071579
        },
        "R": [
          [
            0.586075706094,
            -0.810251646157,
            -0.002745291594
          ],
          [
            -0.81024635105,
            -0.586048360391,
            -0.006940453355
          ],
          [
            0.004014640118,
            0.006291993597,
            -0.999972146353
          ]
        ],
        "t": [
          0.3960562171922974,
          0.5549423372102955,
          0.3038616453949435
        ]
      }
    },
    "image_4": {
      "image_file": "pose_4_image.png",
      "image_stamp_ns": 1769608199247068338,
      "joint_stamp_ns": 1769608199428486164,
      "position": [
        -1.1830873054317017,
        1.5932777563678187,
        -1.9808923206725062,
        -1.570810619984762,
        -1.8545802275287073,
        0.6587326526641846
      ],
      "camera_pose": {
        "parent_frame": "base_link",
        "child_frame": "camera_optical",
        "stamp": {
          "sec": 1769608199,
          "nanosec": 247068338,
          "stamp_ns": 1769608199247068338
        },
        "R": [
          [
            0.807811112859,
            -0.589441176318,
            -0.000552812593
          ],
          [
            -0.589427970344,
            -0.807785964737,
            -0.007516844388
          ],
          [
            0.003984183345,
            0.006398033635,
            -0.999971595321
          ]
        ],
        "t": [
          0.36082560574394623,
          0.5197289902995469,
          0.30381696549695236
        ]
      }
    },
    "image_5": {
      "image_file": "pose_5_image.png",
      "image_stamp_ns": 1769608202047097675,
      "joint_stamp_ns": 1769608202278443912,
      "position": [
        -1.2500818532756348,
        1.6878936926471155,
        -2.0084921322264613,
        -1.5707553068744105,
        -2.1913655439959925,
        0.6361611485481262
      ],
      "camera_pose": {
        "parent_frame": "base_link",
        "child_frame": "camera_optical",
        "stamp": {
          "sec": 1769608202,
          "nanosec": 47097675,
          "stamp_ns": 1769608202047097675
        },
        "R": [
          [
            0.950478291031,
            -0.310785987979,
            0.001757257681
          ],
          [
            -0.310766156627,
            -0.950458682864,
            -0.007258654455
          ],
          [
            0.003926088918,
            0.006353097266,
            -0.999972111602
          ]
        ],
        "t": [
          0.3381881889030448,
          0.4753470266869699,
          0.30384638484968557
        ]
      }
    },
    "image_6": {
      "image_file": "pose_6_image.png",
      "image_stamp_ns": 1769608205047129608,
      "joint_stamp_ns": 1769608205178443600,
      "position": [
        -1.3081564766219635,
        1.766015354787008,
        -2.0285946331419886,
        -1.5707905928241175,
        -2.5444088617907923,
        0.5972227454185486
      ],
      "camera_pose": {
        "parent_frame": "base_link",
        "child_frame": "camera_optical",
        "stamp": {
          "sec": 1769608205,
          "nanosec": 47129608,
          "stamp_ns": 1769608205047129608
        },
        "R": [
          [
            0.999990069028,
            -0.002063131485,
            0.003950358707
          ],
          [
            -0.002038427599,
            -0.999978406996,
            -0.00624742778
          ],
          [
            0.003963162672,
            0.006239313217,
            -0.999972681783
          ]
        ],
        "t": [
          0.3304276634273988,
          0.426175362976382,
          0.3038829540535071
        ]
      }
    }
  }
}