{
  "note": "Per-image joint positions and camera pose at capture time.",
  "prompt": "blue object.",
  "created_at": "2026-01-28T15:26:30.542271",
  "joint_names": [
    "shoulder_lift_joint",
    "elbow_joint",
    "wrist_1_joint",
    "wrist_2_joint",
    "wrist_3_joint",
    "shoulder_pan_joint"
  ],
  "shots": {
    "image_1": {
      "image_file": "pose_1_image.png",
      "image_stamp_ns": 1769610403912190441,
      "joint_stamp_ns": 1769610404122487638,
      "position": [
        -1.2386767727187653,
        1.672093693410055,
        -2.0041233501830042,
        -1.5708144346820276,
        -0.9763730208026331,
        0.5944657325744629
      ],
      "camera_pose": {
        "parent_frame": "base_link",
        "child_frame": "camera_optical",
        "stamp": {
          "sec": 1769610403,
          "nanosec": 912190441,
          "stamp_ns": 1769610403912190441
        },
        "R": [
          [
            -0.002163966498,
            -0.999978052078,
            -0.006261997317
          ],
          [
            -0.999989421948,
            0.002189322085,
            -0.004045103382
          ],
          [
            0.00405872413,
            0.006253177609,
            -0.999972211878
          ]
        ],
        "t": [
          0.4175738709153491,
          0.5024016416779294,
          0.3039034757698949
        ]
      }
    },
    "image_2": {
      "image_file": "pose_2_image.png",
      "image_stamp_ns": 1769610406712136441,
      "joint_stamp_ns": 1769610406972446927,
      "position": [
        -1.2924854320338746,
        1.7453306357013147,
        -2.023515363732809,
        -1.5707796255694788,
        -1.2671673933612269,
        0.6177492737770081
      ],
      "camera_pose": {
        "parent_frame": "base_link",
        "child_frame": "camera_optical",
        "stamp": {
          "sec": 1769610406,
          "nanosec": 712136441,
          "stamp_ns": 1769610406712136441
        },
        "R": [
          [
            0.30713251221,
            -0.951654568512,
            -0.004816863473
          ],
          [
            -0.951657970973,
            -0.307103990191,
            -0.005851964824
          ],
          [
            0.004089771067,
            0.006381335177,
            -0.999971275754
          ]
        ],
        "t": [
          0.3684289479928347,
          0.49456631210557495,
          0.3038421888965796
        ]
      }
    },
    "image_3": {
      "image_file": "pose_3_image.png",
      "image_stamp_ns": 1769610409712220827,
      "joint_stamp_ns": 1769610409872475301,
      "position": [
        -1.3567649883082886,
        1.8284819761859339,
        -2.0424515209593714,
        -1.570810619984762,
        -1.572857681904928,
        0.6262859106063843
      ],
      "camera_pose": {
        "parent_frame": "base_link",
        "child_frame": "camera_optical",
        "stamp": {
          "sec": 1769610409,
          "nanosec": 712220827,
          "stamp_ns": 1769610409712220827
        },
        "R": [
          [
            0.58605387208,
            -0.810267434265,
            -0.002746632435
          ],
          [
            -0.810262088287,
            -0.586026429383,
            -0.006955023349
          ],
          [
            0.004025829726,
            0.006301510497,
            -0.999972041439
          ]
        ],
        "t": [
          0.32408672834862623,
          0.4719827320497004,
          0.3038753182442028
        ]
      }
    },
    "image_4": {
      "image_file": "pose_4_image.png",
      "image_stamp_ns": 1769610412512245309,
      "joint_stamp_ns": 1769610412722506582,
      "position": [
        -1.4271127444556733,
        1.914114777241842,
        -2.0577718220152796,
        -1.5707796255694788,
        -1.896764103566305,
        0.6165112853050232
      ],
      "camera_pose": {
        "parent_frame": "base_link",
        "child_frame": "camera_optical",
        "stamp": {
          "sec": 1769610412,
          "nanosec": 512245309,
          "stamp_ns": 1769610412512245309
        },
        "R": [
          [
            0.807825602584,
            -0.589421359898,
            -0.000506266105
          ],
          [
            -0.589408340884,
            -0.807801407322,
            -0.007395540826
          ],
          [
            0.003950127259,
            0.00627270469,
            -0.999972524458
          ]
        ],
        "t": [
          0.2888188359776187,
          0.43680307347082103,
          0.30388203158652954
        ]
      }
    },
    "image_5": {
      "image_file": "pose_5_image.png",
      "image_stamp_ns": 1769610415312270018,
      "joint_stamp_ns": 1769610415572445798,
      "position": [
        -1.4976986062577744,
        1.9940107504474085,
        -2.067136903802389,
        -1.5708091894732874,
        -2.241352383290426,
        0.5861105918884277
      ],
      "camera_pose": {
        "parent_frame": "base_link",
        "child_frame": "camera_optical",
        "stamp": {
          "sec": 1769610415,
          "nanosec": 312270018,
          "stamp_ns": 1769610415312270018
        },
        "R": [
          [
            0.9504448316,
            -0.310887663229,
            0.001866262601
          ],
          [
            -0.310867507325,
            -0.950426234515,
            -0.007166982253
          ],
          [
            0.004001871302,
            0.006231660838,
            -0.999972575339
          ]
        ],
        "t": [
          0.2662124456656182,
          0.39237967056435824,
          0.30392355037678115
        ]
      }
    },
    "image_6": {
      "image_file": "pose_6_image.png",
      "image_stamp_ns": 1769610418312314219,
      "joint_stamp_ns": 1769610418472500330,
      "position": [
        -1.560732845482864,
        2.060356918965475,
        -2.07035555462026,
        -1.5707915464984339,
        -2.6065688768969935,
        0.5350664854049683
      ],
      "camera_pose": {
        "parent_frame": "base_link",
        "child_frame": "camera_optical",
        "stamp": {
          "sec": 1769610418,
          "nanosec": 312314219,
          "stamp_ns": 1769610418312314219
        },
        "R": [
          [
            0.999989996809,
            -0.002097991737,
            0.003950280041
          ],
          [
            -0.002073165338,
            -0.999978141854,
            -0.00627835968
          ],
          [
            0.003963365642,
            0.006270107293,
            -0.999972488365
          ]
        ],
        "t": [
          0.2584414586521767,
          0.34321018767138345,
          0.3038847740643247
        ]
      }
    }
  }
}