[
  {
    "index": 0,
    "file": "pose_1_image.png",
    "cam_T_world": [
      [
        0.9999999865244151,
        6.0321342145668115e-05,
        -9.918125028426308e-05,
        -3.339974107652638e-05
      ],
      [
        -6.0318457228513576e-05,
        0.9999999961499952,
        1.4549515782202905e-05,
        -0.00011682102251483906
      ],
      [
        9.918300481320564e-05,
        -1.453755047007015e-05,
        0.999999989951391,
        0.00014209585947754037
      ],
      [
        0.0,
        0.0,
        0.0,
        1.0
      ]
    ],
    "K": [
      [
        461.1679992675781,
        0.0,
        259.0
      ],
      [
        0.0,
        465.41693115234375,
        259.0
      ],
      [
        0.0,
        0.0,
        1.0
      ]
    ],
    "image_size": [
      518,
      518
    ]
  },
  {
    "index": 1,
    "file": "pose_2_image.png",
    "cam_T_world": [
      [
        0.9509785719170046,
        0.26908953523221885,
        0.15358132278130013,
        -0.16063050392439213
      ],
      [
        -0.2654827413532985,
        0.963269509835648,
        -0.0447984877037792,
        0.028738656990877815
      ],
      [
        -0.16050765338382042,
        0.0017726147891510792,
        0.9871428542348799,
        0.029610636274852203
      ],
      [
        0.0,
        0.0,
        0.0,
        1.0
      ]
    ],
    "K": [
      [
        452.84503173828125,
        0.0,
        259.0
      ],
      [
        0.0,
        452.84503173828125,
        259.0
      ],
      [
        0.0,
        0.0,
        1.0
      ]
    ],
    "image_size": [
      518,
      518
    ]
  },
  {
    "index": 2,
    "file": "pose_3_image.png",
    "cam_T_world": [
      [
        0.8066138360853149,
        0.5148413786732255,
        0.2937769487242287,
        -0.3124411968738716
      ],
      [
        -0.5025681468410349,
        0.8573717358693681,
        -0.11511197001088573,
        0.09078535539219308
      ],
      [
        -0.311862806768512,
        -0.055919255101119884,
        0.9487225137586988,
        0.0672621577475832
      ],
      [
        0.0,
        0.0,
        0.0,
        1.0
      ]
    ],
    "K": [
      [
        448.7682800292969,
        0.0,
        259.0
      ],
      [
        0.0,
        448.7682800292969,
        259.0
      ],
      [
        0.0,
        0.0,
        1.0
      ]
    ],
    "image_size": [
      518,
      518
    ]
  },
  {
    "index": 3,
    "file": "pose_4_image.png",
    "cam_T_world": [
      [
        0.589485047915437,
        0.7046213396923757,
        0.39587652280292407,
        -0.4269932806197435
      ],
      [
        -0.6880896675423194,
        0.6934289501122054,
        -0.20994669629937557,
        0.18561395880076928
      ],
      [
        -0.4232553642589875,
        -0.1476071023480077,
        0.8940901268088677,
        0.11902613763803298
      ],
      [
        0.0,
        0.0,
        0.0,
        1.0
      ]
    ],
    "K": [
      [
        452.84503173828125,
        0.0,
        259.0
      ],
      [
        0.0,
        456.9778747558594,
        259.0
      ],
      [
        0.0,
        0.0,
        1.0
      ]
    ],
    "image_size": [
      518,
      518
    ]
  },
  {
    "index": 4,
    "file": "pose_5_image.png",
    "cam_T_world": [
      [
        0.3102764380731996,
        0.8245829597187833,
        0.4655858140072881,
        -0.4997396837505167
      ],
      [
        -0.8078413243388223,
        0.48676567575448165,
        -0.32987970434407493,
        0.30502375398721515
      ],
      [
        -0.5022256485552787,
        -0.27590898291721366,
        0.8212558738741621,
        0.19753455935685754
      ],
      [
        0.0,
        0.0,
        0.0,
        1.0
      ]
    ],
    "K": [
      [
        444.746337890625,
        0.0,
        259.0
      ],
      [
        0.0,
        452.84503173828125,
        259.0
      ],
      [
        0.0,
        0.0,
        1.0
      ]
    ],
    "image_size": [
      518,
      518
    ]
  },
  {
    "index": 5,
    "file": "pose_6_image.png",
    "cam_T_world": [
      [
        0.011890554520944485,
        0.8739339214137317,
        0.486970949325839,
        -0.5243331384978874
      ],
      [
        -0.8528221175083555,
        0.2649899170327643,
        -0.45378254703578486,
        0.4337870122557445
      ],
      [
        -0.523949712558596,
        -0.4075313064010954,
        0.746889471470247,
        0.28187690425609524
      ],
      [
        0.0,
        0.0,
        0.0,
        1.0
      ]
    ],
    "K": [
      [
        436.8620910644531,
        0.0,
        259.0
      ],
      [
        0.0,
        444.746337890625,
        259.0
      ],
      [
        0.0,
        0.0,
        1.0
      ]
    ],
    "image_size": [
      518,
      518
    ]
  }
]