{
  "note": "Per-image joint positions and camera pose at capture time.",
  "prompt": "red object.",
  "created_at": "2026-02-04T12:08:30.288147",
  "joint_names": [
    "shoulder_lift_joint",
    "elbow_joint",
    "wrist_1_joint",
    "wrist_2_joint",
    "wrist_3_joint",
    "shoulder_pan_joint"
  ],
  "shots": {
    "image_1": {
      "image_file": "pose_1_image.png",
      "image_stamp_ns": 1770203324061530630,
      "joint_stamp_ns": 1770203324235045280,
      "position": [
        -0.9691828054240723,
        1.2622993628131312,
        -1.8638364277281703,
        -1.5707867781268519,
        -0.8813203016864222,
        0.6895298957824707
      ],
      "camera_pose": {
        "parent_frame": "base_link",
        "child_frame": "camera_optical",
        "stamp": {
          "sec": 1770203324,
          "nanosec": 61530630,
          "stamp_ns": 1770203324061530630
        },
        "R": [
          [
            -0.002106742495,
            -0.999978079764,
            -0.006277071524
          ],
          [
            -0.999989362005,
            0.002132440414,
            -0.004090058021
          ],
          [
            0.004103353847,
            0.00626838805,
            -0.999971934505
          ]
        ],
        "t": [
          0.46736837622327937,
          0.6173391885862,
          0.3038839443284666
        ]
      }
    },
    "image_2": {
      "image_file": "pose_2_image.png",
      "image_stamp_ns": 1770203326861588065,
      "joint_stamp_ns": 1770203327135043210,
      "position": [
        -1.013436810379364,
        1.3341005484210413,
        -1.8913952312865199,
        -1.5708025137530726,
        -1.177230183278219,
        0.7077629566192627
      ],
      "camera_pose": {
        "parent_frame": "base_link",
        "child_frame": "camera_optical",
        "stamp": {
          "sec": 1770203326,
          "nanosec": 861588065,
          "stamp_ns": 1770203326861588065
        },
        "R": [
          [
            0.307219202453,
            -0.951626705464,
            -0.00479323403
          ],
          [
            -0.951630122338,
            -0.30719103041,
            -0.005812150501
          ],
          [
            0.004058559133,
            0.006346990128,
            -0.999971621504
          ]
        ],
        "t": [
          0.42443398385950726,
          0.6104666858654006,
          0.30384133954353504
        ]
      }
    },
    "image_3": {
      "image_file": "pose_3_image.png",
      "image_stamp_ns": 1770203329861595124,
      "joint_stamp_ns": 1770203329985041342,
      "position": [
        -1.0658586782268067,
        1.4170177618609827,
        -1.9218617878355921,
        -1.5707829634295862,
        -1.4826791922198694,
        0.716434895992279
      ],
      "camera_pose": {
        "parent_frame": "base_link",
        "child_frame": "camera_optical",
        "stamp": {
          "sec": 1770203329,
          "nanosec": 861595124,
          "stamp_ns": 1770203329861595124
        },
        "R": [
          [
            0.586054284835,
            -0.810266961547,
            -0.002797543946
          ],
          [
            -0.810261823668,
            -0.5860264576,
            -0.006983416008
          ],
          [
            0.004018996501,
            0.006359403934,
            -0.999971702424
          ]
        ],
        "t": [
          0.3856335871949549,
          0.5907294915387045,
          0.30383197570236353
        ]
      }
    },
    "image_4": {
      "image_file": "pose_4_image.png",
      "image_stamp_ns": 1770203332661636509,
      "joint_stamp_ns": 1770203332835047663,
      "position": [
        -1.1218515199473877,
        1.502784554158346,
        -1.9516526661314906,
        -1.570817772542135,
        -1.7994845549212855,
        0.7138321995735168
      ],
      "camera_pose": {
        "parent_frame": "base_link",
        "child_frame": "camera_optical",
        "stamp": {
          "sec": 1770203332,
          "nanosec": 661636509,
          "stamp_ns": 1770203332661636509
        },
        "R": [
          [
            0.807786426517,
            -0.589475071184,
            -0.000479153469
          ],
          [
            -0.589461751924,
            -0.807762136747,
            -0.007427883746
          ],
          [
            0.00399151027,
            0.006282586311,
            -0.999972298094
          ]
        ],
        "t": [
          0.3548328433300933,
          0.5599607167238227,
          0.3038617943716534
        ]
      }
    },
    "image_5": {
      "image_file": "pose_5_image.png",
      "image_stamp_ns": 1770203335461642035,
      "joint_stamp_ns": 1770203335735046232,
      "position": [
        -1.1764576000026246,
        1.5836246649371546,
        -1.9779192409911097,
        -1.5708377997027796,
        -2.1287315527545374,
        0.698736310005188
      ],
      "camera_pose": {
        "parent_frame": "base_link",
        "child_frame": "camera_optical",
        "stamp": {
          "sec": 1770203335,
          "nanosec": 461642035,
          "stamp_ns": 1770203335461642035
        },
        "R": [
          [
            0.950440947111,
            -0.310899659939,
            0.001845942887
          ],
          [
            -0.310879497969,
            -0.950422061338,
            -0.007200212831
          ],
          [
            0.003992968565,
            0.006269511304,
            -0.999972374333
          ]
        ],
        "t": [
          0.33500007911794827,
          0.5211765246158191,
          0.30390085017622875
        ]
      }
    },
    "image_6": {
      "image_file": "pose_6_image.png",
      "image_stamp_ns": 1770203338461696040,
      "joint_stamp_ns": 1770203338585047563,
      "position": [
        -1.2245204013637085,
        1.6522653738604944,
        -1.9985438785948695,
        -1.5708025137530726,
        -2.4701243082629603,
        0.6715295314788818
      ],
      "camera_pose": {
        "parent_frame": "base_link",
        "child_frame": "camera_optical",
        "stamp": {
          "sec": 1770203338,
          "nanosec": 461696040,
          "stamp_ns": 1770203338461696040
        },
        "R": [
          [
            0.999990304215,
            -0.00205599372,
            0.003894145068
          ],
          [
            -0.002031496417,
            -0.999978189765,
            -0.006284346979
          ],
          [
            0.003906980713,
            0.006276375106,
            -0.999972670935
          ]
        ],
        "t": [
          0.3282244601063039,
          0.4781684447376325,
          0.303850642995404
        ]
      }
    },
    "image_7": {
      "image_file": "pose_7_image.png",
      "image_stamp_ns": 1770203341261668548,
      "joint_stamp_ns": 1770203341435044286,
      "position": [
        -1.2607138317874451,
        1.7023966948138636,
        -2.012421270410055,
        -1.5707781950580042,
        -2.821448628102438,
        0.6343732476234436
      ],
      "camera_pose": {
        "parent_frame": "base_link",
        "child_frame": "camera_optical",
        "stamp": {
          "sec": 1770203341,
          "nanosec": 261668548,
          "stamp_ns": 1770203341261668548
        },
        "R": [
          [
            0.951657878965,
            0.307109455683,
            0.005573475912
          ],
          [
            0.307135913832,
            -0.951653861397,
            -0.004739042428
          ],
          [
            0.003848615133,
            0.006221761683,
            -0.999973238563
          ]
        ],
        "t": [
          0.33504193744116645,
          0.4351681259636363,
          0.30384452377283744
        ]
      }
    },
    "image_8": {
      "image_file": "pose_8_image.png",
      "image_stamp_ns": 1770203344061685857,
      "joint_stamp_ns": 1770203344285045159,
      "position": [
        -1.2805339855006714,
        1.7292407194720667,
        -2.019482751885885,
        -1.5707948843585413,
        -3.178385082875387,
        0.5915278196334839
      ],
      "camera_pose": {
        "parent_frame": "base_link",
        "child_frame": "camera_optical",
        "stamp": {
          "sec": 1770203344,
          "nanosec": 61685857,
          "stamp_ns": 1770203344061685857
        },
        "R": [
          [
            0.810175769361,
            0.586147528706,
            0.006804214236
          ],
          [
            0.586173976573,
            -0.810180595872,
            -0.002733360976
          ],
          [
            0.003910489563,
            0.006202956148,
            -0.999973115342
          ]
        ],
        "t": [
          0.35486134402700087,
          0.39634829770461966,
          0.30385785747509886
        ]
      }
    },
    "image_9": {
      "image_file": "pose_9_image.png",
      "image_stamp_ns": 1770203347061710290,
      "joint_stamp_ns": 1770203347185042029,
      "position": [
        -1.2813190680793305,
        1.730239216481344,
        -2.019710680047506,
        -1.5708335081683558,
        -3.5351250807391565,
        0.549035906791687
      ],
      "camera_pose": {
        "parent_frame": "base_link",
        "child_frame": "camera_optical",
        "stamp": {
          "sec": 1770203347,
          "nanosec": 61710290,
          "stamp_ns": 1770203347061710290
        },
        "R": [
          [
            0.589386440723,
            0.807817113629,
            0.007425255509
          ],
          [
            0.807841090074,
            -0.58940021137,
            -0.000404999778
          ],
          [
            0.004049281415,
            0.006237127883,
            -0.999972350396
          ]
        ],
        "t": [
          0.38559456888179255,
          0.36557539999751143,
          0.30392592541541597
        ]
      }
    },
    "image_10": {
      "image_file": "pose_10_image.png",
      "image_stamp_ns": 1770203349861779602,
      "joint_stamp_ns": 1770203350085045079,
      "position": [
        -1.2628526252559205,
        1.7052629629718226,
        -2.0131718120970667,
        -1.570810619984762,
        -3.88572866121401,
        0.5125643610954285
      ],
      "camera_pose": {
        "parent_frame": "base_link",
        "child_frame": "camera_optical",
        "stamp": {
          "sec": 1770203349,
          "nanosec": 861779602,
          "stamp_ns": 1770203349861779602
        },
        "R": [
          [
            0.310812375338,
            0.95044440313,
            0.007148698808
          ],
          [
            0.950462851009,
            -0.310832513887,
            0.00187541006
          ],
          [
            0.004004521017,
            0.006211671995,
            -0.999972689098
          ]
        ],
        "t": [
          0.42436593703388537,
          0.3457660557363769,
          0.30392750531766705
        ]
      }
    },
    "image_11": {
      "image_file": "pose_11_image.png",
      "image_stamp_ns": 1770203352661794646,
      "joint_stamp_ns": 1770203352935045004,
      "position": [
        -1.2277077001384278,
        1.656651798878805,
        -1.999735494653219,
        -1.570817772542135,
        -4.225713316594259,
        0.4866992235183716
      ],
      "camera_pose": {
        "parent_frame": "base_link",
        "child_frame": "camera_optical",
        "stamp": {
          "sec": 1770203352,
          "nanosec": 661794646,
          "stamp_ns": 1770203352661794646
        },
        "R": [
          [
            0.001789503961,
            0.999978265537,
            0.006345559752
          ],
          [
            0.99998994726,
            -0.001815541598,
            0.004099900923
          ],
          [
            0.004111332442,
            0.006338159173,
            -0.999971461935
          ]
        ],
        "t": [
          0.46744222030635324,
          0.33897531779747747,
          0.303958795256829
        ]
      }
    }
  }
}