{
  "note": "Per-image joint positions and camera pose at capture time.",
  "prompt": "blue object.",
  "created_at": "2026-01-29T17:00:13.166211",
  "joint_names": [
    "shoulder_lift_joint",
    "elbow_joint",
    "wrist_1_joint",
    "wrist_2_joint",
    "wrist_3_joint",
    "shoulder_pan_joint"
  ],
  "shots": {
    "image_1": {
      "image_file": "pose_1_image.png",
      "image_stamp_ns": 1769702426404715311,
      "joint_stamp_ns": 1769702426602062408,
      "position": [
        -0.8861244481853028,
        1.1232197920428675,
        -1.807899614373678,
        -1.5707829634295862,
        -0.9563797155963343,
        0.6144239902496338
      ],
      "camera_pose": {
        "parent_frame": "base_link",
        "child_frame": "camera_optical",
        "stamp": {
          "sec": 1769702426,
          "nanosec": 404715311,
          "stamp_ns": 1769702426404715311
        },
        "R": [
          [
            -0.002204951228,
            -0.99997799329,
            -0.006257086004
          ],
          [
            -0.999989326759,
            0.002230294522,
            -0.004046251974
          ],
          [
            0.004060118074,
            0.006248097432,
            -0.999972237974
          ]
        ],
        "t": [
          0.5357309699333662,
          0.6002885864134738,
          0.30391999244940954
        ]
      }
    },
    "image_2": {
      "image_file": "pose_2_image.png",
      "image_stamp_ns": 1769702429204728600,
      "joint_stamp_ns": 1769702429452055853,
      "position": [
        -0.9364758294871827,
        1.2082575003253382,
        -1.842501779595846,
        -1.570822540913717,
        -1.255366627370016,
        0.6295560002326965
      ],
      "camera_pose": {
        "parent_frame": "base_link",
        "child_frame": "camera_optical",
        "stamp": {
          "sec": 1769702429,
          "nanosec": 204728600,
          "stamp_ns": 1769702429204728600
        },
        "R": [
          [
            0.307141681217,
            -0.951652130453,
            -0.004712776702
          ],
          [
            -0.951655257633,
            -0.307114176207,
            -0.005757898157
          ],
          [
            0.004032155513,
            0.006253429247,
            -0.999972317789
          ]
        ],
        "t": [
          0.4927954929962637,
          0.5934125699409594,
          0.3038946439285654
        ]
      }
    },
    "image_3": {
      "image_file": "pose_3_image.png",
      "image_stamp_ns": 1769702432204771054,
      "joint_stamp_ns": 1769702432302066010,
      "position": [
        -0.9933526676944275,
        1.301661793385641,
        -1.8791099987425746,
        -1.5708068052874964,
        -1.563944164906637,
        0.6351789236068726
      ],
      "camera_pose": {
        "parent_frame": "base_link",
        "child_frame": "camera_optical",
        "stamp": {
          "sec": 1769702432,
          "nanosec": 204771054,
          "stamp_ns": 1769702432204771054
        },
        "R": [
          [
            0.586031934363,
            -0.810283190348,
            -0.002779090971
          ],
          [
            -0.810278019306,
            -0.586004315213,
            -0.006962325901
          ],
          [
            0.004012896342,
            0.006331981643,
            -0.999971900941
          ]
        ],
        "t": [
          0.45396403053860424,
          0.5737009311668771,
          0.3038372698144888
        ]
      }
    },
    "image_4": {
      "image_file": "pose_4_image.png",
      "image_stamp_ns": 1769702435004721267,
      "joint_stamp_ns": 1769702435202065113,
      "position": [
        -1.0515809816173096,
        1.3945882956134241,
        -1.9137727222838343,
        -1.570836369191305,
        -1.8836053053485315,
        0.6296674013137817
      ],
      "camera_pose": {
        "parent_frame": "base_link",
        "child_frame": "camera_optical",
        "stamp": {
          "sec": 1769702435,
          "nanosec": 4721267,
          "stamp_ns": 1769702435004721267
        },
        "R": [
          [
            0.807797711056,
            -0.589459627057,
            -0.000453962178
          ],
          [
            -0.589446195248,
            -0.807773592256,
            -0.007416640797
          ],
          [
            0.004005111659,
            0.006258731738,
            -0.999972393298
          ]
        ],
        "t": [
          0.4231743467471122,
          0.5429343231406754,
          0.30386713456105413
        ]
      }
    },
    "image_5": {
      "image_file": "pose_5_image.png",
      "image_stamp_ns": 1769702438004758357,
      "joint_stamp_ns": 1769702438102052950,
      "position": [
        -1.1060647827437897,
        1.4789660612689417,
        -1.9435931644835414,
        -1.5707867781268519,
        -2.215005699788229,
        0.6123957633972168
      ],
      "camera_pose": {
        "parent_frame": "base_link",
        "child_frame": "camera_optical",
        "stamp": {
          "sec": 1769702438,
          "nanosec": 4758357,
          "stamp_ns": 1769702438004758357
        },
        "R": [
          [
            0.950415626448,
            -0.3109776019,
            0.001751604735
          ],
          [
            -0.310957880311,
            -0.950396126052,
            -0.007238802189
          ],
          [
            0.0039158237,
            0.006335195422,
            -0.999972265427
          ]
        ],
        "t": [
          0.40336431309581705,
          0.5041562815074019,
          0.3038338737561062
        ]
      }
    },
    "image_6": {
      "image_file": "pose_6_image.png",
      "image_stamp_ns": 1769702440804777265,
      "joint_stamp_ns": 1769702441002065110,
      "position": [
        -1.1518051785281678,
        1.547516171132223,
        -1.9664460621275843,
        -1.5708068052874964,
        -2.557438913975851,
        0.5841386318206787
      ],
      "camera_pose": {
        "parent_frame": "base_link",
        "child_frame": "camera_optical",
        "stamp": {
          "sec": 1769702440,
          "nanosec": 804777265,
          "stamp_ns": 1769702440804777265
        },
        "R": [
          [
            0.999990176345,
            -0.002080201784,
            0.00391407388
          ],
          [
            -0.002055716419,
            -0.999978359393,
            -0.006249382058
          ],
          [
            0.003926989153,
            0.006241274441,
            -0.999972812255
          ]
        ],
        "t": [
          0.3965911911426349,
          0.4611077575333316,
          0.30386835286165176
        ]
      }
    }
  }
}