[
  {
    "index": 0,
    "file": "pose_1_image.png",
    "cam_T_world": [
      [
        0.9999999763740567,
        -0.00017928192941455597,
        0.00022602781768775698,
        -7.103100183866628e-05
      ],
      [
        0.00017929960453414565,
        0.9999999663259594,
        -3.9060120213594195e-05,
        -8.87047640799273e-05
      ],
      [
        -0.00022601379691778716,
        3.9141167103419864e-05,
        0.999999947385733,
        8.118817760570991e-06
      ],
      [
        0.0,
        0.0,
        0.0,
        1.0
      ]
    ],
    "K": [
      [
        489.89862060546875,
        0.0,
        259.0
      ],
      [
        0.0,
        494.5645446777344,
        259.0
      ],
      [
        0.0,
        0.0,
        1.0
      ]
    ],
    "image_size": [
      518,
      518
    ]
  },
  {
    "index": 1,
    "file": "pose_2_image.png",
    "cam_T_world": [
      [
        0.9509917761165904,
        0.26439746444056617,
        0.16168559396815163,
        -0.16865926900385797
      ],
      [
        -0.26644210427733356,
        0.9641013057540506,
        -0.015672787174367535,
        0.010071460936038822
      ],
      [
        -0.1602662600287066,
        -0.02801266468142386,
        0.9866898349073085,
        0.013108833735651184
      ],
      [
        0.0,
        0.0,
        0.0,
        1.0
      ]
    ],
    "K": [
      [
        492.2229309082031,
        0.0,
        259.0
      ],
      [
        0.0,
        494.5645446777344,
        259.0
      ],
      [
        0.0,
        0.0,
        1.0
      ]
    ],
    "image_size": [
      518,
      518
    ]
  },
  {
    "index": 2,
    "file": "pose_3_image.png",
    "cam_T_world": [
      [
        0.808464423978382,
        0.5050144355342392,
        0.3011060305755688,
        -0.3174481073894361
      ],
      [
        -0.504719483083208,
        0.8589994806276031,
        -0.08451283412883553,
        0.07074690992111121
      ],
      [
        -0.30160017168119685,
        -0.0837212267134042,
        0.9497091173565907,
        0.05308812132325658
      ],
      [
        0.0,
        0.0,
        0.0,
        1.0
      ]
    ],
    "K": [
      [
        489.89862060546875,
        0.0,
        259.0
      ],
      [
        0.0,
        492.2229309082031,
        259.0
      ],
      [
        0.0,
        0.0,
        1.0
      ]
    ],
    "image_size": [
      518,
      518
    ]
  },
  {
    "index": 3,
    "file": "pose_4_image.png",
    "cam_T_world": [
      [
        0.584156496146463,
        0.6911837172761846,
        0.4212942242439289,
        -0.4404184996740537
      ],
      [
        -0.6920135750364176,
        0.6957904262421138,
        -0.1844697798774283,
        0.16407553889623336
      ],
      [
        -0.41992922457449516,
        -0.18562101455286653,
        0.8878746977770007,
        0.12763566586867722
      ],
      [
        0.0,
        0.0,
        0.0,
        1.0
      ]
    ],
    "K": [
      [
        485.3011169433594,
        0.0,
        259.0
      ],
      [
        0.0,
        487.5914306640625,
        259.0
      ],
      [
        0.0,
        0.0,
        1.0
      ]
    ],
    "image_size": [
      518,
      518
    ]
  },
  {
    "index": 4,
    "file": "pose_5_image.png",
    "cam_T_world": [
      [
        0.3089215241244339,
        0.811391175641607,
        0.5011846648393168,
        -0.5308986335521605
      ],
      [
        -0.8152102172142606,
        0.494497876511979,
        -0.30027748009878086,
        0.28469712459460134
      ],
      [
        -0.4898517423486868,
        -0.3154300814899109,
        0.8122669279995104,
        0.2022354439891567
      ],
      [
        0.0,
        0.0,
        0.0,
        1.0
      ]
    ],
    "K": [
      [
        489.89862060546875,
        0.0,
        259.0
      ],
      [
        0.0,
        492.2229309082031,
        259.0
      ],
      [
        0.0,
        0.0,
        1.0
      ]
    ],
    "image_size": [
      518,
      518
    ]
  },
  {
    "index": 5,
    "file": "pose_6_image.png",
    "cam_T_world": [
      [
        0.007581843343913881,
        0.8544775320351815,
        0.5177986356634063,
        -0.5535295309832644
      ],
      [
        -0.8654679610283081,
        0.26736978134612954,
        -0.4271560029602331,
        0.41485493163390946
      ],
      [
        -0.5017781232346321,
        -0.44471788279117835,
        0.7398746585718691,
        0.2806926683972945
      ],
      [
        0.0,
        0.0,
        0.0,
        1.0
      ]
    ],
    "K": [
      [
        487.5914306640625,
        0.0,
        259.0
      ],
      [
        0.0,
        487.5914306640625,
        259.0
      ],
      [
        0.0,
        0.0,
        1.0
      ]
    ],
    "image_size": [
      518,
      518
    ]
  }
]