{
  "note": "Per-image joint positions and camera pose at capture time.",
  "prompt": "yellow object.",
  "created_at": "2026-01-28T14:06:11.299880",
  "joint_names": [
    "shoulder_lift_joint",
    "elbow_joint",
    "wrist_1_joint",
    "wrist_2_joint",
    "wrist_3_joint",
    "shoulder_pan_joint"
  ],
  "shots": {
    "image_1": {
      "image_file": "pose_1_image.png",
      "image_stamp_ns": 1769605584381147977,
      "joint_stamp_ns": 1769605584586444203,
      "position": [
        -0.8924557131579895,
        1.1341031233416956,
        -1.812350412408346,
        -1.5707867781268519,
        -0.8939197699176233,
        0.6768863797187805
      ],
      "camera_pose": {
        "parent_frame": "base_link",
        "child_frame": "camera_optical",
        "stamp": {
          "sec": 1769605584,
          "nanosec": 381147977,
          "stamp_ns": 1769605584381147977
        },
        "R": [
          [
            -0.002187542483,
            -0.999977783193,
            -0.006296648225
          ],
          [
            -0.999989305819,
            0.00221313782,
            -0.004060821217
          ],
          [
            0.004074666349,
            0.006287697669,
            -0.999971930582
          ]
        ],
        "t": [
          0.49893848367319826,
          0.6311033809643382,
          0.30388664966044027
        ]
      }
    },
    "image_2": {
      "image_file": "pose_2_image.png",
      "image_stamp_ns": 1769605587381153149,
      "joint_stamp_ns": 1769605587486444569,
      "position": [
        -0.9516587418368836,
        1.2333992163287562,
        -1.8524533710875453,
        -1.570817772542135,
        -1.186517063771383,
        0.6983972787857056
      ],
      "camera_pose": {
        "parent_frame": "base_link",
        "child_frame": "camera_optical",
        "stamp": {
          "sec": 1769605587,
          "nanosec": 381153149,
          "stamp_ns": 1769605587381153149
        },
        "R": [
          [
            0.306932115583,
            -0.95171925055,
            -0.004810879041
          ],
          [
            -0.951722595305,
            -0.306903596267,
            -0.005855269833
          ],
          [
            0.004096096938,
            0.006375792643,
            -0.999971285217
          ]
        ],
        "t": [
          0.4498179639555657,
          0.6232929401589727,
          0.30377836790288165
        ]
      }
    },
    "image_3": {
      "image_file": "pose_3_image.png",
      "image_stamp_ns": 1769605590181162211,
      "joint_stamp_ns": 1769605590386486198,
      "position": [
        -1.0196750921062012,
        1.3441713492022913,
        -1.8951293430724085,
        -1.5708068052874964,
        -1.49052602449526,
        0.7085557579994202
      ],
      "camera_pose": {
        "parent_frame": "base_link",
        "child_frame": "camera_optical",
        "stamp": {
          "sec": 1769605590,
          "nanosec": 181162211,
          "stamp_ns": 1769605590181162211
        },
        "R": [
          [
            0.586075642208,
            -0.810251317042,
            -0.002853917129
          ],
          [
            -0.810246360519,
            -0.586047301994,
            -0.007028164175
          ],
          [
            0.004022048846,
            0.006431411799,
            -0.999971229619
          ]
        ],
        "t": [
          0.4054008520446644,
          0.6006858752938448,
          0.30378313239746346
        ]
      }
    },
    "image_4": {
      "image_file": "pose_4_image.png",
      "image_stamp_ns": 1769605592981146166,
      "joint_stamp_ns": 1769605593236491567,
      "position": [
        -1.0908687275699158,
        1.4556663672076624,
        -1.9355627499022425,
        -1.570798699055807,
        -1.808303181325094,
        0.704981803894043
      ],
      "camera_pose": {
        "parent_frame": "base_link",
        "child_frame": "camera_optical",
        "stamp": {
          "sec": 1769605592,
          "nanosec": 981146166,
          "stamp_ns": 1769605592981146166
        },
        "R": [
          [
            0.807841810716,
            -0.589399222967,
            -0.000405986807
          ],
          [
            -0.58938574809,
            -0.807818276695,
            -0.007353352032
          ],
          [
            0.004006096412,
            0.006179628058,
            -0.999972881327
          ]
        ],
        "t": [
          0.3701526046892383,
          0.5654851603091806,
          0.3039344708680436
        ]
      }
    },
    "image_5": {
      "image_file": "pose_5_image.png",
      "image_stamp_ns": 1769605595981160810,
      "joint_stamp_ns": 1769605596086434099,
      "position": [
        -1.1593772333911438,
        1.5587056318866175,
        -1.9700309238829554,
        -1.5707948843585413,
        -2.141505543385641,
        0.6859970688819885
      ],
      "camera_pose": {
        "parent_frame": "base_link",
        "child_frame": "camera_optical",
        "stamp": {
          "sec": 1769605595,
          "nanosec": 981160810,
          "stamp_ns": 1769605595981160810
        },
        "R": [
          [
            0.950412369913,
            -0.310987390747,
            0.001780425025
          ],
          [
            -0.310967614124,
            -0.950393187475,
            -0.007206397661
          ],
          [
            0.00393320262,
            0.006295394957,
            -0.99997244858
          ]
        ],
        "t": [
          0.3475216244320237,
          0.5211351089551992,
          0.3038501829911343
        ]
      }
    },
    "image_6": {
      "image_file": "pose_6_image.png",
      "image_stamp_ns": 1769605598781218823,
      "joint_stamp_ns": 1769605598936439556,
      "position": [
        -1.2188604039004822,
        1.6443880240069788,
        -1.996230264703268,
        -1.5707634131061,
        -2.490009371434347,
        0.6515768766403198
      ],
      "camera_pose": {
        "parent_frame": "base_link",
        "child_frame": "camera_optical",
        "stamp": {
          "sec": 1769605598,
          "nanosec": 781218823,
          "stamp_ns": 1769605598781218823
        },
        "R": [
          [
            0.999990366257,
            -0.002095294907,
            0.003857088538
          ],
          [
            -0.002070803821,
            -0.99997774065,
            -0.006342710509
          ],
          [
            0.003870292531,
            0.006334662131,
            -0.999972446066
          ]
        ],
        "t": [
          0.33978331384978827,
          0.4719412740957331,
          0.3038134700945148
        ]
      }
    }
  }
}