[
  {
    "index": 0,
    "file": "pose_1_image.png",
    "cam_T_world": [
      [
        0.999999945033781,
        0.00014881552290633542,
        0.00018116335017777987,
        -6.771969062499459e-05
      ],
      [
        -0.0001487308489487832,
        0.9999999828787618,
        -0.00023367716719762787,
        -0.00014401101680528935
      ],
      [
        -0.00018123287195345432,
        0.00023362325235118644,
        0.999999972179466,
        6.959685172262638e-05
      ],
      [
        0.0,
        0.0,
        0.0,
        1.0
      ]
    ],
    "K": [
      [
        476.3050537109375,
        0.0,
        259.0
      ],
      [
        0.0,
        478.5296936035156,
        259.0
      ],
      [
        0.0,
        0.0,
        1.0
      ]
    ],
    "image_size": [
      518,
      518
    ]
  },
  {
    "index": 1,
    "file": "pose_2_image.png",
    "cam_T_world": [
      [
        0.9530021590136845,
        0.26485726076312716,
        0.14934842138777701,
        -0.16103635003984101
      ],
      [
        -0.2625690877540181,
        0.9646294291946643,
        -0.027633065770425076,
        0.017415361809995613
      ],
      [
        -0.1514071963184488,
        -0.012870952165261998,
        0.9883818301066609,
        0.007782478314380897
      ],
      [
        0.0,
        0.0,
        0.0,
        1.0
      ]
    ],
    "K": [
      [
        474.0963134765625,
        0.0,
        259.0
      ],
      [
        0.0,
        474.0963134765625,
        259.0
      ],
      [
        0.0,
        0.0,
        1.0
      ]
    ],
    "image_size": [
      518,
      518
    ]
  },
  {
    "index": 2,
    "file": "pose_3_image.png",
    "cam_T_world": [
      [
        0.8123886140373465,
        0.5039346584010652,
        0.2967638867647548,
        -0.3234852266231427
      ],
      [
        -0.49929225557488055,
        0.8617245269145561,
        -0.09238694354015588,
        0.0762378371639331
      ],
      [
        -0.30386920716586074,
        -0.07312021271485243,
        0.9501996931139856,
        0.040071316944681024
      ],
      [
        0.0,
        0.0,
        0.0,
        1.0
      ]
    ],
    "K": [
      [
        474.0963134765625,
        0.0,
        259.0
      ],
      [
        0.0,
        476.3050537109375,
        259.0
      ],
      [
        0.0,
        0.0,
        1.0
      ]
    ],
    "image_size": [
      518,
      518
    ]
  },
  {
    "index": 3,
    "file": "pose_4_image.png",
    "cam_T_world": [
      [
        0.5917194870438283,
        0.6962770968850401,
        0.40950460045413367,
        -0.4446621402628937
      ],
      [
        -0.6848758130654586,
        0.7006395947460213,
        -0.1989634106204111,
        0.17910399457170473
      ],
      [
        -0.4256314511436114,
        -0.1628759699965479,
        0.8897453749409852,
        0.1179505490172386
      ],
      [
        0.0,
        0.0,
        0.0,
        1.0
      ]
    ],
    "K": [
      [
        465.41693115234375,
        0.0,
        259.0
      ],
      [
        0.0,
        469.72589111328125,
        259.0
      ],
      [
        0.0,
        0.0,
        1.0
      ]
    ],
    "image_size": [
      518,
      518
    ]
  },
  {
    "index": 4,
    "file": "pose_5_image.png",
    "cam_T_world": [
      [
        0.3061235122876544,
        0.8206841655587905,
        0.47640505237373165,
        -0.5301825123642349
      ],
      [
        -0.8122220902399078,
        0.48831689487914975,
        -0.3215709316262777,
        0.31052652486223997
      ],
      [
        -0.4973054110564761,
        -0.2881920148164366,
        0.8179839860194753,
        0.17132608848195738
      ],
      [
        0.0,
        0.0,
        0.0,
        1.0
      ]
    ],
    "K": [
      [
        478.5296936035156,
        0.0,
        259.0
      ],
      [
        0.0,
        478.5296936035156,
        259.0
      ],
      [
        0.0,
        0.0,
        1.0
      ]
    ],
    "image_size": [
      518,
      518
    ]
  },
  {
    "index": 5,
    "file": "pose_6_image.png",
    "cam_T_world": [
      [
        0.0033295284049905333,
        0.8679588679450979,
        0.49494834427805967,
        -0.5413140978154689
      ],
      [
        -0.8514551423189961,
        0.2648687397644217,
        -0.45933074823232034,
        0.44504756584898186
      ],
      [
        -0.5306000042337228,
        -0.42027232015752036,
        0.7369350961409226,
        0.2913553559750943
      ],
      [
        0.0,
        0.0,
        0.0,
        1.0
      ]
    ],
    "K": [
      [
        452.84503173828125,
        0.0,
        259.0
      ],
      [
        0.0,
        456.9778747558594,
        259.0
      ],
      [
        0.0,
        0.0,
        1.0
      ]
    ],
    "image_size": [
      518,
      518
    ]
  }
]