[
  {
    "index": 0,
    "file": "pose_1_image.png",
    "cam_T_world": [
      [
        0.9999998954315134,
        0.00047302266105300083,
        -5.227727696187515e-06,
        -1.7722862026463653e-05
      ],
      [
        -0.00047302227338087916,
        0.9999998940933623,
        3.69573569475378e-05,
        -0.000165921099281542
      ],
      [
        5.2626886729877785e-06,
        -3.6952394744379045e-05,
        0.9999999986068249,
        0.00026703484722791297
      ],
      [
        0.0,
        0.0,
        0.0,
        1.0
      ]
    ],
    "K": [
      [
        456.9778747558594,
        0.0,
        259.0
      ],
      [
        0.0,
        456.9778747558594,
        259.0
      ],
      [
        0.0,
        0.0,
        1.0
      ]
    ],
    "image_size": [
      518,
      518
    ]
  },
  {
    "index": 1,
    "file": "pose_2_image.png",
    "cam_T_world": [
      [
        0.9524437344987834,
        0.2657563846821852,
        0.15005439562584635,
        -0.166307934836342
      ],
      [
        -0.26542616473155634,
        0.9641245352955065,
        -0.02144160923233096,
        0.011093784443355964
      ],
      [
        -0.15063764126058402,
        -0.01934972435740147,
        0.9884389025898174,
        0.01188597581916604
      ],
      [
        0.0,
        0.0,
        0.0,
        1.0
      ]
    ],
    "K": [
      [
        452.84503173828125,
        0.0,
        259.0
      ],
      [
        0.0,
        456.9778747558594,
        259.0
      ],
      [
        0.0,
        0.0,
        1.0
      ]
    ],
    "image_size": [
      518,
      518
    ]
  },
  {
    "index": 2,
    "file": "pose_3_image.png",
    "cam_T_world": [
      [
        0.8101854443033365,
        0.5052772561711724,
        0.29618520494861766,
        -0.3446290150154153
      ],
      [
        -0.5038344522733814,
        0.858307250880648,
        -0.08474512041621388,
        0.07466252785698758
      ],
      [
        -0.2986370285033817,
        -0.08081099614992984,
        0.9516258492181543,
        0.024079372842863395
      ],
      [
        0.0,
        0.0,
        0.0,
        1.0
      ]
    ],
    "K": [
      [
        465.41693115234375,
        0.0,
        259.0
      ],
      [
        0.0,
        469.72589111328125,
        259.0
      ],
      [
        0.0,
        0.0,
        1.0
      ]
    ],
    "image_size": [
      518,
      518
    ]
  },
  {
    "index": 3,
    "file": "pose_4_image.png",
    "cam_T_world": [
      [
        0.6068346143565932,
        0.6875337116305427,
        0.40738174215271855,
        -0.470324629363449
      ],
      [
        -0.6797408693155158,
        0.7118181610204627,
        -0.1811452414270869,
        0.17344530553649568
      ],
      [
        -0.4125115207081919,
        -0.16628939662045442,
        0.8958521975881908,
        0.0941319687142841
      ],
      [
        0.0,
        0.0,
        0.0,
        1.0
      ]
    ],
    "K": [
      [
        465.41693115234375,
        0.0,
        259.0
      ],
      [
        0.0,
        469.72589111328125,
        259.0
      ],
      [
        0.0,
        0.0,
        1.0
      ]
    ],
    "image_size": [
      518,
      518
    ]
  },
  {
    "index": 4,
    "file": "pose_5_image.png",
    "cam_T_world": [
      [
        0.3099385381188341,
        0.8215364647024498,
        0.47667284842102725,
        -0.5543466718690504
      ],
      [
        -0.811858617010435,
        0.4871295397440638,
        -0.314817434138971,
        0.31789727987366473
      ],
      [
        -0.4906120565666104,
        -0.2909369122515002,
        0.8214053308480574,
        0.1877606955536298
      ],
      [
        0.0,
        0.0,
        0.0,
        1.0
      ]
    ],
    "K": [
      [
        456.9778747558594,
        0.0,
        259.0
      ],
      [
        0.0,
        461.1679992675781,
        259.0
      ],
      [
        0.0,
        0.0,
        1.0
      ]
    ],
    "image_size": [
      518,
      518
    ]
  },
  {
    "index": 5,
    "file": "pose_6_image.png",
    "cam_T_world": [
      [
        0.0236154675567323,
        0.862812303997996,
        0.5033963532724585,
        -0.5763054018668616
      ],
      [
        -0.8593490585869055,
        0.2752356324922796,
        -0.4331862253465644,
        0.43538465333472204
      ],
      [
        -0.5146733089634284,
        -0.4222184863641727,
        0.7462986377004394,
        0.2992521117521587
      ],
      [
        0.0,
        0.0,
        0.0,
        1.0
      ]
    ],
    "K": [
      [
        436.8620910644531,
        0.0,
        259.0
      ],
      [
        0.0,
        444.746337890625,
        259.0
      ],
      [
        0.0,
        0.0,
        1.0
      ]
    ],
    "image_size": [
      518,
      518
    ]
  }
]