{
  "note": "Per-image joint positions and camera pose at capture time.",
  "prompt": "red object .",
  "created_at": "2026-01-22T14:18:33.063699",
  "joint_names": [
    "shoulder_lift_joint",
    "elbow_joint",
    "wrist_1_joint",
    "wrist_2_joint",
    "wrist_3_joint",
    "shoulder_pan_joint"
  ],
  "shots": {
    "image_1": {
      "image_file": "pose_1_image.png",
      "image_stamp_ns": 1769087926278308866,
      "joint_stamp_ns": 1769087926477611725,
      "position": [
        -1.1469250482371827,
        1.5401766935931605,
        -1.964059968987936,
        -1.5708296934710901,
        -0.966933552418844,
        0.6038525700569153
      ],
      "camera_pose": {
        "parent_frame": "base_link",
        "child_frame": "camera_optical",
        "stamp": {
          "sec": 1769087926,
          "nanosec": 278308866,
          "stamp_ns": 1769087926278308866
        },
        "R": [
          [
            -0.002205341583,
            -0.999978203804,
            -0.006223213399
          ],
          [
            -0.999989370589,
            0.00223047931,
            -0.004035303096
          ],
          [
            0.004049095891,
            0.006214248029,
            -0.999972493594
          ]
        ],
        "t": [
          0.44843617203565256,
          0.530469122841363,
          0.30393160408961933
        ]
      }
    },
    "image_2": {
      "image_file": "pose_2_image.png",
      "image_stamp_ns": 1769087929278336526,
      "joint_stamp_ns": 1769087929377609316,
      "position": [
        -1.2011694473079224,
        1.6192720572101038,
        -1.9887901745238246,
        -1.5707915464984339,
        -1.258920971547262,
        0.6260032653808594
      ],
      "camera_pose": {
        "parent_frame": "base_link",
        "child_frame": "camera_optical",
        "stamp": {
          "sec": 1769087929,
          "nanosec": 278336526,
          "stamp_ns": 1769087929278336526
        },
        "R": [
          [
            0.306917886482,
            -0.951723841901,
            -0.004810375793
          ],
          [
            -0.951727274833,
            -0.306889512364,
            -0.005832798665
          ],
          [
            0.004074959673,
            0.006368356082,
            -0.999971418964
          ]
        ],
        "t": [
          0.3992919847954569,
          0.5226658945178362,
          0.30381833597825236
        ]
      }
    },
    "image_3": {
      "image_file": "pose_3_image.png",
      "image_stamp_ns": 1769087932078345912,
      "joint_stamp_ns": 1769087932227613365,
      "position": [
        -1.2651266616633912,
        1.7084124724017542,
        -2.0140348873534144,
        -1.5707948843585413,
        -1.5647819677936,
        0.634337306022644
      ],
      "camera_pose": {
        "parent_frame": "base_link",
        "child_frame": "camera_optical",
        "stamp": {
          "sec": 1769087932,
          "nanosec": 78345912,
          "stamp_ns": 1769087932078345912
        },
        "R": [
          [
            0.586031615631,
            -0.8102834619,
            -0.002767101675
          ],
          [
            -0.810278165245,
            -0.586003966457,
            -0.006974684504
          ],
          [
            0.004029938948,
            0.006329507696,
            -0.999971848066
          ]
        ],
        "t": [
          0.3549273525659799,
          0.5000748877355103,
          0.3038584093396442
        ]
      }
    }
  }
}