{
  "note": "Per-image joint positions and camera pose at capture time.",
  "prompt": "red object.",
  "created_at": "2026-02-04T12:04:21.886268",
  "joint_names": [
    "shoulder_lift_joint",
    "elbow_joint",
    "wrist_1_joint",
    "wrist_2_joint",
    "wrist_3_joint",
    "shoulder_pan_joint"
  ],
  "shots": {
    "image_1": {
      "image_file": "pose_1_image.png",
      "image_stamp_ns": 1770203075059447689,
      "joint_stamp_ns": 1770203075281048576,
      "position": [
        -0.969013587837555,
        1.2618868986712855,
        -1.863645692864889,
        -1.5708335081683558,
        -0.8813994566546839,
        0.6894542574882507
      ],
      "camera_pose": {
        "parent_frame": "base_link",
        "child_frame": "camera_optical",
        "stamp": {
          "sec": 1770203075,
          "nanosec": 59447689,
          "stamp_ns": 1770203075059447689
        },
        "R": [
          [
            -0.002139193117,
            -0.9999778502,
            -0.006302615449
          ],
          [
            -0.999989435816,
            0.002164774782,
            -0.00405487446
          ],
          [
            0.004068428388,
            0.006293874708,
            -0.999971917121
          ]
        ],
        "t": [
          0.4674900096967076,
          0.6173994532243567,
          0.303874620473761
        ]
      }
    },
    "image_2": {
      "image_file": "pose_2_image.png",
      "image_stamp_ns": 1770203077859488697,
      "joint_stamp_ns": 1770203078131047878,
      "position": [
        -1.0132054847529908,
        1.3337281386004847,
        -1.891247888604635,
        -1.5707796255694788,
        -1.1772711912738245,
        0.707711398601532
      ],
      "camera_pose": {
        "parent_frame": "base_link",
        "child_frame": "camera_optical",
        "stamp": {
          "sec": 1770203077,
          "nanosec": 859488697,
          "stamp_ns": 1770203077859488697
        },
        "R": [
          [
            0.307016724254,
            -0.95169211534,
            -0.004780023792
          ],
          [
            -0.951695512146,
            -0.306988713908,
            -0.005794971439
          ],
          [
            0.00404761527,
            0.006328280339,
            -0.999971784441
          ]
        ],
        "t": [
          0.42454212885970133,
          0.6105237394936868,
          0.3038447726234133
        ]
      }
    },
    "image_3": {
      "image_file": "pose_3_image.png",
      "image_stamp_ns": 1770203080859527787,
      "joint_stamp_ns": 1770203081031048179,
      "position": [
        -1.0656426709941407,
        1.4165967146502894,
        -1.92175354580068,
        -1.5707710425006312,
        -1.482720200215475,
        0.7164023518562317
      ],
      "camera_pose": {
        "parent_frame": "base_link",
        "child_frame": "camera_optical",
        "stamp": {
          "sec": 1770203080,
          "nanosec": 859527787,
          "stamp_ns": 1770203080859527787
        },
        "R": [
          [
            0.586081552545,
            -0.81024734389,
            -0.002766854916
          ],
          [
            -0.810242068046,
            -0.586053936514,
            -0.006969552733
          ],
          [
            0.004025535375,
            0.006326548535,
            -0.999971884529
          ]
        ],
        "t": [
          0.3857365974690859,
          0.5907819401071006,
          0.3038318872965995
        ]
      }
    },
    "image_4": {
      "image_file": "pose_4_image.png",
      "image_stamp_ns": 1770203083659558228,
      "joint_stamp_ns": 1770203083881049273,
      "position": [
        -1.1216273766807099,
        1.502472225819723,
        -1.951583047906393,
        -1.5707867781268519,
        -1.7995412985431116,
        0.7137880325317383
      ],
      "camera_pose": {
        "parent_frame": "base_link",
        "child_frame": "camera_optical",
        "stamp": {
          "sec": 1770203083,
          "nanosec": 659558228,
          "stamp_ns": 1770203083659558228
        },
        "R": [
          [
            0.807862763124,
            -0.589370447398,
            -0.000481343401
          ],
          [
            -0.589357282387,
            -0.80783867934,
            -0.007393365961
          ],
          [
            0.003968583587,
            0.006256508293,
            -0.999972552847
          ]
        ],
        "t": [
          0.3548979082314257,
          0.5600098297665986,
          0.3038741658793976
        ]
      }
    },
    "image_5": {
      "image_file": "pose_5_image.png",
      "image_stamp_ns": 1770203086459608793,
      "joint_stamp_ns": 1770203086731044419,
      "position": [
        -1.1762268108180542,
        1.5832956472979944,
        -1.9778081379332484,
        -1.5707867781268519,
        -2.1288068930255335,
        0.6986643075942993
      ],
      "camera_pose": {
        "parent_frame": "base_link",
        "child_frame": "camera_optical",
        "stamp": {
          "sec": 1770203086,
          "nanosec": 459608793,
          "stamp_ns": 1770203086459608793
        },
        "R": [
          [
            0.950404370693,
            -0.311011605366,
            0.001820300826
          ],
          [
            -0.310991498271,
            -0.950385220969,
            -0.007226324541
          ],
          [
            0.003977457799,
            0.006301832347,
            -0.999972232984
          ]
        ],
        "t": [
          0.3351177699829237,
          0.5212314503724079,
          0.3038783210674802
        ]
      }
    },
    "image_6": {
      "image_file": "pose_6_image.png",
      "image_stamp_ns": 1770203089459568389,
      "joint_stamp_ns": 1770203089631048071,
      "position": [
        -1.2243186694434662,
        1.6519621054278772,
        -1.998425146142477,
        -1.5708025137530726,
        -2.4701841513263147,
        0.6714974045753479
      ],
      "camera_pose": {
        "parent_frame": "base_link",
        "child_frame": "camera_optical",
        "stamp": {
          "sec": 1770203089,
          "nanosec": 459568389,
          "stamp_ns": 1770203089459568389
        },
        "R": [
          [
            0.999990205366,
            -0.002024410087,
            0.00393585258
          ],
          [
            -0.00199965783,
            -0.999978264194,
            -0.006282715074
          ],
          [
            0.003948485823,
            0.006274783178,
            -0.9999725179
          ]
        ],
        "t": [
          0.32833954041205904,
          0.4782082983530287,
          0.30386278928082705
        ]
      }
    },
    "image_7": {
      "image_file": "pose_7_image.png",
      "image_stamp_ns": 1770203092259626198,
      "joint_stamp_ns": 1770203092531049914,
      "position": [
        -1.2604863804629822,
        1.7020815054522913,
        -2.012399812737936,
        -1.5707867781268519,
        -2.8215087095843714,
        0.6343601942062378
      ],
      "camera_pose": {
        "parent_frame": "base_link",
        "child_frame": "camera_optical",
        "stamp": {
          "sec": 1770203092,
          "nanosec": 259626198,
          "stamp_ns": 1770203092259626198
        },
        "R": [
          [
            0.951521485584,
            0.307530456506,
            0.005646307946
          ],
          [
            0.307557141669,
            -0.951518095975,
            -0.004681628088
          ],
          [
            0.003932820963,
            0.006191232046,
            -0.999973100421
          ]
        ],
        "t": [
          0.33514366889383873,
          0.4351452266390461,
          0.3039239819341175
        ]
      }
    },
    "image_8": {
      "image_file": "pose_8_image.png",
      "image_stamp_ns": 1770203095259636133,
      "joint_stamp_ns": 1770203095431045438,
      "position": [
        -1.2802945238402863,
        1.7289288679706019,
        -2.0194183788695277,
        -1.5708215872394007,
        -3.1784451643573206,
        0.5915384292602539
      ],
      "camera_pose": {
        "parent_frame": "base_link",
        "child_frame": "camera_optical",
        "stamp": {
          "sec": 1770203095,
          "nanosec": 259636133,
          "stamp_ns": 1770203095259636133
        },
        "R": [
          [
            0.810206735269,
            0.586104719339,
            0.00680471108
          ],
          [
            0.586131200787,
            -0.81021151629,
            -0.0027412287
          ],
          [
            0.003906608204,
            0.006209415432,
            -0.999973090424
          ]
        ],
        "t": [
          0.3549650775128684,
          0.3963987735239354,
          0.3038579788055877
        ]
      }
    },
    "image_9": {
      "image_file": "pose_9_image.png",
      "image_stamp_ns": 1770203098059632527,
      "joint_stamp_ns": 1770203098331049254,
      "position": [
        -1.28108103693042,
        1.7298968474017542,
        -2.0196577511229457,
        -1.570817772542135,
        -3.5351644198047083,
        0.5489758849143982
      ],
      "camera_pose": {
        "parent_frame": "base_link",
        "child_frame": "camera_optical",
        "stamp": {
          "sec": 1770203098,
          "nanosec": 59632527,
          "stamp_ns": 1770203098059632527
        },
        "R": [
          [
            0.589394469508,
            0.807811682055,
            0.007378729514
          ],
          [
            0.807835507094,
            -0.589407838741,
            -0.000439442032
          ],
          [
            0.003994094609,
            0.006219804402,
            -0.999972680248
          ]
        ],
        "t": [
          0.3857357582488996,
          0.36558475738284035,
          0.3039090572012141
        ]
      }
    },
    "image_10": {
      "image_file": "pose_10_image.png",
      "image_stamp_ns": 1770203101059661821,
      "joint_stamp_ns": 1770203101181048819,
      "position": [
        -1.262613133793213,
        1.704953972493307,
        -2.013095041314596,
        -1.5707553068744105,
        -3.8857722918139856,
        0.5125473737716675
      ],
      "camera_pose": {
        "parent_frame": "base_link",
        "child_frame": "camera_optical",
        "stamp": {
          "sec": 1770203101,
          "nanosec": 59661821,
          "stamp_ns": 1770203101059661821
        },
        "R": [
          [
            0.310942558963,
            0.950401976459,
            0.007127984922
          ],
          [
            0.950420199453,
            -0.310962761677,
            0.00189876872
          ],
          [
            0.004021131421,
            0.006184172847,
            -0.999972792884
          ]
        ],
        "t": [
          0.4244856889995081,
          0.3458178491140349,
          0.3039098945518664
        ]
      }
    },
    "image_11": {
      "image_file": "pose_11_image.png",
      "image_stamp_ns": 1770203103859736772,
      "joint_stamp_ns": 1770203104031049339,
      "position": [
        -1.2274562579444428,
        1.6563156286822718,
        -1.999655386010641,
        -1.57080585161318,
        -4.225745264683859,
        0.48669561743736267
      ],
      "camera_pose": {
        "parent_frame": "base_link",
        "child_frame": "camera_optical",
        "stamp": {
          "sec": 1770203103,
          "nanosec": 859736772,
          "stamp_ns": 1770203103859736772
        },
        "R": [
          [
            0.001954237792,
            0.999978187176,
            0.006309209661
          ],
          [
            0.999989779563,
            -0.001979905243,
            0.004064571948
          ],
          [
            0.004076974926,
            0.006301202038,
            -0.999971836168
          ]
        ],
        "t": [
          0.467471110818515,
          0.33902611788759046,
          0.3039879174960979
        ]
      }
    },
    "image_12": {
      "image_file": "pose_12_image.png",
      "image_stamp_ns": 1770203106659764718,
      "joint_stamp_ns": 1770203106881050181,
      "position": [
        -1.1801148515990754,
        1.5887935797320765,
        -1.9794861278929652,
        -1.5707867781268519,
        -4.552942339573995,
        0.4736718535423279
      ],
      "camera_pose": {
        "parent_frame": "base_link",
        "child_frame": "camera_optical",
        "stamp": {
          "sec": 1770203106,
          "nanosec": 659764718,
          "stamp_ns": 1770203106659764718
        },
        "R": [
          [
            -0.307241098231,
            0.951620193834,
            0.004681265365
          ],
          [
            0.951623186246,
            0.307213811664,
            0.00574328488
          ],
          [
            0.004027276495,
            0.006219373816,
            -0.99997254984
          ]
        ],
        "t": [
          0.510495512662981,
          0.34586922628330796,
          0.30391942164470614
        ]
      }
    },
    "image_13": {
      "image_file": "pose_13_image.png",
      "image_stamp_ns": 1770203109459784099,
      "joint_stamp_ns": 1770203109731048177,
      "position": [
        -1.1257179540446778,
        1.508582894002096,
        -1.9535829029478968,
        -1.5707481543170374,
        -4.86716348329653,
        0.47357118129730225
      ],
      "camera_pose": {
        "parent_frame": "base_link",
        "child_frame": "camera_optical",
        "stamp": {
          "sec": 1770203109,
          "nanosec": 459784099,
          "stamp_ns": 1770203109459784099
        },
        "R": [
          [
            -0.586278265235,
            0.810105411028,
            0.002649289903
          ],
          [
            0.81009968997,
            0.586251562746,
            0.006899093298
          ],
          [
            0.004035842466,
            0.00619097738,
            -0.999972691514
          ]
        ],
        "t": [
          0.5493891395870916,
          0.3656303657175335,
          0.30386876498143617
        ]
      }
    },
    "image_14": {
      "image_file": "pose_14_image.png",
      "image_stamp_ns": 1770203112459836149,
      "joint_stamp_ns": 1770203112631048476,
      "position": [
        -1.0696665209582825,
        1.4228084723102015,
        -1.923920293847555,
        -1.5708368460284632,
        -5.169886652623312,
        0.4849967956542969
      ],
      "camera_pose": {
        "parent_frame": "base_link",
        "child_frame": "camera_optical",
        "stamp": {
          "sec": 1770203112,
          "nanosec": 459836149,
          "stamp_ns": 1770203112459836149
        },
        "R": [
          [
            -0.807760959824,
            0.589510011993,
            0.000421358669
          ],
          [
            0.589496616646,
            0.807737347106,
            0.007356429396
          ],
          [
            0.003996341648,
            0.006190625979,
            -0.999972852333
          ]
        ],
        "t": [
          0.5801345960612894,
          0.3963509330268476,
          0.3039292986037334
        ]
      }
    },
    "image_15": {
      "image_file": "pose_15_image.png",
      "image_stamp_ns": 1770203115259861109,
      "joint_stamp_ns": 1770203115481049840,
      "position": [
        -1.0168166321567078,
        1.3394735495196741,
        -1.8933984241881312,
        -1.5708215872394007,
        -5.463246885930197,
        0.5057686567306519
      ],
      "camera_pose": {
        "parent_frame": "base_link",
        "child_frame": "camera_optical",
        "stamp": {
          "sec": 1770203115,
          "nanosec": 259861109,
          "stamp_ns": 1770203115259861109
        },
        "R": [
          [
            -0.95041475779,
            0.31097946247,
            -0.001887351628
          ],
          [
            0.310959279137,
            0.950396410694,
            0.007140676368
          ],
          [
            0.004014335912,
            0.006199714699,
            -0.99997272395
          ]
        ],
        "t": [
          0.5999205388384022,
          0.43514879823095115,
          0.30392842083205834
        ]
      }
    },
    "image_16": {
      "image_file": "pose_16_image.png",
      "image_stamp_ns": 1770203118059823805,
      "joint_stamp_ns": 1770203118331052709,
      "position": [
        -0.9718262714198609,
        1.266515080128805,
        -1.8654915295042933,
        -1.5708296934710901,
        -5.749735418950216,
        0.5334615707397461
      ],
      "camera_pose": {
        "parent_frame": "base_link",
        "child_frame": "camera_optical",
        "stamp": {
          "sec": 1770203118,
          "nanosec": 59823805,
          "stamp_ns": 1770203118059823805
        },
        "R": [
          [
            -0.999989811054,
            0.002114206248,
            -0.003988473283
          ],
          [
            0.002089378312,
            0.999978479955,
            0.006218852437
          ],
          [
            0.004001535387,
            0.006210455644,
            -0.999972708605
          ]
        ],
        "t": [
          0.6067258361870236,
          0.47816877927105783,
          0.30393039632706786
        ]
      }
    },
    "image_17": {
      "image_file": "pose_17_image.png",
      "image_stamp_ns": 1770203121059842541,
      "joint_stamp_ns": 1770203121231039849,
      "position": [
        -0.9387510579875489,
        1.2118766943561,
        -1.8438974819579066,
        -1.570810619984762,
        -6.031835619603292,
        0.5655133724212646
      ],
      "camera_pose": {
        "parent_frame": "base_link",
        "child_frame": "camera_optical",
        "stamp": {
          "sec": 1770203121,
          "nanosec": 59842541,
          "stamp_ns": 1770203121059842541
        },
        "R": [
          [
            -0.951693182799,
            -0.306995709188,
            -0.005806922995
          ],
          [
            -0.307023247706,
            0.951690675388,
            0.004645831232
          ],
          [
            0.004100144213,
            0.006204266269,
            -0.999972347566
          ]
        ],
        "t": [
          0.5998874457833265,
          0.5211851185256356,
          0.3038755214042595
        ]
      }
    }
  }
}