[
  {
    "index": 0,
    "file": "pose_1_image.png",
    "cam_T_world": [
      [
        0.9999999782064615,
        9.77662782755558e-05,
        0.0001106132583229725,
        -2.8126056264563234e-05
      ],
      [
        -9.773694889156759e-05,
        0.9999999728722753,
        -0.00013257153865367668,
        -0.00014402773350340647
      ],
      [
        -0.00011063917437347933,
        0.00013254991087051991,
        0.9999999701894933,
        0.00019357990528828594
      ],
      [
        0.0,
        0.0,
        0.0,
        1.0
      ]
    ],
    "K": [
      [
        465.41693115234375,
        0.0,
        259.0
      ],
      [
        0.0,
        469.72589111328125,
        259.0
      ],
      [
        0.0,
        0.0,
        1.0
      ]
    ],
    "image_size": [
      518,
      518
    ]
  },
  {
    "index": 1,
    "file": "pose_2_image.png",
    "cam_T_world": [
      [
        0.9523216515377735,
        0.26679193684544095,
        0.15116226065675697,
        -0.15486369748245096
      ],
      [
        -0.26437307956770145,
        0.964060640965096,
        -0.02837847058245903,
        0.019584342199906856
      ],
      [
        -0.15342725873010937,
        -0.012991777576514854,
        0.9881378707212249,
        0.01757122567042864
      ],
      [
        0.0,
        0.0,
        0.0,
        1.0
      ]
    ],
    "K": [
      [
        461.1679992675781,
        0.0,
        259.0
      ],
      [
        0.0,
        465.41693115234375,
        259.0
      ],
      [
        0.0,
        0.0,
        1.0
      ]
    ],
    "image_size": [
      518,
      518
    ]
  },
  {
    "index": 2,
    "file": "pose_3_image.png",
    "cam_T_world": [
      [
        0.8125212196631915,
        0.5067796977139933,
        0.2867422947289894,
        -0.2961347993581705
      ],
      [
        -0.5033897502627096,
        0.8581844024899631,
        -0.08559835628451096,
        0.0652356980235804
      ],
      [
        -0.2888087611563783,
        -0.07493354659583441,
        0.9542738284204533,
        0.05831944467632422
      ],
      [
        0.0,
        0.0,
        0.0,
        1.0
      ]
    ],
    "K": [
      [
        456.9778747558594,
        0.0,
        259.0
      ],
      [
        0.0,
        461.1679992675781,
        259.0
      ],
      [
        0.0,
        0.0,
        1.0
      ]
    ],
    "image_size": [
      518,
      518
    ]
  },
  {
    "index": 3,
    "file": "pose_4_image.png",
    "cam_T_world": [
      [
        0.5963062286677444,
        0.7052125470125393,
        0.38306618815136356,
        -0.39291805414179093
      ],
      [
        -0.6933833843268069,
        0.6929545858420677,
        -0.19179171575576948,
        0.1579065222378701
      ],
      [
        -0.40239880902557734,
        -0.15308054854954198,
        0.9028409430812899,
        0.13458960075066206
      ],
      [
        0.0,
        0.0,
        0.0,
        1.0
      ]
    ],
    "K": [
      [
        448.7682800292969,
        0.0,
        259.0
      ],
      [
        0.0,
        448.7682800292969,
        259.0
      ],
      [
        0.0,
        0.0,
        1.0
      ]
    ],
    "image_size": [
      518,
      518
    ]
  },
  {
    "index": 4,
    "file": "pose_5_image.png",
    "cam_T_world": [
      [
        0.3202847165616274,
        0.8246605468288675,
        0.4597985571404563,
        -0.4734639809787702
      ],
      [
        -0.8215935014368142,
        0.48325118570909537,
        -0.2994234354072952,
        0.26448250531081813
      ],
      [
        -0.4712915331863218,
        -0.2841847024014945,
        0.8358691273248519,
        0.2037274081148699
      ],
      [
        0.0,
        0.0,
        0.0,
        1.0
      ]
    ],
    "K": [
      [
        444.746337890625,
        0.0,
        259.0
      ],
      [
        0.0,
        448.7682800292969,
        259.0
      ],
      [
        0.0,
        0.0,
        1.0
      ]
    ],
    "image_size": [
      518,
      518
    ]
  },
  {
    "index": 5,
    "file": "pose_6_image.png",
    "cam_T_world": [
      [
        0.021590073085281998,
        0.8849087736498205,
        0.47567178456418335,
        -0.4848233984692502
      ],
      [
        -0.8734281326993037,
        0.24751440665554916,
        -0.42586839821356376,
        0.37959271722505217
      ],
      [
        -0.4911609815392286,
        -0.40460602294017534,
        0.771702881989475,
        0.3088544683558938
      ],
      [
        0.0,
        0.0,
        0.0,
        1.0
      ]
    ],
    "K": [
      [
        418.02960205078125,
        0.0,
        259.0
      ],
      [
        0.0,
        421.7000427246094,
        259.0
      ],
      [
        0.0,
        0.0,
        1.0
      ]
    ],
    "image_size": [
      518,
      518
    ]
  }
]