{
  "note": "Per-image joint positions and camera pose at capture time.",
  "prompt": "blue object .",
  "created_at": "2026-01-22T14:49:37.508894",
  "joint_names": [
    "shoulder_lift_joint",
    "elbow_joint",
    "wrist_1_joint",
    "wrist_2_joint",
    "wrist_3_joint",
    "shoulder_pan_joint"
  ],
  "shots": {
    "image_1": {
      "image_file": "pose_1_image.png",
      "image_stamp_ns": 1769089790891039299,
      "joint_stamp_ns": 1769089791085605959,
      "position": [
        -0.9869356912425538,
        1.2912171522723597,
        -1.8750411472716273,
        -1.5708068052874964,
        -0.9232981840716761,
        0.6475294232368469
      ],
      "camera_pose": {
        "parent_frame": "base_link",
        "child_frame": "camera_optical",
        "stamp": {
          "sec": 1769089790,
          "nanosec": 891039299,
          "stamp_ns": 1769089790891039299
        },
        "R": [
          [
            -0.00216791445,
            -0.999978084458,
            -0.006255457618
          ],
          [
            -0.999989385376,
            0.002193286563,
            -0.004051990908
          ],
          [
            0.004065622117,
            0.006246606849,
            -0.999972224924
          ]
        ],
        "t": [
          0.4843821339597273,
          0.5926566505933444,
          0.3039327107654706
        ]
      }
    },
    "image_2": {
      "image_file": "pose_2_image.png",
      "image_stamp_ns": 1769089793891094660,
      "joint_stamp_ns": 1769089793985618714,
      "position": [
        -1.0432599943927308,
        1.3815105597125452,
        -1.9090262852110804,
        -1.5708068052874964,
        -1.215858284627096,
        0.6690916419029236
      ],
      "camera_pose": {
        "parent_frame": "base_link",
        "child_frame": "camera_optical",
        "stamp": {
          "sec": 1769089793,
          "nanosec": 891094660,
          "stamp_ns": 1769089793891094660
        },
        "R": [
          [
            0.306945433433,
            -0.95171523415,
            -0.004755416011
          ],
          [
            -0.951718492368,
            -0.306917552,
            -0.005790298687
          ],
          [
            0.00405119483,
            0.006303123097,
            -0.999971928836
          ]
        ],
        "t": [
          0.43527039117251176,
          0.5848657385713665,
          0.3038407160596057
        ]
      }
    },
    "image_3": {
      "image_file": "pose_3_image.png",
      "image_stamp_ns": 1769089796691125996,
      "joint_stamp_ns": 1769089796885610112,
      "position": [
        -1.1087272328189393,
        1.4828875700580042,
        -1.944932600060934,
        -1.5707829634295862,
        -1.520609203969137,
        0.678545355796814
      ],
      "camera_pose": {
        "parent_frame": "base_link",
        "child_frame": "camera_optical",
        "stamp": {
          "sec": 1769089796,
          "nanosec": 691125996,
          "stamp_ns": 1769089796691125996
        },
        "R": [
          [
            0.586085865586,
            -0.810244184481,
            -0.002778430454
          ],
          [
            -0.810238905943,
            -0.586058083065,
            -0.006988459884
          ],
          [
            0.004034037354,
            0.006347030011,
            -0.999971720476
          ]
        ],
        "t": [
          0.39088451537839564,
          0.5622784333786255,
          0.30381847322929695
        ]
      }
    },
    "image_4": {
      "image_file": "pose_4_image.png",
      "image_stamp_ns": 1769089799691138180,
      "joint_stamp_ns": 1769089799785612963,
      "position": [
        -1.1779737633517762,
        1.5857728163348597,
        -1.978610178033346,
        -1.5707867781268519,
        -1.84011155763735,
        0.673178493976593
      ],
      "camera_pose": {
        "parent_frame": "base_link",
        "child_frame": "camera_optical",
        "stamp": {
          "sec": 1769089799,
          "nanosec": 691138180,
          "stamp_ns": 1769089799691138180
        },
        "R": [
          [
            0.807782250665,
            -0.589480776557,
            -0.000499581151
          ],
          [
            -0.589467566302,
            -0.807757849085,
            -0.007432733016
          ],
          [
            0.003977912634,
            0.00629851669,
            -0.999972252064
          ]
        ],
        "t": [
          0.3556333445253027,
          0.5270705843053383,
          0.3038622181025733
        ]
      }
    },
    "image_5": {
      "image_file": "pose_5_image.png",
      "image_stamp_ns": 1769089802491190135,
      "joint_stamp_ns": 1769089802635612287,
      "position": [
        -1.24519036829982,
        1.6811726729022425,
        -2.006644388238424,
        -1.570770565663473,
        -2.176120106373922,
        0.6513887643814087
      ],
      "camera_pose": {
        "parent_frame": "base_link",
        "child_frame": "camera_optical",
        "stamp": {
          "sec": 1769089802,
          "nanosec": 491190135,
          "stamp_ns": 1769089802491190135
        },
        "R": [
          [
            0.95042223631,
            -0.310957362821,
            0.001758190643
          ],
          [
            -0.310937596734,
            -0.950402756143,
            -0.007239616975
          ],
          [
            0.003922201435,
            0.006334005382,
            -0.999972247971
          ]
        ],
        "t": [
          0.33300999654773566,
          0.48268621207037565,
          0.3038339050081002
        ]
      }
    },
    "image_6": {
      "image_file": "pose_6_image.png",
      "image_stamp_ns": 1769089805291224595,
      "joint_stamp_ns": 1769089805485611255,
      "position": [
        -1.3038206857493897,
        1.760303799306051,
        -2.0272051296629847,
        -1.5707481543170374,
        -2.528438154851095,
        0.6132177710533142
      ],
      "camera_pose": {
        "parent_frame": "base_link",
        "child_frame": "camera_optical",
        "stamp": {
          "sec": 1769089805,
          "nanosec": 291224595,
          "stamp_ns": 1769089805291224595
        },
        "R": [
          [
            0.999990449317,
            -0.002015617862,
            0.003877958216
          ],
          [
            -0.001991159131,
            -0.999978168169,
            -0.006300672205
          ],
          [
            0.0038905733,
            0.006292890397,
            -0.99997263111
          ]
        ],
        "t": [
          0.3252266619755424,
          0.43350386274924313,
          0.30385524413522325
        ]
      }
    }
  }
}