{
  "note": "Per-image joint positions and camera pose at capture time.",
  "prompt": "yellow object.",
  "created_at": "2026-01-28T14:15:41.320255",
  "joint_names": [
    "shoulder_lift_joint",
    "elbow_joint",
    "wrist_1_joint",
    "wrist_2_joint",
    "wrist_3_joint",
    "shoulder_pan_joint"
  ],
  "shots": {
    "image_1": {
      "image_file": "pose_1_image.png",
      "image_stamp_ns": 1769606154584441458,
      "joint_stamp_ns": 1769606154766490593,
      "position": [
        -1.0018155735782166,
        1.3153546492206019,
        -1.884252210656637,
        -1.5708096663104456,
        -0.8104050795184534,
        0.7604525685310364
      ],
      "camera_pose": {
        "parent_frame": "base_link",
        "child_frame": "camera_optical",
        "stamp": {
          "sec": 1769606154,
          "nanosec": 584441458,
          "stamp_ns": 1769606154584441458
        },
        "R": [
          [
            -0.002139607469,
            -0.999978131873,
            -0.006257623857
          ],
          [
            -0.999989498458,
            0.002164908915,
            -0.004039324504
          ],
          [
            0.004052783357,
            0.006248915573,
            -0.999972262616
          ]
        ],
        "t": [
          0.416557398064577,
          0.6394299905109349,
          0.30390844946371814
        ]
      }
    },
    "image_2": {
      "image_file": "pose_2_image.png",
      "image_stamp_ns": 1769606157384496304,
      "joint_stamp_ns": 1769606157616489280,
      "position": [
        -1.0519756239703675,
        1.3953149954425257,
        -1.9140244923033656,
        -1.5708020369159144,
        -1.098384205495016,
        0.7866148948669434
      ],
      "camera_pose": {
        "parent_frame": "base_link",
        "child_frame": "camera_optical",
        "stamp": {
          "sec": 1769606157,
          "nanosec": 384496304,
          "stamp_ns": 1769606157384496304
        },
        "R": [
          [
            0.307115756982,
            -0.951660107778,
            -0.004790728266
          ],
          [
            -0.951663328365,
            -0.307087318768,
            -0.00585560387
          ],
          [
            0.004101372712,
            0.006357508622,
            -0.999971380003
          ]
        ],
        "t": [
          0.36739710347447246,
          0.6316461465015106,
          0.3038255990655714
        ]
      }
    },
    "image_3": {
      "image_file": "pose_3_image.png",
      "image_stamp_ns": 1769606160384547007,
      "joint_stamp_ns": 1769606160516441949,
      "position": [
        -1.1134848159602662,
        1.4901755491839808,
        -1.9473873577513636,
        -1.5708139578448694,
        -1.3976171652423304,
        0.8015209436416626
      ],
      "camera_pose": {
        "parent_frame": "base_link",
        "child_frame": "camera_optical",
        "stamp": {
          "sec": 1769606160,
          "nanosec": 384547007,
          "stamp_ns": 1769606160384547007
        },
        "R": [
          [
            0.586062015949,
            -0.810261416251,
            -0.002784025298
          ],
          [
            -0.810256168271,
            -0.586034204486,
            -0.006989488621
          ],
          [
            0.004031778898,
            0.006352047462,
            -0.999971697725
          ]
        ],
        "t": [
          0.3230458119645595,
          0.6090306569127344,
          0.3038352550414132
        ]
      }
    },
    "image_4": {
      "image_file": "pose_4_image.png",
      "image_stamp_ns": 1769606163184555055,
      "joint_stamp_ns": 1769606163366491229,
      "position": [
        -1.18130777895961,
        1.5906594435321253,
        -1.9801045856871546,
        -1.5707553068744105,
        -1.7109878698932093,
        0.8023509979248047
      ],
      "camera_pose": {
        "parent_frame": "base_link",
        "child_frame": "camera_optical",
        "stamp": {
          "sec": 1769606163,
          "nanosec": 184555055,
          "stamp_ns": 1769606163184555055
        },
        "R": [
          [
            0.807805418406,
            -0.589449071077,
            -0.000445645233
          ],
          [
            -0.589435386586,
            -0.807781019626,
            -0.007466550257
          ],
          [
            0.004041167353,
            0.006294198825,
            -0.999972025623
          ]
        ],
        "t": [
          0.287800094153296,
          0.5738310234983248,
          0.3038592406007221
        ]
      }
    },
    "image_5": {
      "image_file": "pose_5_image.png",
      "image_stamp_ns": 1769606166184587131,
      "joint_stamp_ns": 1769606166264441478,
      "position": [
        -1.2499333185008545,
        1.6876452604876917,
        -2.0084082088866175,
        -1.5708330313311976,
        -2.0406530539142054,
        0.7868027687072754
      ],
      "camera_pose": {
        "parent_frame": "base_link",
        "child_frame": "camera_optical",
        "stamp": {
          "sec": 1769606166,
          "nanosec": 184587131,
          "stamp_ns": 1769606166184587131
        },
        "R": [
          [
            0.950425049969,
            -0.310948610413,
            0.00178495772
          ],
          [
            -0.310928652936,
            -0.950405639466,
            -0.007245222864
          ],
          [
            0.003949325865,
            0.006331046803,
            -0.999972159948
          ]
        ],
        "t": [
          0.2651545142390114,
          0.5294694086392008,
          0.30384070809460284
        ]
      }
    },
    "image_6": {
      "image_file": "pose_6_image.png",
      "image_stamp_ns": 1769606168984552820,
      "joint_stamp_ns": 1769606169166491895,
      "position": [
        -1.3130231958678742,
        1.772400204335348,
        -2.030095716516012,
        -1.570817772542135,
        -2.3875206152545374,
        0.754165530204773
      ],
      "camera_pose": {
        "parent_frame": "base_link",
        "child_frame": "camera_optical",
        "stamp": {
          "sec": 1769606168,
          "nanosec": 984552820,
          "stamp_ns": 1769606168984552820
        },
        "R": [
          [
            0.999990238955,
            -0.002000904808,
            0.003939336893
          ],
          [
            -0.001976176709,
            -0.999978383525,
            -0.006271140872
          ],
          [
            0.003951799694,
            0.006263294834,
            -0.999972576832
          ]
        ],
        "t": [
          0.2573933768456751,
          0.48028260710634085,
          0.30387169393649766
        ]
      }
    }
  }
}