[
  {
    "index": 0,
    "file": "pose_1_image.png",
    "cam_T_world": [
      [
        0.9999999723804659,
        -2.6686767256666223e-05,
        0.0001640345992912937,
        2.4694312857489516e-05
      ],
      [
        2.671899247173846e-05,
        0.9999999896381272,
        -9.822407080270955e-05,
        -7.916381600305636e-05
      ],
      [
        -0.00016402935332604938,
        9.823283105535054e-05,
        0.9999999634446808,
        9.678611631883639e-05
      ],
      [
        0.0,
        0.0,
        0.0,
        1.0
      ]
    ],
    "K": [
      [
        485.3011169433594,
        0.0,
        259.0
      ],
      [
        0.0,
        485.3011169433594,
        259.0
      ],
      [
        0.0,
        0.0,
        1.0
      ]
    ],
    "image_size": [
      518,
      518
    ]
  },
  {
    "index": 1,
    "file": "pose_2_image.png",
    "cam_T_world": [
      [
        0.9521548499225309,
        0.26437477516035396,
        0.15585886368483323,
        -0.15898594616139894
      ],
      [
        -0.2628473539335684,
        0.9646735919609634,
        -0.02585059141664988,
        0.016068477731575166
      ],
      [
        -0.15648424753821358,
        -0.016276831953289814,
        0.987495647679161,
        0.03559872772774045
      ],
      [
        0.0,
        0.0,
        0.0,
        1.0
      ]
    ],
    "K": [
      [
        469.72589111328125,
        0.0,
        259.0
      ],
      [
        0.0,
        469.72589111328125,
        259.0
      ],
      [
        0.0,
        0.0,
        1.0
      ]
    ],
    "image_size": [
      518,
      518
    ]
  },
  {
    "index": 2,
    "file": "pose_3_image.png",
    "cam_T_world": [
      [
        0.8108502751591591,
        0.5080646978825498,
        0.2940696455873525,
        -0.30497854101267524
      ],
      [
        -0.5033905947070336,
        0.8585906690903985,
        -0.08949080011741976,
        0.06907663000667139
      ],
      [
        -0.2981339965115583,
        -0.0756015057457673,
        0.9516567611933751,
        0.0632823757110059
      ],
      [
        0.0,
        0.0,
        0.0,
        1.0
      ]
    ],
    "K": [
      [
        478.5296936035156,
        0.0,
        259.0
      ],
      [
        0.0,
        476.3050537109375,
        259.0
      ],
      [
        0.0,
        0.0,
        1.0
      ]
    ],
    "image_size": [
      518,
      518
    ]
  },
  {
    "index": 3,
    "file": "pose_4_image.png",
    "cam_T_world": [
      [
        0.582616788243473,
        0.7097847639266461,
        0.39576553165794603,
        -0.41332251221431743
      ],
      [
        -0.6980557224128655,
        0.6854070937388523,
        -0.1992719926671019,
        0.17122357368570745
      ],
      [
        -0.4140919747473905,
        -0.16210339082147038,
        0.8953010351093661,
        0.1240605945951217
      ],
      [
        0.0,
        0.0,
        0.0,
        1.0
      ]
    ],
    "K": [
      [
        474.0963134765625,
        0.0,
        259.0
      ],
      [
        0.0,
        474.0963134765625,
        259.0
      ],
      [
        0.0,
        0.0,
        1.0
      ]
    ],
    "image_size": [
      518,
      518
    ]
  },
  {
    "index": 4,
    "file": "pose_5_image.png",
    "cam_T_world": [
      [
        0.3047318221947713,
        0.8307252934713072,
        0.4702501059677311,
        -0.4888798356022407
      ],
      [
        -0.814375006423795,
        0.48186618706410805,
        -0.32664845896833816,
        0.29498014906887643
      ],
      [
        -0.4972513977547763,
        -0.2833945396481715,
        0.8204462718426627,
        0.21188059611004992
      ],
      [
        0.0,
        0.0,
        0.0,
        1.0
      ]
    ],
    "K": [
      [
        465.41693115234375,
        0.0,
        259.0
      ],
      [
        0.0,
        465.41693115234375,
        259.0
      ],
      [
        0.0,
        0.0,
        1.0
      ]
    ],
    "image_size": [
      518,
      518
    ]
  },
  {
    "index": 5,
    "file": "pose_6_image.png",
    "cam_T_world": [
      [
        0.002493841815387581,
        0.870089887448601,
        0.48511965189051653,
        -0.4989781337623713
      ],
      [
        -0.8535159835387641,
        0.2564481065084726,
        -0.4524830682444791,
        0.4086966943595577
      ],
      [
        -0.5205342321649793,
        -0.4118338247657863,
        0.746408594524939,
        0.30749819302813736
      ],
      [
        0.0,
        0.0,
        0.0,
        1.0
      ]
    ],
    "K": [
      [
        444.746337890625,
        0.0,
        259.0
      ],
      [
        0.0,
        448.7682800292969,
        259.0
      ],
      [
        0.0,
        0.0,
        1.0
      ]
    ],
    "image_size": [
      518,
      518
    ]
  }
]