[
  {
    "index": 0,
    "file": "pose_1_image.png",
    "cam_T_world": [
      [
        0.9999998831735915,
        0.0003509290145761422,
        0.00023082431192499077,
        7.247826048417589e-05
      ],
      [
        -0.00035097523509653307,
        0.9999999264100597,
        0.00010005480052908702,
        -0.0001382875934700124
      ],
      [
        -0.00023075402617497504,
        -0.00010021679244817088,
        0.999999996313822,
        0.0002059907849623692
      ],
      [
        0.0,
        0.0,
        0.0,
        1.0
      ]
    ],
    "K": [
      [
        448.7682800292969,
        0.0,
        259.0
      ],
      [
        0.0,
        448.7682800292969,
        259.0
      ],
      [
        0.0,
        0.0,
        1.0
      ]
    ],
    "image_size": [
      518,
      518
    ]
  },
  {
    "index": 1,
    "file": "pose_2_image.png",
    "cam_T_world": [
      [
        0.9536220014017093,
        0.26375550735150516,
        0.1491719208341029,
        -0.16713657849109637
      ],
      [
        -0.2638589336472783,
        0.9644874444556248,
        -0.006440997438738593,
        0.0007311387285392457
      ],
      [
        -0.14590699609838906,
        -0.03318375622325492,
        0.9887734846003535,
        -0.0019026808482901223
      ],
      [
        0.0,
        0.0,
        0.0,
        1.0
      ]
    ],
    "K": [
      [
        452.84503173828125,
        0.0,
        259.0
      ],
      [
        0.0,
        456.9778747558594,
        259.0
      ],
      [
        0.0,
        0.0,
        1.0
      ]
    ],
    "image_size": [
      518,
      518
    ]
  },
  {
    "index": 2,
    "file": "pose_3_image.png",
    "cam_T_world": [
      [
        0.8140423571747897,
        0.5065200479554287,
        0.28051621116250997,
        -0.32054225536096564
      ],
      [
        -0.5045977060345743,
        0.8580584267873714,
        -0.08133829502755917,
        0.07126935680640158
      ],
      [
        -0.28396316896369056,
        -0.07578668204898323,
        0.9559626668048422,
        0.03190463217037521
      ],
      [
        0.0,
        0.0,
        0.0,
        1.0
      ]
    ],
    "K": [
      [
        456.9778747558594,
        0.0,
        259.0
      ],
      [
        0.0,
        461.1679992675781,
        259.0
      ],
      [
        0.0,
        0.0,
        1.0
      ]
    ],
    "image_size": [
      518,
      518
    ]
  },
  {
    "index": 3,
    "file": "pose_4_image.png",
    "cam_T_world": [
      [
        0.5966521318400133,
        0.7024138634195268,
        0.3891323019997811,
        -0.4482545943987476
      ],
      [
        -0.6981958369788623,
        0.6922920811543802,
        -0.18500028402492938,
        0.17915242712075663
      ],
      [
        -0.39882706370464377,
        -0.15959990006295893,
        0.9030010540597924,
        0.08614105434819676
      ],
      [
        0.0,
        0.0,
        0.0,
        1.0
      ]
    ],
    "K": [
      [
        456.9778747558594,
        0.0,
        259.0
      ],
      [
        0.0,
        461.1679992675781,
        259.0
      ],
      [
        0.0,
        0.0,
        1.0
      ]
    ],
    "image_size": [
      518,
      518
    ]
  },
  {
    "index": 4,
    "file": "pose_5_image.png",
    "cam_T_world": [
      [
        0.3265441706766869,
        0.8292083703148888,
        0.45574447413818037,
        -0.5327281952296772
      ],
      [
        -0.8155352881750962,
        0.48753909975359233,
        -0.30399189691790585,
        0.3089806400886639
      ],
      [
        -0.47423514200646794,
        -0.27400400018945414,
        0.8373175231679008,
        0.16285606356514756
      ],
      [
        0.0,
        0.0,
        0.0,
        1.0
      ]
    ],
    "K": [
      [
        452.84503173828125,
        0.0,
        259.0
      ],
      [
        0.0,
        456.9778747558594,
        259.0
      ],
      [
        0.0,
        0.0,
        1.0
      ]
    ],
    "image_size": [
      518,
      518
    ]
  },
  {
    "index": 5,
    "file": "pose_6_image.png",
    "cam_T_world": [
      [
        0.02607114098371792,
        0.8719286349574957,
        0.4881584474535968,
        -0.5681064672524045
      ],
      [
        -0.8652144678076757,
        0.26488986313400503,
        -0.42665302383609177,
        0.4406168589204155
      ],
      [
        -0.5019336180224074,
        -0.4121664902520016,
        0.7619389387149382,
        0.2707848716919149
      ],
      [
        0.0,
        0.0,
        0.0,
        1.0
      ]
    ],
    "K": [
      [
        440.77801513671875,
        0.0,
        259.0
      ],
      [
        0.0,
        444.746337890625,
        259.0
      ],
      [
        0.0,
        0.0,
        1.0
      ]
    ],
    "image_size": [
      518,
      518
    ]
  }
]