[
  {
    "index": 0,
    "file": "pose_1_image.png",
    "cam_T_world": [
      [
        0.9999999564824985,
        -0.00020789765678766784,
        1.720658334605184e-05,
        -1.3676923627954203e-05
      ],
      [
        0.00020790433611661232,
        0.9999999785322875,
        -0.00019454598745587972,
        -0.00013737258062814132
      ],
      [
        -1.7125689251057802e-05,
        0.00019455312517014392,
        0.999999961855793,
        0.0002088281842977306
      ],
      [
        0.0,
        0.0,
        0.0,
        1.0
      ]
    ],
    "K": [
      [
        480.7704772949219,
        0.0,
        259.0
      ],
      [
        0.0,
        483.0275573730469,
        259.0
      ],
      [
        0.0,
        0.0,
        1.0
      ]
    ],
    "image_size": [
      518,
      518
    ]
  },
  {
    "index": 1,
    "file": "pose_2_image.png",
    "cam_T_world": [
      [
        0.9529313419815079,
        0.26840008345467664,
        0.14306475207659286,
        -0.15297307684867456
      ],
      [
        -0.26681973683278415,
        0.9635079496760441,
        -0.02494145925696812,
        0.01694762826326528
      ],
      [
        -0.14405722197798343,
        -0.014184922274395134,
        0.98942530870301,
        0.021156854375409463
      ],
      [
        0.0,
        0.0,
        0.0,
        1.0
      ]
    ],
    "K": [
      [
        476.3050537109375,
        0.0,
        259.0
      ],
      [
        0.0,
        478.5296936035156,
        259.0
      ],
      [
        0.0,
        0.0,
        1.0
      ]
    ],
    "image_size": [
      518,
      518
    ]
  },
  {
    "index": 2,
    "file": "pose_3_image.png",
    "cam_T_world": [
      [
        0.8141027241583996,
        0.5074896874005651,
        0.28042936019634856,
        -0.3056132221459217
      ],
      [
        -0.5056988474645902,
        0.8581687368565631,
        -0.09459623965356236,
        0.0795094817760347
      ],
      [
        -0.2897266101361761,
        -0.06362137292019425,
        0.9554148392411324,
        0.055831340157850275
      ],
      [
        0.0,
        0.0,
        0.0,
        1.0
      ]
    ],
    "K": [
      [
        478.5296936035156,
        0.0,
        259.0
      ],
      [
        0.0,
        476.3050537109375,
        259.0
      ],
      [
        0.0,
        0.0,
        1.0
      ]
    ],
    "image_size": [
      518,
      518
    ]
  },
  {
    "index": 3,
    "file": "pose_4_image.png",
    "cam_T_world": [
      [
        0.5955926592002623,
        0.7080478526495146,
        0.3766607949372756,
        -0.41583970839202
      ],
      [
        -0.6976198284684018,
        0.6898400511466442,
        -0.1988352445604705,
        0.18366754406638547
      ],
      [
        -0.40036654542953726,
        -0.14458561215977006,
        0.9049314578106371,
        0.10163851323790887
      ],
      [
        0.0,
        0.0,
        0.0,
        1.0
      ]
    ],
    "K": [
      [
        483.0275573730469,
        0.0,
        259.0
      ],
      [
        0.0,
        483.0275573730469,
        259.0
      ],
      [
        0.0,
        0.0,
        1.0
      ]
    ],
    "image_size": [
      518,
      518
    ]
  },
  {
    "index": 4,
    "file": "pose_5_image.png",
    "cam_T_world": [
      [
        0.31914394744306435,
        0.8374357547251998,
        0.44290719816657187,
        -0.4922123607699899
      ],
      [
        -0.8180034972824934,
        0.480120530771333,
        -0.31351153073303345,
        0.3024588533434483
      ],
      [
        -0.47484408695217756,
        -0.2636468411853369,
        0.8400427619871201,
        0.180438090034877
      ],
      [
        0.0,
        0.0,
        0.0,
        1.0
      ]
    ],
    "K": [
      [
        474.0963134765625,
        0.0,
        259.0
      ],
      [
        0.0,
        474.0963134765625,
        259.0
      ],
      [
        0.0,
        0.0,
        1.0
      ]
    ],
    "image_size": [
      518,
      518
    ]
  },
  {
    "index": 5,
    "file": "pose_6_image.png",
    "cam_T_world": [
      [
        0.015201011119679163,
        0.8929023382186555,
        0.4516997738125224,
        -0.5198645109677384
      ],
      [
        -0.8576270815480042,
        0.2416074360917167,
        -0.45328204454003584,
        0.4570794332652589
      ],
      [
        -0.5117544144312096,
        -0.38411270374908957,
        0.7677911848561402,
        0.25047290036291064
      ],
      [
        0.0,
        0.0,
        0.0,
        1.0
      ]
    ],
    "K": [
      [
        476.3050537109375,
        0.0,
        259.0
      ],
      [
        0.0,
        476.3050537109375,
        259.0
      ],
      [
        0.0,
        0.0,
        1.0
      ]
    ],
    "image_size": [
      518,
      518
    ]
  }
]