[
  {
    "index": 0,
    "file": "pose_1_image.png",
    "cam_T_world": [
      [
        0.9999999985557224,
        3.624068231280145e-05,
        1.1440739284977273e-05,
        4.053112586987898e-05
      ],
      [
        -3.62385650091569e-05,
        0.9999999901292541,
        -9.250682249576355e-05,
        -5.962331614730639e-05
      ],
      [
        -1.1447444079851682e-05,
        9.250599303660383e-05,
        0.9999999913115972,
        0.00018596051231844262
      ],
      [
        0.0,
        0.0,
        0.0,
        1.0
      ]
    ],
    "K": [
      [
        465.41693115234375,
        0.0,
        259.0
      ],
      [
        0.0,
        469.72589111328125,
        259.0
      ],
      [
        0.0,
        0.0,
        1.0
      ]
    ],
    "image_size": [
      518,
      518
    ]
  },
  {
    "index": 1,
    "file": "pose_2_image.png",
    "cam_T_world": [
      [
        0.952838394252779,
        0.2614120681212345,
        0.15480716684397647,
        -0.1769590262305547
      ],
      [
        -0.2620146136801162,
        0.9650082200543979,
        -0.01874163673004163,
        0.010575490303435211
      ],
      [
        -0.15378512758430224,
        -0.022462740614790578,
        0.9878227956130846,
        -0.009237536052957547
      ],
      [
        0.0,
        0.0,
        0.0,
        1.0
      ]
    ],
    "K": [
      [
        476.3050537109375,
        0.0,
        259.0
      ],
      [
        0.0,
        478.5296936035156,
        259.0
      ],
      [
        0.0,
        0.0,
        1.0
      ]
    ],
    "image_size": [
      518,
      518
    ]
  },
  {
    "index": 2,
    "file": "pose_3_image.png",
    "cam_T_world": [
      [
        0.8159741542914071,
        0.5029452806971471,
        0.2831206966769218,
        -0.32920605553337284
      ],
      [
        -0.5015597602726041,
        0.8602464472196968,
        -0.08096526552672753,
        0.06859665387779275
      ],
      [
        -0.28556908201114767,
        -0.07698959619663015,
        0.9554737813613988,
        0.025180988371624212
      ],
      [
        0.0,
        0.0,
        0.0,
        1.0
      ]
    ],
    "K": [
      [
        476.3050537109375,
        0.0,
        259.0
      ],
      [
        0.0,
        480.7704772949219,
        259.0
      ],
      [
        0.0,
        0.0,
        1.0
      ]
    ],
    "image_size": [
      518,
      518
    ]
  },
  {
    "index": 3,
    "file": "pose_4_image.png",
    "cam_T_world": [
      [
        0.604670497003832,
        0.7015290887220298,
        0.3771471947572309,
        -0.45369939815307886
      ],
      [
        -0.6998649257050454,
        0.6952225614960916,
        -0.17633148712016855,
        0.17101577085476719
      ],
      [
        -0.3868052046518625,
        -0.1558461446931186,
        0.909195820636777,
        0.055996411483060005
      ],
      [
        0.0,
        0.0,
        0.0,
        1.0
      ]
    ],
    "K": [
      [
        485.3011169433594,
        0.0,
        259.0
      ],
      [
        0.0,
        487.5914306640625,
        259.0
      ],
      [
        0.0,
        0.0,
        1.0
      ]
    ],
    "image_size": [
      518,
      518
    ]
  },
  {
    "index": 4,
    "file": "pose_5_image.png",
    "cam_T_world": [
      [
        0.3339993284519304,
        0.8384410478016028,
        0.429317610795851,
        -0.5415615365774914
      ],
      [
        -0.8279422415699282,
        0.4803881222973862,
        -0.2956802143202919,
        0.31872755611641684
      ],
      [
        -0.4551621093207769,
        -0.25581528786730867,
        0.8534187622590969,
        0.09477686376966367
      ],
      [
        0.0,
        0.0,
        0.0,
        1.0
      ]
    ],
    "K": [
      [
        489.89862060546875,
        0.0,
        259.0
      ],
      [
        0.0,
        489.89862060546875,
        259.0
      ],
      [
        0.0,
        0.0,
        1.0
      ]
    ],
    "image_size": [
      518,
      518
    ]
  },
  {
    "index": 5,
    "file": "pose_6_image.png",
    "cam_T_world": [
      [
        0.04383946819015149,
        0.892096033256741,
        0.4571023072492102,
        -0.5919037055924172
      ],
      [
        -0.8815676689186877,
        0.24982711772295882,
        -0.4046449643265795,
        0.4552700061013699
      ],
      [
        -0.4725597489623068,
        -0.38291532633593606,
        0.7945781673122643,
        0.16534769549354744
      ],
      [
        0.0,
        0.0,
        0.0,
        1.0
      ]
    ],
    "K": [
      [
        485.3011169433594,
        0.0,
        259.0
      ],
      [
        0.0,
        489.89862060546875,
        259.0
      ],
      [
        0.0,
        0.0,
        1.0
      ]
    ],
    "image_size": [
      518,
      518
    ]
  }
]