[
  {
    "index": 0,
    "file": "pose_1_image.png",
    "cam_T_world": [
      [
        0.9999999930257676,
        7.248877839985396e-05,
        4.14681719789758e-05,
        8.586255182833576e-06
      ],
      [
        -7.246970902558221e-05,
        0.9999999419224003,
        -0.00022983850329937085,
        -9.685511080394372e-05
      ],
      [
        -4.150148858689886e-05,
        0.0002298324897207623,
        0.9999999454546501,
        0.0002460253566896398
      ],
      [
        0.0,
        0.0,
        0.0,
        1.0
      ]
    ],
    "K": [
      [
        480.7704772949219,
        0.0,
        259.0
      ],
      [
        0.0,
        483.0275573730469,
        259.0
      ],
      [
        0.0,
        0.0,
        1.0
      ]
    ],
    "image_size": [
      518,
      518
    ]
  },
  {
    "index": 1,
    "file": "pose_2_image.png",
    "cam_T_world": [
      [
        0.9513459179456686,
        0.2659873143946193,
        0.15563328430134085,
        -0.16456300615002323
      ],
      [
        -0.2651029232209548,
        0.9638631011674,
        -0.02398369990817707,
        0.01587311737814339
      ],
      [
        -0.15713508057037534,
        -0.018603468640437163,
        0.9875287311157336,
        0.0023418959934752522
      ],
      [
        0.0,
        0.0,
        0.0,
        1.0
      ]
    ],
    "K": [
      [
        485.3011169433594,
        0.0,
        259.0
      ],
      [
        0.0,
        485.3011169433594,
        259.0
      ],
      [
        0.0,
        0.0,
        1.0
      ]
    ],
    "image_size": [
      518,
      518
    ]
  },
  {
    "index": 2,
    "file": "pose_3_image.png",
    "cam_T_world": [
      [
        0.8108760323878162,
        0.5070139707452652,
        0.2910232330390367,
        -0.3101264639833829
      ],
      [
        -0.5042552757064451,
        0.8584021896322565,
        -0.0987883475389832,
        0.08095268925253409
      ],
      [
        -0.3012859126925832,
        -0.06630962648429736,
        0.9516488250737459,
        0.04302136148146168
      ],
      [
        0.0,
        0.0,
        0.0,
        1.0
      ]
    ],
    "K": [
      [
        485.3011169433594,
        0.0,
        259.0
      ],
      [
        0.0,
        483.0275573730469,
        259.0
      ],
      [
        0.0,
        0.0,
        1.0
      ]
    ],
    "image_size": [
      518,
      518
    ]
  },
  {
    "index": 3,
    "file": "pose_4_image.png",
    "cam_T_world": [
      [
        0.5868880503220375,
        0.7014311665425363,
        0.40802769408954553,
        -0.4338783755422399
      ],
      [
        -0.6899761737263364,
        0.6963831764258418,
        -0.20035224648567532,
        0.1788091233684301
      ],
      [
        -0.4245428383926151,
        -0.1641078615608683,
        0.8901429132190155,
        0.11360263868251788
      ],
      [
        0.0,
        0.0,
        0.0,
        1.0
      ]
    ],
    "K": [
      [
        478.5296936035156,
        0.0,
        259.0
      ],
      [
        0.0,
        478.5296936035156,
        259.0
      ],
      [
        0.0,
        0.0,
        1.0
      ]
    ],
    "image_size": [
      518,
      518
    ]
  },
  {
    "index": 4,
    "file": "pose_5_image.png",
    "cam_T_world": [
      [
        0.3061832238389649,
        0.8216100704219208,
        0.4747851761160309,
        -0.5067993493919036
      ],
      [
        -0.8112338516210456,
        0.488294951184746,
        -0.32214662028456775,
        0.3001119835525165
      ],
      [
        -0.49889596792849145,
        -0.2875627938170756,
        0.8179331096428167,
        0.19488335767180937
      ],
      [
        0.0,
        0.0,
        0.0,
        1.0
      ]
    ],
    "K": [
      [
        476.3050537109375,
        0.0,
        259.0
      ],
      [
        0.0,
        476.3050537109375,
        259.0
      ],
      [
        0.0,
        0.0,
        1.0
      ]
    ],
    "image_size": [
      518,
      518
    ]
  },
  {
    "index": 5,
    "file": "pose_6_image.png",
    "cam_T_world": [
      [
        0.013695041322450072,
        0.8711784798796354,
        0.4895729413802573,
        -0.5196994380143555
      ],
      [
        -0.8590755416270992,
        0.26342980025916996,
        -0.442778731718895,
        0.4133299666863984
      ],
      [
        -0.5138913235160875,
        -0.41411809323107795,
        0.7504718797782256,
        0.2848216835455887
      ],
      [
        0.0,
        0.0,
        0.0,
        1.0
      ]
    ],
    "K": [
      [
        452.84503173828125,
        0.0,
        259.0
      ],
      [
        0.0,
        456.9778747558594,
        259.0
      ],
      [
        0.0,
        0.0,
        1.0
      ]
    ],
    "image_size": [
      518,
      518
    ]
  }
]