[
  {
    "index": 0,
    "file": "pose_1_image.png",
    "cam_T_world": [
      [
        0.9999998452549448,
        -0.0003775568355040416,
        0.00036249848618552494,
        5.9684793002961657e-05
      ],
      [
        0.00037775314084249754,
        0.9999999032297756,
        -0.0002707066156025535,
        -6.582231217388942e-05
      ],
      [
        -0.00036229391535913395,
        0.0002709803371308231,
        0.9999999145220622,
        0.00015254845171981617
      ],
      [
        0.0,
        0.0,
        0.0,
        1.0
      ]
    ],
    "K": [
      [
        487.5914306640625,
        0.0,
        259.0
      ],
      [
        0.0,
        487.5914306640625,
        259.0
      ],
      [
        0.0,
        0.0,
        1.0
      ]
    ],
    "image_size": [
      518,
      518
    ]
  },
  {
    "index": 1,
    "file": "pose_2_image.png",
    "cam_T_world": [
      [
        0.9531154822089914,
        0.266025207146412,
        0.14592508179062794,
        -0.11769960305779456
      ],
      [
        -0.2653814797958181,
        0.9641007257103849,
        -0.02192730312418071,
        0.008114304279592704
      ],
      [
        -0.14709237404954498,
        -0.017739851497762558,
        0.9890053478195872,
        -0.006827761732693831
      ],
      [
        0.0,
        0.0,
        0.0,
        1.0
      ]
    ],
    "K": [
      [
        494.5645446777344,
        0.0,
        259.0
      ],
      [
        0.0,
        494.5645446777344,
        259.0
      ],
      [
        0.0,
        0.0,
        1.0
      ]
    ],
    "image_size": [
      518,
      518
    ]
  },
  {
    "index": 2,
    "file": "pose_3_image.png",
    "cam_T_world": [
      [
        0.8113370361047962,
        0.5118033958934837,
        0.2872877355098745,
        -0.23124562859601822
      ],
      [
        -0.50837715248806,
        0.8569872974644678,
        -0.08630640872496369,
        0.04968760588670122
      ],
      [
        -0.2894245482402628,
        -0.0755673691405755,
        0.9542856737649359,
        0.0380113403286069
      ],
      [
        0.0,
        0.0,
        0.0,
        1.0
      ]
    ],
    "K": [
      [
        483.0275573730469,
        0.0,
        259.0
      ],
      [
        0.0,
        483.0275573730469,
        259.0
      ],
      [
        0.0,
        0.0,
        1.0
      ]
    ],
    "image_size": [
      518,
      518
    ]
  },
  {
    "index": 3,
    "file": "pose_4_image.png",
    "cam_T_world": [
      [
        0.6005196214507883,
        0.7087543266805364,
        0.3699650573530575,
        -0.30080656728696725
      ],
      [
        -0.7028409609818026,
        0.6888787799707327,
        -0.18016002702222983,
        0.11507490432783239
      ],
      [
        -0.38398766122601147,
        -0.15109801286459396,
        0.9115972435118951,
        0.06263946994011203
      ],
      [
        0.0,
        0.0,
        0.0,
        1.0
      ]
    ],
    "K": [
      [
        485.3011169433594,
        0.0,
        259.0
      ],
      [
        0.0,
        485.3011169433594,
        259.0
      ],
      [
        0.0,
        0.0,
        1.0
      ]
    ],
    "image_size": [
      518,
      518
    ]
  },
  {
    "index": 4,
    "file": "pose_5_image.png",
    "cam_T_world": [
      [
        0.3285142007576726,
        0.8356433168460662,
        0.4408828505098901,
        -0.3559808200394306
      ],
      [
        -0.8244357838800744,
        0.4810475483371309,
        -0.3040823570622326,
        0.20940452619084737
      ],
      [
        -0.46653384414779253,
        -0.26461789537937846,
        0.8443314210672522,
        0.12107070186490239
      ],
      [
        0.0,
        0.0,
        0.0,
        1.0
      ]
    ],
    "K": [
      [
        474.0963134765625,
        0.0,
        259.0
      ],
      [
        0.0,
        474.0963134765625,
        259.0
      ],
      [
        0.0,
        0.0,
        1.0
      ]
    ],
    "image_size": [
      518,
      518
    ]
  },
  {
    "index": 5,
    "file": "pose_6_image.png",
    "cam_T_world": [
      [
        0.00897253374640732,
        0.8878488657343759,
        0.45635313355438656,
        -0.38596626883426316
      ],
      [
        -0.8601553314271956,
        0.23472806400264284,
        -0.44389626264367116,
        0.3288516495125185
      ],
      [
        -0.5028556434075522,
        -0.39129114226662937,
        0.7704214742705852,
        0.16453792407480758
      ],
      [
        0.0,
        0.0,
        0.0,
        1.0
      ]
    ],
    "K": [
      [
        476.3050537109375,
        0.0,
        259.0
      ],
      [
        0.0,
        478.5296936035156,
        259.0
      ],
      [
        0.0,
        0.0,
        1.0
      ]
    ],
    "image_size": [
      518,
      518
    ]
  }
]