[
  {
    "index": 0,
    "file": "pose_1_image.png",
    "cam_T_world": [
      [
        0.9999999230813066,
        0.00019355790166662354,
        0.00031473586975325,
        -9.504636044726484e-07
      ],
      [
        -0.0001936338353768547,
        0.999999947966676,
        0.00012057886294201764,
        -0.00010203416492041006
      ],
      [
        -0.00031468915901635027,
        -0.00012070071703827793,
        0.9999999460067115,
        7.296869805850558e-05
      ],
      [
        0.0,
        0.0,
        0.0,
        1.0
      ]
    ],
    "K": [
      [
        478.5296936035156,
        0.0,
        259.0
      ],
      [
        0.0,
        480.7704772949219,
        259.0
      ],
      [
        0.0,
        0.0,
        1.0
      ]
    ],
    "image_size": [
      518,
      518
    ]
  },
  {
    "index": 1,
    "file": "pose_2_image.png",
    "cam_T_world": [
      [
        0.9524118813514609,
        0.26215221492773993,
        0.15499414822654645,
        -0.16709854117767056
      ],
      [
        -0.261063644092768,
        0.9647844881794733,
        -0.03652777680420101,
        0.027215444866663843
      ],
      [
        -0.1594002341579468,
        -0.005440556817527739,
        0.9872568920576618,
        0.029703980246573936
      ],
      [
        0.0,
        0.0,
        0.0,
        1.0
      ]
    ],
    "K": [
      [
        465.41693115234375,
        0.0,
        259.0
      ],
      [
        0.0,
        469.72589111328125,
        259.0
      ],
      [
        0.0,
        0.0,
        1.0
      ]
    ],
    "image_size": [
      518,
      518
    ]
  },
  {
    "index": 2,
    "file": "pose_3_image.png",
    "cam_T_world": [
      [
        0.8133555777783662,
        0.5070534958560543,
        0.28770062683075726,
        -0.31924416616003465
      ],
      [
        -0.497649229520538,
        0.8601521586565615,
        -0.1078790752327901,
        0.09256343916044552
      ],
      [
        -0.30143632041135787,
        -0.054634286825031526,
        0.9518930236333389,
        0.05530519287876846
      ],
      [
        0.0,
        0.0,
        0.0,
        1.0
      ]
    ],
    "K": [
      [
        465.41693115234375,
        0.0,
        259.0
      ],
      [
        0.0,
        469.72589111328125,
        259.0
      ],
      [
        0.0,
        0.0,
        1.0
      ]
    ],
    "image_size": [
      518,
      518
    ]
  },
  {
    "index": 3,
    "file": "pose_4_image.png",
    "cam_T_world": [
      [
        0.5849728565734152,
        0.7014755716122858,
        0.4119093237067319,
        -0.4619073356920765
      ],
      [
        -0.6881136371471104,
        0.6965413272039268,
        -0.20445238084011172,
        0.18913355979715296
      ],
      [
        -0.4311170969954863,
        -0.16602986655465196,
        0.8874263702374631,
        0.12507664081822137
      ],
      [
        0.0,
        0.0,
        0.0,
        1.0
      ]
    ],
    "K": [
      [
        469.72589111328125,
        0.0,
        259.0
      ],
      [
        0.0,
        474.0963134765625,
        259.0
      ],
      [
        0.0,
        0.0,
        1.0
      ]
    ],
    "image_size": [
      518,
      518
    ]
  },
  {
    "index": 4,
    "file": "pose_5_image.png",
    "cam_T_world": [
      [
        0.3059863157305201,
        0.8199178791336611,
        0.4805281146349303,
        -0.5543890921301379
      ],
      [
        -0.8131708333104751,
        0.48845468486752813,
        -0.31468596393063897,
        0.3193147338510199
      ],
      [
        -0.4932363678619253,
        -0.29517876952152733,
        0.8182198084252127,
        0.1881148703463929
      ],
      [
        0.0,
        0.0,
        0.0,
        1.0
      ]
    ],
    "K": [
      [
        478.5296936035156,
        0.0,
        259.0
      ],
      [
        0.0,
        480.7704772949219,
        259.0
      ],
      [
        0.0,
        0.0,
        1.0
      ]
    ],
    "image_size": [
      518,
      518
    ]
  },
  {
    "index": 5,
    "file": "pose_6_image.png",
    "cam_T_world": [
      [
        -3.754696893643538e-05,
        0.8609207999571676,
        0.5029276133166966,
        -0.5874550192634603
      ],
      [
        -0.8593390551269823,
        0.2570344597040493,
        -0.4423245710241266,
        0.4648911700364954
      ],
      [
        -0.5110495264820676,
        -0.4316473032602622,
        0.7428431531904963,
        0.27270110491908767
      ],
      [
        0.0,
        0.0,
        0.0,
        1.0
      ]
    ],
    "K": [
      [
        476.3050537109375,
        0.0,
        259.0
      ],
      [
        0.0,
        478.5296936035156,
        259.0
      ],
      [
        0.0,
        0.0,
        1.0
      ]
    ],
    "image_size": [
      518,
      518
    ]
  }
]