[
  {
    "index": 0,
    "file": "pose_1_image.png",
    "cam_T_world": [
      [
        0.999999979438145,
        -6.863969566170586e-05,
        -0.00012589855737956724,
        4.313894664961874e-05
      ],
      [
        6.868939772520943e-05,
        0.9999999563142437,
        0.00019740192790655963,
        -0.00010772740126762366
      ],
      [
        0.00012587144716311074,
        -0.00019741921558082175,
        0.9999999451820291,
        0.00017645644561101927
      ],
      [
        0.0,
        0.0,
        0.0,
        1.0
      ]
    ],
    "K": [
      [
        456.9778747558594,
        0.0,
        259.0
      ],
      [
        0.0,
        461.1679992675781,
        259.0
      ],
      [
        0.0,
        0.0,
        1.0
      ]
    ],
    "image_size": [
      518,
      518
    ]
  },
  {
    "index": 1,
    "file": "pose_2_image.png",
    "cam_T_world": [
      [
        0.9504742126330206,
        0.2680722472930176,
        0.15700107327331453,
        -0.1682158442529519
      ],
      [
        -0.27032069242300133,
        0.9629549784279607,
        -0.014509451233153486,
        0.006607596131338694
      ],
      [
        -0.15507297426223166,
        -0.028473155306629944,
        0.9874789272695147,
        -0.0031990466202194813
      ],
      [
        0.0,
        0.0,
        0.0,
        1.0
      ]
    ],
    "K": [
      [
        461.1679992675781,
        0.0,
        259.0
      ],
      [
        0.0,
        465.41693115234375,
        259.0
      ],
      [
        0.0,
        0.0,
        1.0
      ]
    ],
    "image_size": [
      518,
      518
    ]
  },
  {
    "index": 2,
    "file": "pose_3_image.png",
    "cam_T_world": [
      [
        0.8075718865705105,
        0.511324875606761,
        0.29402633239621934,
        -0.32056263171510274
      ],
      [
        -0.5142334294123801,
        0.8549012604369752,
        -0.0787655288560512,
        0.0642783135326274
      ],
      [
        -0.29285864084629476,
        -0.08787382562905603,
        0.9523815346519462,
        0.04547385360435994
      ],
      [
        0.0,
        0.0,
        0.0,
        1.0
      ]
    ],
    "K": [
      [
        461.1679992675781,
        0.0,
        259.0
      ],
      [
        0.0,
        465.41693115234375,
        259.0
      ],
      [
        0.0,
        0.0,
        1.0
      ]
    ],
    "image_size": [
      518,
      518
    ]
  },
  {
    "index": 3,
    "file": "pose_4_image.png",
    "cam_T_world": [
      [
        0.5809051021878345,
        0.7014126275930707,
        0.40890395317746053,
        -0.43935571847865423
      ],
      [
        -0.7053285976481293,
        0.6864330325958102,
        -0.17686508185428074,
        0.16128662770983862
      ],
      [
        -0.40606845460737406,
        -0.18421383513248987,
        0.8954192457503436,
        0.12391020652462081
      ],
      [
        0.0,
        0.0,
        0.0,
        1.0
      ]
    ],
    "K": [
      [
        456.9778747558594,
        0.0,
        259.0
      ],
      [
        0.0,
        456.9778747558594,
        259.0
      ],
      [
        0.0,
        0.0,
        1.0
      ]
    ],
    "image_size": [
      518,
      518
    ]
  },
  {
    "index": 4,
    "file": "pose_5_image.png",
    "cam_T_world": [
      [
        0.3116271403473979,
        0.8289685407911852,
        0.47001738662213716,
        -0.5114206291978057
      ],
      [
        -0.8259366630038649,
        0.47929648908548456,
        -0.2990704901576113,
        0.281390602176788
      ],
      [
        -0.47138682297217094,
        -0.2945793310742313,
        0.8313266670113714,
        0.19945835352113658
      ],
      [
        0.0,
        0.0,
        0.0,
        1.0
      ]
    ],
    "K": [
      [
        448.7682800292969,
        0.0,
        259.0
      ],
      [
        0.0,
        448.7682800292969,
        259.0
      ],
      [
        0.0,
        0.0,
        1.0
      ]
    ],
    "image_size": [
      518,
      518
    ]
  }
]