[
  {
    "index": 0,
    "file": "pose_1_image.png",
    "cam_T_world": [
      [
        0.9999999506235351,
        0.0001993220905970667,
        9.82199908077169e-05,
        7.044979406167463e-06
      ],
      [
        -0.0001993137532595622,
        0.9999999584713372,
        -4.2458083599624855e-05,
        -0.00019455986831095674
      ],
      [
        -9.823690831779878e-05,
        4.24189262167387e-05,
        0.9999999885501444,
        0.0002097994007615865
      ],
      [
        0.0,
        0.0,
        0.0,
        1.0
      ]
    ],
    "K": [
      [
        465.41693115234375,
        0.0,
        259.0
      ],
      [
        0.0,
        469.72589111328125,
        259.0
      ],
      [
        0.0,
        0.0,
        1.0
      ]
    ],
    "image_size": [
      518,
      518
    ]
  },
  {
    "index": 1,
    "file": "pose_2_image.png",
    "cam_T_world": [
      [
        0.952226680316777,
        0.26846342607523027,
        0.14761543539710573,
        -0.1619307099915093
      ],
      [
        -0.26654102550419095,
        0.9635126796620612,
        -0.026581942004559617,
        0.015790807698743376
      ],
      [
        -0.1491285479797382,
        -0.013978634898610247,
        0.9886930775194638,
        -0.0011184662982943617
      ],
      [
        0.0,
        0.0,
        0.0,
        1.0
      ]
    ],
    "K": [
      [
        469.72589111328125,
        0.0,
        259.0
      ],
      [
        0.0,
        469.72589111328125,
        259.0
      ],
      [
        0.0,
        0.0,
        1.0
      ]
    ],
    "image_size": [
      518,
      518
    ]
  },
  {
    "index": 2,
    "file": "pose_3_image.png",
    "cam_T_world": [
      [
        0.810867772856253,
        0.5060506499477366,
        0.29270989844580736,
        -0.3216853485028205
      ],
      [
        -0.5053233164174572,
        0.8584781979290319,
        -0.0960033520019316,
        0.0793644731965861
      ],
      [
        -0.2995043978153139,
        -0.06908442539551266,
        0.9515206016925608,
        0.020963194335481695
      ],
      [
        0.0,
        0.0,
        0.0,
        1.0
      ]
    ],
    "K": [
      [
        474.0963134765625,
        0.0,
        259.0
      ],
      [
        0.0,
        478.5296936035156,
        259.0
      ],
      [
        0.0,
        0.0,
        1.0
      ]
    ],
    "image_size": [
      518,
      518
    ]
  },
  {
    "index": 3,
    "file": "pose_4_image.png",
    "cam_T_world": [
      [
        0.5925942100185545,
        0.703446499627227,
        0.3939042999827706,
        -0.44039155706118766
      ],
      [
        -0.6927510009650246,
        0.6932850858630621,
        -0.19419274999075392,
        0.18117716836445302
      ],
      [
        -0.41040545812785184,
        -0.15803975758276814,
        0.897972863743579,
        0.08146690450073751
      ],
      [
        0.0,
        0.0,
        0.0,
        1.0
      ]
    ],
    "K": [
      [
        474.0963134765625,
        0.0,
        259.0
      ],
      [
        0.0,
        478.5296936035156,
        259.0
      ],
      [
        0.0,
        0.0,
        1.0
      ]
    ],
    "image_size": [
      518,
      518
    ]
  },
  {
    "index": 4,
    "file": "pose_5_image.png",
    "cam_T_world": [
      [
        0.3089006851010526,
        0.8266117932590652,
        0.4648241689699508,
        -0.512388693501288
      ],
      [
        -0.8168414244909701,
        0.48419202486411306,
        -0.3170885484690938,
        0.30514209706011924
      ],
      [
        -0.4890374812629023,
        -0.28257634293858863,
        0.8257367285057348,
        0.17712886199978134
      ],
      [
        0.0,
        0.0,
        0.0,
        1.0
      ]
    ],
    "K": [
      [
        465.41693115234375,
        0.0,
        259.0
      ],
      [
        0.0,
        465.41693115234375,
        259.0
      ],
      [
        0.0,
        0.0,
        1.0
      ]
    ],
    "image_size": [
      518,
      518
    ]
  },
  {
    "index": 5,
    "file": "pose_6_image.png",
    "cam_T_world": [
      [
        0.011195781916543643,
        0.8729194074545092,
        0.47852772380975844,
        -0.5227130778898307
      ],
      [
        -0.8561659537090648,
        0.2571697586621429,
        -0.4474430437139743,
        0.43666442461860444
      ],
      [
        -0.513374392847605,
        -0.4048268638411323,
        0.7543218558281546,
        0.2748418941615555
      ],
      [
        0.0,
        0.0,
        0.0,
        1.0
      ]
    ],
    "K": [
      [
        448.7682800292969,
        0.0,
        259.0
      ],
      [
        0.0,
        452.84503173828125,
        259.0
      ],
      [
        0.0,
        0.0,
        1.0
      ]
    ],
    "image_size": [
      518,
      518
    ]
  }
]