[
  {
    "index": 0,
    "file": "pose_1_image.png",
    "cam_T_world": [
      [
        0.9999999890424093,
        0.00025941544977634305,
        -5.714772679523776e-05,
        -2.3403948748549476e-05
      ],
      [
        -0.00025938336280231355,
        0.9999999137035039,
        0.0002803950835755263,
        -0.000145900816060397
      ],
      [
        5.729318774417179e-05,
        -0.0002803653976675806,
        0.9999999777173809,
        1.8874637396489792e-05
      ],
      [
        0.0,
        0.0,
        0.0,
        1.0
      ]
    ],
    "K": [
      [
        461.1679992675781,
        0.0,
        259.0
      ],
      [
        0.0,
        465.41693115234375,
        259.0
      ],
      [
        0.0,
        0.0,
        1.0
      ]
    ],
    "image_size": [
      518,
      518
    ]
  },
  {
    "index": 1,
    "file": "pose_2_image.png",
    "cam_T_world": [
      [
        0.9514483565346175,
        0.2635371633793548,
        0.1594049497045632,
        -0.17037180192862564
      ],
      [
        -0.2674190067743303,
        0.9639859766101005,
        -0.009416177201229033,
        0.005182375284889537
      ],
      [
        -0.1567909421267333,
        -0.03329988988128354,
        0.9871073062968858,
        -0.026751618859325713
      ],
      [
        0.0,
        0.0,
        0.0,
        1.0
      ]
    ],
    "K": [
      [
        480.7704772949219,
        0.0,
        259.0
      ],
      [
        0.0,
        483.0275573730469,
        259.0
      ],
      [
        0.0,
        0.0,
        1.0
      ]
    ],
    "image_size": [
      518,
      518
    ]
  },
  {
    "index": 2,
    "file": "pose_3_image.png",
    "cam_T_world": [
      [
        0.8124958058243787,
        0.5059118341613339,
        0.2939605024788268,
        -0.322529828346392
      ],
      [
        -0.50647125242489,
        0.8583229631440448,
        -0.06735672058408543,
        0.05580008155497697
      ],
      [
        -0.28715744355211065,
        -0.09430362787948414,
        0.9533031382413468,
        0.002642659691070282
      ],
      [
        0.0,
        0.0,
        0.0,
        1.0
      ]
    ],
    "K": [
      [
        483.0275573730469,
        0.0,
        259.0
      ],
      [
        0.0,
        485.3011169433594,
        259.0
      ],
      [
        0.0,
        0.0,
        1.0
      ]
    ],
    "image_size": [
      518,
      518
    ]
  },
  {
    "index": 3,
    "file": "pose_4_image.png",
    "cam_T_world": [
      [
        0.5968332951224581,
        0.690483724209196,
        0.4087024386905635,
        -0.44960473607192425
      ],
      [
        -0.6951791676987114,
        0.6999881658503493,
        -0.17272831032956368,
        0.1578453551567797
      ],
      [
        -0.40464713400731767,
        -0.1813060808081074,
        0.8958092346995099,
        0.07281607761112567
      ],
      [
        0.0,
        0.0,
        0.0,
        1.0
      ]
    ],
    "K": [
      [
        480.7704772949219,
        0.0,
        259.0
      ],
      [
        0.0,
        483.0275573730469,
        259.0
      ],
      [
        0.0,
        0.0,
        1.0
      ]
    ],
    "image_size": [
      518,
      518
    ]
  },
  {
    "index": 4,
    "file": "pose_5_image.png",
    "cam_T_world": [
      [
        0.32297604857383244,
        0.8197122274104052,
        0.4691536867585425,
        -0.5174395292935304
      ],
      [
        -0.8183443352827909,
        0.4913520727531826,
        -0.3004725892940606,
        0.29051885610232486
      ],
      [
        -0.4773105534918999,
        -0.2864064920808546,
        0.8305074091937711,
        0.1561139977201905
      ],
      [
        0.0,
        0.0,
        0.0,
        1.0
      ]
    ],
    "K": [
      [
        469.72589111328125,
        0.0,
        259.0
      ],
      [
        0.0,
        469.72589111328125,
        259.0
      ],
      [
        0.0,
        0.0,
        1.0
      ]
    ],
    "image_size": [
      518,
      518
    ]
  },
  {
    "index": 5,
    "file": "pose_6_image.png",
    "cam_T_world": [
      [
        0.026031025286226892,
        0.8661851408989237,
        0.5002330965352609,
        -0.5705741407561908
      ],
      [
        -0.870961473687368,
        0.2648867454860691,
        -0.4122350800657626,
        0.42075497404398793
      ],
      [
        -0.4898587518859741,
        -0.4266202136668277,
        0.7619570112819208,
        0.21367081096118723
      ],
      [
        0.0,
        0.0,
        0.0,
        1.0
      ]
    ],
    "K": [
      [
        476.3050537109375,
        0.0,
        259.0
      ],
      [
        0.0,
        478.5296936035156,
        259.0
      ],
      [
        0.0,
        0.0,
        1.0
      ]
    ],
    "image_size": [
      518,
      518
    ]
  }
]