[
  {
    "index": 0,
    "file": "pose_1_image.png",
    "cam_T_world": [
      [
        0.9999999882663816,
        0.0001077656800172649,
        -1.0962501242029753e-05,
        -3.74433185643479e-05
      ],
      [
        -0.00010776471254228914,
        0.9999999864411963,
        4.4108618418788494e-05,
        -8.009266114088275e-05
      ],
      [
        1.0972007735269994e-05,
        -4.4106254642090916e-05,
        0.9999999979342533,
        0.0002708466278909819
      ],
      [
        0.0,
        0.0,
        0.0,
        1.0
      ]
    ],
    "K": [
      [
        461.1679992675781,
        0.0,
        259.0
      ],
      [
        0.0,
        461.1679992675781,
        259.0
      ],
      [
        0.0,
        0.0,
        1.0
      ]
    ],
    "image_size": [
      518,
      518
    ]
  },
  {
    "index": 1,
    "file": "pose_2_image.png",
    "cam_T_world": [
      [
        0.9497729837006523,
        0.2710179500715907,
        0.1545170496508865,
        -0.16520584416928247
      ],
      [
        -0.2713212053039914,
        0.9621452089540339,
        -0.0206068738778062,
        0.014144746678355222
      ],
      [
        -0.1539839385342379,
        -0.02247433264804519,
        0.9877487379007893,
        0.0018815277581224188
      ],
      [
        0.0,
        0.0,
        0.0,
        1.0
      ]
    ],
    "K": [
      [
        461.1679992675781,
        0.0,
        259.0
      ],
      [
        0.0,
        465.41693115234375,
        259.0
      ],
      [
        0.0,
        0.0,
        1.0
      ]
    ],
    "image_size": [
      518,
      518
    ]
  },
  {
    "index": 2,
    "file": "pose_3_image.png",
    "cam_T_world": [
      [
        0.8096910640207857,
        0.5090615400008277,
        0.29486535720438034,
        -0.32437941473687265
      ],
      [
        -0.5102124487234051,
        0.8571210057727331,
        -0.08110231249339347,
        0.07034201162915994
      ],
      [
        -0.29287044889211317,
        -0.08427067199581195,
        0.9523180355390222,
        0.036231781922647914
      ],
      [
        0.0,
        0.0,
        0.0,
        1.0
      ]
    ],
    "K": [
      [
        461.1679992675781,
        0.0,
        259.0
      ],
      [
        0.0,
        465.41693115234375,
        259.0
      ],
      [
        0.0,
        0.0,
        1.0
      ]
    ],
    "image_size": [
      518,
      518
    ]
  },
  {
    "index": 3,
    "file": "pose_4_image.png",
    "cam_T_world": [
      [
        0.5864706466564825,
        0.7018990638003925,
        0.4075970800637953,
        -0.45322124100831024
      ],
      [
        -0.6980002631991544,
        0.6914827819290738,
        -0.18340678766548743,
        0.17516989412129041
      ],
      [
        -0.4103617362781377,
        -0.17609028714674563,
        0.8949524019998554,
        0.09677485705257236
      ],
      [
        0.0,
        0.0,
        0.0,
        1.0
      ]
    ],
    "K": [
      [
        469.72589111328125,
        0.0,
        259.0
      ],
      [
        0.0,
        474.0963134765625,
        259.0
      ],
      [
        0.0,
        0.0,
        1.0
      ]
    ],
    "image_size": [
      518,
      518
    ]
  },
  {
    "index": 4,
    "file": "pose_5_image.png",
    "cam_T_world": [
      [
        0.31143067159222515,
        0.8276733990719805,
        0.46876649106881263,
        -0.5232207087644186
      ],
      [
        -0.8197808556552934,
        0.482803017250276,
        -0.3021890791948191,
        0.2953529394324716
      ],
      [
        -0.4746916057877024,
        -0.2920422407978574,
        0.8295174883635826,
        0.1739941168673656
      ],
      [
        0.0,
        0.0,
        0.0,
        1.0
      ]
    ],
    "K": [
      [
        461.1679992675781,
        0.0,
        259.0
      ],
      [
        0.0,
        465.41693115234375,
        259.0
      ],
      [
        0.0,
        0.0,
        1.0
      ]
    ],
    "image_size": [
      518,
      518
    ]
  },
  {
    "index": 5,
    "file": "pose_6_image.png",
    "cam_T_world": [
      [
        0.01279904291729106,
        0.8677637973659762,
        0.4885583027611348,
        -0.5472673278541348
      ],
      [
        -0.8665177143446018,
        0.25423501130749754,
        -0.42840861223026644,
        0.42448214902757553
      ],
      [
        -0.4966983722172919,
        -0.41762274090213414,
        0.7594533025334402,
        0.2638366622168803
      ],
      [
        0.0,
        0.0,
        0.0,
        1.0
      ]
    ],
    "K": [
      [
        448.7682800292969,
        0.0,
        259.0
      ],
      [
        0.0,
        452.84503173828125,
        259.0
      ],
      [
        0.0,
        0.0,
        1.0
      ]
    ],
    "image_size": [
      518,
      518
    ]
  }
]