[
  {
    "index": 0,
    "file": "pose_1_image.png",
    "cam_T_world": [
      [
        0.9999999732744989,
        -8.869285501256846e-05,
        0.00013732835778145457,
        -0.00011538035730692905
      ],
      [
        8.869056308598141e-05,
        0.9999999920641474,
        8.356829997678443e-06,
        -0.0001220803387305873
      ],
      [
        -0.00013732983798404205,
        -8.332470092238884e-06,
        0.9999999810710852,
        2.4812396025100794e-05
      ],
      [
        0.0,
        0.0,
        0.0,
        1.0
      ]
    ],
    "K": [
      [
        485.3011169433594,
        0.0,
        259.0
      ],
      [
        0.0,
        489.89862060546875,
        259.0
      ],
      [
        0.0,
        0.0,
        1.0
      ]
    ],
    "image_size": [
      518,
      518
    ]
  },
  {
    "index": 1,
    "file": "pose_2_image.png",
    "cam_T_world": [
      [
        0.9505947496888216,
        0.2683828795504179,
        0.1580903284124231,
        -0.17360535984360972
      ],
      [
        -0.26616980735158075,
        0.9635375208960383,
        -0.028489010919952165,
        0.02044577019842417
      ],
      [
        -0.15985984346875684,
        -0.014990759210942608,
        0.9870237313457365,
        0.002900374568632117
      ],
      [
        0.0,
        0.0,
        0.0,
        1.0
      ]
    ],
    "K": [
      [
        487.5914306640625,
        0.0,
        259.0
      ],
      [
        0.0,
        489.89862060546875,
        259.0
      ],
      [
        0.0,
        0.0,
        1.0
      ]
    ],
    "image_size": [
      518,
      518
    ]
  },
  {
    "index": 2,
    "file": "pose_3_image.png",
    "cam_T_world": [
      [
        0.8032122372961507,
        0.5127497590946369,
        0.2946970673259179,
        -0.32723341987449783
      ],
      [
        -0.5025594650147936,
        0.8547876251611506,
        -0.12171575830957418,
        0.10935889089618155
      ],
      [
        -0.31495212597687233,
        -0.050643537156766644,
        0.9478542845782311,
        0.06612227712795614
      ],
      [
        0.0,
        0.0,
        0.0,
        1.0
      ]
    ],
    "K": [
      [
        474.0963134765625,
        0.0,
        259.0
      ],
      [
        0.0,
        474.0963134765625,
        259.0
      ],
      [
        0.0,
        0.0,
        1.0
      ]
    ],
    "image_size": [
      518,
      518
    ]
  },
  {
    "index": 3,
    "file": "pose_4_image.png",
    "cam_T_world": [
      [
        0.5880800726308227,
        0.7072138093093893,
        0.3906782750127872,
        -0.4483684654257899
      ],
      [
        -0.6891461601988658,
        0.691999915063578,
        -0.2114420496442543,
        0.2021014651860855
      ],
      [
        -0.42125049513365503,
        -0.14624001895647398,
        0.8948037588441152,
        0.09848590411260172
      ],
      [
        0.0,
        0.0,
        0.0,
        1.0
      ]
    ],
    "K": [
      [
        480.7704772949219,
        0.0,
        259.0
      ],
      [
        0.0,
        480.7704772949219,
        259.0
      ],
      [
        0.0,
        0.0,
        1.0
      ]
    ],
    "image_size": [
      518,
      518
    ]
  },
  {
    "index": 4,
    "file": "pose_5_image.png",
    "cam_T_world": [
      [
        0.3072182445075924,
        0.8337283636956238,
        0.46246377977900976,
        -0.5440387464342804
      ],
      [
        -0.8127563078822536,
        0.48289026074914077,
        -0.3254271549487916,
        0.33787891777031387
      ],
      [
        -0.4941484396235187,
        -0.2762045286749034,
        0.8253539561947395,
        0.16390956504672208
      ],
      [
        0.0,
        0.0,
        0.0,
        1.0
      ]
    ],
    "K": [
      [
        485.3011169433594,
        0.0,
        259.0
      ],
      [
        0.0,
        487.5914306640625,
        259.0
      ],
      [
        0.0,
        0.0,
        1.0
      ]
    ],
    "image_size": [
      518,
      518
    ]
  },
  {
    "index": 5,
    "file": "pose_6_image.png",
    "cam_T_world": [
      [
        0.008597987786743066,
        0.8667195743888878,
        0.4984895100454919,
        -0.6004871404757286
      ],
      [
        -0.8632521658809466,
        0.2606653214314829,
        -0.4379265902006315,
        0.4677373106736356
      ],
      [
        -0.5100581487628042,
        -0.42704186178085385,
        0.7478047652617251,
        0.23858402535771014
      ],
      [
        0.0,
        0.0,
        0.0,
        1.0
      ]
    ],
    "K": [
      [
        494.5645446777344,
        0.0,
        259.0
      ],
      [
        0.0,
        496.9236755371094,
        259.0
      ],
      [
        0.0,
        0.0,
        1.0
      ]
    ],
    "image_size": [
      518,
      518
    ]
  }
]