[
  {
    "index": 0,
    "file": "pose_1_image.png",
    "cam_T_world": [
      [
        0.9999999778599443,
        -0.00011542307409801398,
        -9.390191950846796e-05,
        -2.9678201729777322e-05
      ],
      [
        0.00011536609789263626,
        0.9999999543169883,
        -0.0003032792739757531,
        -0.0001450000922109069
      ],
      [
        9.397191058309437e-05,
        0.00030325759435043646,
        0.999999958808755,
        0.0001258382554366088
      ],
      [
        0.0,
        0.0,
        0.0,
        1.0
      ]
    ],
    "K": [
      [
        511.4591064453125,
        0.0,
        259.0
      ],
      [
        0.0,
        511.4591064453125,
        259.0
      ],
      [
        0.0,
        0.0,
        1.0
      ]
    ],
    "image_size": [
      518,
      518
    ]
  },
  {
    "index": 1,
    "file": "pose_2_image.png",
    "cam_T_world": [
      [
        0.9534965194715646,
        0.2673832027588965,
        0.14249773439523855,
        -0.14688237387932795
      ],
      [
        -0.2640812108075305,
        0.9639762579358064,
        -0.030629823353347022,
        0.02119551841533274
      ],
      [
        -0.14470008271256657,
        -0.008176967591071109,
        0.98938418532433,
        0.03944907900719019
      ],
      [
        0.0,
        0.0,
        0.0,
        1.0
      ]
    ],
    "K": [
      [
        496.9236755371094,
        0.0,
        259.0
      ],
      [
        0.0,
        494.5645446777344,
        259.0
      ],
      [
        0.0,
        0.0,
        1.0
      ]
    ],
    "image_size": [
      518,
      518
    ]
  },
  {
    "index": 2,
    "file": "pose_3_image.png",
    "cam_T_world": [
      [
        0.8119165993509719,
        0.5194026758808166,
        0.2697152207081909,
        -0.2840440225703784
      ],
      [
        -0.5090090456179429,
        0.8544566193273366,
        -0.108046692655996,
        0.08932085018439281
      ],
      [
        -0.2876758000760189,
        -0.04925299046649165,
        0.9569898757460092,
        0.08035797041379145
      ],
      [
        0.0,
        0.0,
        0.0,
        1.0
      ]
    ],
    "K": [
      [
        489.89862060546875,
        0.0,
        259.0
      ],
      [
        0.0,
        489.89862060546875,
        259.0
      ],
      [
        0.0,
        0.0,
        1.0
      ]
    ],
    "image_size": [
      518,
      518
    ]
  },
  {
    "index": 3,
    "file": "pose_4_image.png",
    "cam_T_world": [
      [
        0.5918413023198829,
        0.7163218346084502,
        0.36975185684147505,
        -0.38655253566069425
      ],
      [
        -0.6932639173811234,
        0.6866462356311933,
        -0.21143655305006298,
        0.18344969299642622
      ],
      [
        -0.40493867729697164,
        -0.13277527697901115,
        0.9046516520316744,
        0.1436280625607268
      ],
      [
        0.0,
        0.0,
        0.0,
        1.0
      ]
    ],
    "K": [
      [
        480.7704772949219,
        0.0,
        259.0
      ],
      [
        0.0,
        483.0275573730469,
        259.0
      ],
      [
        0.0,
        0.0,
        1.0
      ]
    ],
    "image_size": [
      518,
      518
    ]
  },
  {
    "index": 4,
    "file": "pose_5_image.png",
    "cam_T_world": [
      [
        0.31831165212975315,
        0.8365488833925521,
        0.44217721712800206,
        -0.47508365259038393
      ],
      [
        -0.8187813809812463,
        0.4786317221287559,
        -0.31975004183185557,
        0.30080087838010716
      ],
      [
        -0.4810049650311102,
        -0.2606452629913862,
        0.8380123895759879,
        0.1915253380199896
      ],
      [
        0.0,
        0.0,
        0.0,
        1.0
      ]
    ],
    "K": [
      [
        492.2229309082031,
        0.0,
        259.0
      ],
      [
        0.0,
        492.2229309082031,
        259.0
      ],
      [
        0.0,
        0.0,
        1.0
      ]
    ],
    "image_size": [
      518,
      518
    ]
  },
  {
    "index": 5,
    "file": "pose_6_image.png",
    "cam_T_world": [
      [
        0.013442245923126029,
        0.8760976170817937,
        0.4733468052654072,
        -0.5238753462424465
      ],
      [
        -0.8568987146741495,
        0.2545602182450648,
        -0.4454321026584598,
        0.4384617421268448
      ],
      [
        -0.5112425754451326,
        -0.4009307396172024,
        0.7579619243150837,
        0.26231467905298844
      ],
      [
        0.0,
        0.0,
        0.0,
        1.0
      ]
    ],
    "K": [
      [
        492.2229309082031,
        0.0,
        259.0
      ],
      [
        0.0,
        492.2229309082031,
        259.0
      ],
      [
        0.0,
        0.0,
        1.0
      ]
    ],
    "image_size": [
      518,
      518
    ]
  }
]