[
  {
    "index": 0,
    "file": "pose_1_image.png",
    "cam_T_world": [
      [
        0.9999999908384326,
        -9.4410020103827e-05,
        1.5758045142974845e-05,
        5.2940724778605016e-05
      ],
      [
        9.441749342174702e-05,
        0.9999999943011063,
        -0.00023746341771348382,
        -8.207213827304161e-05
      ],
      [
        -1.5713205235454676e-05,
        0.00023746638903265684,
        0.9999999433628094,
        0.00025747174312173
      ],
      [
        0.0,
        0.0,
        0.0,
        1.0
      ]
    ],
    "K": [
      [
        499.3006286621094,
        0.0,
        259.0
      ],
      [
        0.0,
        499.3006286621094,
        259.0
      ],
      [
        0.0,
        0.0,
        1.0
      ]
    ],
    "image_size": [
      518,
      518
    ]
  },
  {
    "index": 1,
    "file": "pose_2_image.png",
    "cam_T_world": [
      [
        0.9528341566448509,
        0.26864376365635245,
        0.14459150924489308,
        -0.11535254606058164
      ],
      [
        -0.2665805172010527,
        0.9634824554085939,
        -0.026744126708077243,
        0.011666417658828176
      ],
      [
        -0.14643247675035093,
        -0.01297024072906007,
        0.98913148492873,
        0.012229302703404348
      ],
      [
        0.0,
        0.0,
        0.0,
        1.0
      ]
    ],
    "K": [
      [
        494.5645446777344,
        0.0,
        259.0
      ],
      [
        0.0,
        496.9236755371094,
        259.0
      ],
      [
        0.0,
        0.0,
        1.0
      ]
    ],
    "image_size": [
      518,
      518
    ]
  },
  {
    "index": 2,
    "file": "pose_3_image.png",
    "cam_T_world": [
      [
        0.8154297299655562,
        0.5072143768553544,
        0.2778852673456133,
        -0.22819826400895896
      ],
      [
        -0.504471730729751,
        0.8579955041797807,
        -0.08242132777562047,
        0.045361908508672305
      ],
      [
        -0.2789777738313419,
        -0.07329620431809206,
        0.9573904493918359,
        0.033399712228738186
      ],
      [
        0.0,
        0.0,
        0.0,
        1.0
      ]
    ],
    "K": [
      [
        496.9236755371094,
        0.0,
        259.0
      ],
      [
        0.0,
        496.9236755371094,
        259.0
      ],
      [
        0.0,
        0.0,
        1.0
      ]
    ],
    "image_size": [
      518,
      518
    ]
  },
  {
    "index": 3,
    "file": "pose_4_image.png",
    "cam_T_world": [
      [
        0.6073862578216394,
        0.7025295877760764,
        0.3738180366612186,
        -0.30736519282165686
      ],
      [
        -0.6944009059423043,
        0.6969743424392727,
        -0.18194493736431186,
        0.11681733801150594
      ],
      [
        -0.38743989113782656,
        -0.14780534547362884,
        0.9097042220145769,
        0.07611800418406128
      ],
      [
        0.0,
        0.0,
        0.0,
        1.0
      ]
    ],
    "K": [
      [
        494.5645446777344,
        0.0,
        259.0
      ],
      [
        0.0,
        492.2229309082031,
        259.0
      ],
      [
        0.0,
        0.0,
        1.0
      ]
    ],
    "image_size": [
      518,
      518
    ]
  },
  {
    "index": 4,
    "file": "pose_5_image.png",
    "cam_T_world": [
      [
        0.3401017612092426,
        0.8396790497254807,
        0.42665198724668574,
        -0.35318921371090667
      ],
      [
        -0.8248416538080898,
        0.48484052560052726,
        -0.2959916461806518,
        0.2036558217661592
      ],
      [
        -0.4567209216594726,
        -0.2503250654965914,
        0.8546389363197795,
        0.12937283810372563
      ],
      [
        0.0,
        0.0,
        0.0,
        1.0
      ]
    ],
    "K": [
      [
        487.5914306640625,
        0.0,
        259.0
      ],
      [
        0.0,
        485.3011169433594,
        259.0
      ],
      [
        0.0,
        0.0,
        1.0
      ]
    ],
    "image_size": [
      518,
      518
    ]
  },
  {
    "index": 5,
    "file": "pose_6_image.png",
    "cam_T_world": [
      [
        0.038398509672655345,
        0.8930548664568052,
        0.4493091441236792,
        -0.34671987152738637
      ],
      [
        -0.8667088301695476,
        0.2536353503444344,
        -0.4264200989875163,
        0.27851383905323573
      ],
      [
        -0.49525427764843766,
        -0.37156839068079045,
        0.784805630225707,
        0.2281795614209107
      ],
      [
        0.0,
        0.0,
        0.0,
        1.0
      ]
    ],
    "K": [
      [
        448.7682800292969,
        0.0,
        259.0
      ],
      [
        0.0,
        452.84503173828125,
        259.0
      ],
      [
        0.0,
        0.0,
        1.0
      ]
    ],
    "image_size": [
      518,
      518
    ]
  }
]