[
  {
    "index": 0,
    "file": "pose_1_image.png",
    "cam_T_world": [
      [
        0.9999999622086776,
        -5.339662369898536e-05,
        0.00018692276875483072,
        -0.00011918972221596971
      ],
      [
        5.341489544680981e-05,
        0.9999999947589802,
        -4.8865824138536604e-05,
        -0.00016022652954681403
      ],
      [
        -0.0001869175482554523,
        4.8885789365427715e-05,
        0.9999999626720083,
        5.890383679954057e-05
      ],
      [
        0.0,
        0.0,
        0.0,
        1.0
      ]
    ],
    "K": [
      [
        461.1679992675781,
        0.0,
        259.0
      ],
      [
        0.0,
        456.9778747558594,
        259.0
      ],
      [
        0.0,
        0.0,
        1.0
      ]
    ],
    "image_size": [
      518,
      518
    ]
  },
  {
    "index": 1,
    "file": "pose_2_image.png",
    "cam_T_world": [
      [
        0.9526881124282672,
        0.27509254694018076,
        0.13330974634083267,
        -0.13947667611513462
      ],
      [
        -0.2717633705030475,
        0.9618571647331147,
        -0.03085279431529574,
        0.011749545241574256
      ],
      [
        -0.1361592538886347,
        -0.00677241103200635,
        0.9906549321842155,
        0.040868424408755835
      ],
      [
        0.0,
        0.0,
        0.0,
        1.0
      ]
    ],
    "K": [
      [
        444.746337890625,
        0.0,
        259.0
      ],
      [
        0.0,
        448.7682800292969,
        259.0
      ],
      [
        0.0,
        0.0,
        1.0
      ]
    ],
    "image_size": [
      518,
      518
    ]
  },
  {
    "index": 2,
    "file": "pose_3_image.png",
    "cam_T_world": [
      [
        0.8155087481490115,
        0.515339047931306,
        0.2645621371462003,
        -0.2734610036630464
      ],
      [
        -0.506894757466666,
        0.8559201944363267,
        -0.11772274779796703,
        0.08548245754312345
      ],
      [
        -0.285861447826033,
        -0.03716442411772788,
        0.9578074498116322,
        0.10978374674698342
      ],
      [
        0.0,
        0.0,
        0.0,
        1.0
      ]
    ],
    "K": [
      [
        425.4174499511719,
        0.0,
        259.0
      ],
      [
        0.0,
        425.4174499511719,
        259.0
      ],
      [
        0.0,
        0.0,
        1.0
      ]
    ],
    "image_size": [
      518,
      518
    ]
  },
  {
    "index": 3,
    "file": "pose_4_image.png",
    "cam_T_world": [
      [
        0.6339432511718381,
        0.6856209672567898,
        0.3591127545239569,
        -0.3701583468890629
      ],
      [
        -0.6724219370586576,
        0.7174002984968667,
        -0.1766166498706288,
        0.14708643648582967
      ],
      [
        -0.3782413899967491,
        -0.13049307427593632,
        0.9161941600242297,
        0.12795523536723352
      ],
      [
        0.0,
        0.0,
        0.0,
        1.0
      ]
    ],
    "K": [
      [
        436.8620910644531,
        0.0,
        259.0
      ],
      [
        0.0,
        440.77801513671875,
        259.0
      ],
      [
        0.0,
        0.0,
        1.0
      ]
    ],
    "image_size": [
      518,
      518
    ]
  },
  {
    "index": 4,
    "file": "pose_5_image.png",
    "cam_T_world": [
      [
        0.3877036216673815,
        0.8219657505053758,
        0.41770179845503974,
        -0.43852968569730216
      ],
      [
        -0.8029678009489118,
        0.5241308594921891,
        -0.29029208554805813,
        0.26082610701124387
      ],
      [
        -0.45745491509960323,
        -0.2220900458458448,
        0.8612627973941347,
        0.17810778491730678
      ],
      [
        0.0,
        0.0,
        0.0,
        1.0
      ]
    ],
    "K": [
      [
        432.9974365234375,
        0.0,
        259.0
      ],
      [
        0.0,
        436.8620910644531,
        259.0
      ],
      [
        0.0,
        0.0,
        1.0
      ]
    ],
    "image_size": [
      518,
      518
    ]
  },
  {
    "index": 5,
    "file": "pose_6_image.png",
    "cam_T_world": [
      [
        0.06331420753310515,
        0.8950523983948717,
        0.4392895622227594,
        -0.4683777075416478
      ],
      [
        -0.8583606566152533,
        0.27085590718020597,
        -0.42642709317645094,
        0.39745760856274553
      ],
      [
        -0.5033830730560322,
        -0.35152141852175933,
        0.7888784700339029,
        0.2467049141788227
      ],
      [
        0.0,
        0.0,
        0.0,
        1.0
      ]
    ],
    "K": [
      [
        429.18292236328125,
        0.0,
        259.0
      ],
      [
        0.0,
        432.9974365234375,
        259.0
      ],
      [
        0.0,
        0.0,
        1.0
      ]
    ],
    "image_size": [
      518,
      518
    ]
  }
]