[
  {
    "index": 0,
    "file": "pose_1_image.png",
    "cam_T_world": [
      [
        0.9999999614337886,
        -3.816644489484306e-05,
        0.00019263834625860826,
        -0.00010722483611360754
      ],
      [
        3.8127496695634434e-05,
        0.9999999883257266,
        0.00010109682132421447,
        -0.00012395089802064797
      ],
      [
        -0.00019264605877330305,
        -0.00010108212389055085,
        0.9999999526698979,
        0.00030520896741112246
      ],
      [
        0.0,
        0.0,
        0.0,
        1.0
      ]
    ],
    "K": [
      [
        465.41693115234375,
        0.0,
        259.0
      ],
      [
        0.0,
        465.41693115234375,
        259.0
      ],
      [
        0.0,
        0.0,
        1.0
      ]
    ],
    "image_size": [
      518,
      518
    ]
  },
  {
    "index": 1,
    "file": "pose_2_image.png",
    "cam_T_world": [
      [
        0.9495537415117334,
        0.2711295208686603,
        0.15730149118845432,
        -0.17375305104441033
      ],
      [
        -0.2712067666402682,
        0.9621398823956885,
        -0.02164482790308145,
        0.01509386950871287
      ],
      [
        -0.15716824222895326,
        -0.022111380299094725,
        0.9874137680213448,
        0.005251453831412705
      ],
      [
        0.0,
        0.0,
        0.0,
        1.0
      ]
    ],
    "K": [
      [
        461.1679992675781,
        0.0,
        259.0
      ],
      [
        0.0,
        465.41693115234375,
        259.0
      ],
      [
        0.0,
        0.0,
        1.0
      ]
    ],
    "image_size": [
      518,
      518
    ]
  },
  {
    "index": 2,
    "file": "pose_3_image.png",
    "cam_T_world": [
      [
        0.8039812401796238,
        0.5127877973156166,
        0.3010623512112667,
        -0.3368072765533186
      ],
      [
        -0.5103757579850781,
        0.8543395061092033,
        -0.08951909925967279,
        0.07598859593663862
      ],
      [
        -0.3012247078942032,
        -0.0819573311464117,
        0.9498591845085738,
        0.04029912948251566
      ],
      [
        0.0,
        0.0,
        0.0,
        1.0
      ]
    ],
    "K": [
      [
        465.41693115234375,
        0.0,
        259.0
      ],
      [
        0.0,
        469.72589111328125,
        259.0
      ],
      [
        0.0,
        0.0,
        1.0
      ]
    ],
    "image_size": [
      518,
      518
    ]
  },
  {
    "index": 3,
    "file": "pose_4_image.png",
    "cam_T_world": [
      [
        0.5766090973653819,
        0.7042466677710085,
        0.4106007860001105,
        -0.46616006879622585
      ],
      [
        -0.6975806438184176,
        0.6874316448876275,
        -0.1996599275213987,
        0.18717300305109652
      ],
      [
        -0.4232234420929784,
        -0.17229010052678442,
        0.8891907968678647,
        0.1063227950631177
      ],
      [
        0.0,
        0.0,
        0.0,
        1.0
      ]
    ],
    "K": [
      [
        469.72589111328125,
        0.0,
        259.0
      ],
      [
        0.0,
        474.0963134765625,
        259.0
      ],
      [
        0.0,
        0.0,
        1.0
      ]
    ],
    "image_size": [
      518,
      518
    ]
  },
  {
    "index": 4,
    "file": "pose_5_image.png",
    "cam_T_world": [
      [
        0.2852053223201141,
        0.8256450165982727,
        0.48171837590314254,
        -0.553260945876623
      ],
      [
        -0.8167694575775956,
        0.47343490637504987,
        -0.3302480193407423,
        0.33091887902857625
      ],
      [
        -0.5031254415873443,
        -0.29748053948762676,
        0.8119522259524047,
        0.1894755543995263
      ],
      [
        0.0,
        0.0,
        0.0,
        1.0
      ]
    ],
    "K": [
      [
        469.72589111328125,
        0.0,
        259.0
      ],
      [
        0.0,
        474.0963134765625,
        259.0
      ],
      [
        0.0,
        0.0,
        1.0
      ]
    ],
    "image_size": [
      518,
      518
    ]
  },
  {
    "index": 5,
    "file": "pose_6_image.png",
    "cam_T_world": [
      [
        -0.011698394750923682,
        0.8592316095945292,
        0.5108847320888991,
        -0.5924410214395915
      ],
      [
        -0.8553938750834397,
        0.25497477914420014,
        -0.4542972774673353,
        0.4647167096947225
      ],
      [
        -0.5224134472376276,
        -0.44374686103525973,
        0.729286570569036,
        0.2861752946243143
      ],
      [
        0.0,
        0.0,
        0.0,
        1.0
      ]
    ],
    "K": [
      [
        465.41693115234375,
        0.0,
        259.0
      ],
      [
        0.0,
        469.72589111328125,
        259.0
      ],
      [
        0.0,
        0.0,
        1.0
      ]
    ],
    "image_size": [
      518,
      518
    ]
  }
]