{
  "note": "Per-image joint positions and camera pose at capture time.",
  "prompt": "blue object.",
  "created_at": "2026-01-28T15:30:53.489265",
  "joint_names": [
    "shoulder_lift_joint",
    "elbow_joint",
    "wrist_1_joint",
    "wrist_2_joint",
    "wrist_3_joint",
    "shoulder_pan_joint"
  ],
  "shots": {
    "image_1": {
      "image_file": "pose_1_image.png",
      "image_stamp_ns": 1769610666714267962,
      "joint_stamp_ns": 1769610666922439425,
      "position": [
        -0.7965678733638306,
        0.9677060286151331,
        -1.7418424091734828,
        -1.570817772542135,
        -0.8752554098712366,
        0.6955439448356628
      ],
      "camera_pose": {
        "parent_frame": "base_link",
        "child_frame": "camera_optical",
        "stamp": {
          "sec": 1769610666,
          "nanosec": 714267962,
          "stamp_ns": 1769610666714267962
        },
        "R": [
          [
            -0.00221079253,
            -0.999977890592,
            -0.006271421175
          ],
          [
            -0.999989353275,
            0.002236132801,
            -0.004036464608
          ],
          [
            0.004050399094,
            0.006262430619,
            -0.999972187728
          ]
        ],
        "t": [
          0.5159195624659347,
          0.6634518969566788,
          0.30392343482350914
        ]
      }
    },
    "image_2": {
      "image_file": "pose_2_image.png",
      "image_stamp_ns": 1769610669514265763,
      "joint_stamp_ns": 1769610669772446037,
      "position": [
        -0.861016647224762,
        1.0803568998919886,
        -1.7900368175902308,
        -1.570798699055807,
        -1.168265167866842,
        0.7166865468025208
      ],
      "camera_pose": {
        "parent_frame": "base_link",
        "child_frame": "camera_optical",
        "stamp": {
          "sec": 1769610669,
          "nanosec": 514265763,
          "stamp_ns": 1769610669514265763
        },
        "R": [
          [
            0.30736504985,
            -0.951580144758,
            -0.0046855345
          ],
          [
            -0.951583319073,
            -0.307337982023,
            -0.005705406868
          ],
          [
            0.003989109176,
            0.006212319138,
            -0.999972746678
          ]
        ],
        "t": [
          0.46669621458635174,
          0.6556650212152725,
          0.30392223736664936
        ]
      }
    },
    "image_3": {
      "image_file": "pose_3_image.png",
      "image_stamp_ns": 1769610672514305372,
      "joint_stamp_ns": 1769610672622443141,
      "position": [
        -0.9336284560016175,
        1.2035682837115687,
        -1.8406034908690394,
        -1.5707743803607386,
        -1.4719966093646448,
        0.7271745204925537
      ],
      "camera_pose": {
        "parent_frame": "base_link",
        "child_frame": "camera_optical",
        "stamp": {
          "sec": 1769610672,
          "nanosec": 514305372,
          "stamp_ns": 1769610672514305372
        },
        "R": [
          [
            0.586056949198,
            -0.810265116972,
            -0.002773538445
          ],
          [
            -0.810259916004,
            -0.586029359061,
            -0.006961238098
          ],
          [
            0.004015073445,
            0.00632696899,
            -0.99997192393
          ]
        ],
        "t": [
          0.42238083894030526,
          0.6330582298984357,
          0.3038318084501957
        ]
      }
    },
    "image_4": {
      "image_file": "pose_4_image.png",
      "image_stamp_ns": 1769610675314316446,
      "joint_stamp_ns": 1769610675522491318,
      "position": [
        -1.0082815450480958,
        1.3257883230792444,
        -1.8882619343199671,
        -1.5707915464984339,
        -1.7887705008136194,
        0.7245661020278931
      ],
      "camera_pose": {
        "parent_frame": "base_link",
        "child_frame": "camera_optical",
        "stamp": {
          "sec": 1769610675,
          "nanosec": 314316446,
          "stamp_ns": 1769610675314316446
        },
        "R": [
          [
            0.807844689102,
            -0.589395197662,
            -0.000509178257
          ],
          [
            -0.589382006682,
            -0.80782017845,
            -0.007443755023
          ],
          [
            0.003975988992,
            0.006313498465,
            -0.999972165237
          ]
        ],
        "t": [
          0.387120993898797,
          0.5978722528897623,
          0.3038246547047871
        ]
      }
    },
    "image_5": {
      "image_file": "pose_5_image.png",
      "image_stamp_ns": 1769610678114305732,
      "joint_stamp_ns": 1769610678372445034,
      "position": [
        -1.079019383793213,
        1.437484089528219,
        -1.929124494592184,
        -1.5707953611956995,
        -2.12006646791567,
        0.7074669003486633
      ],
      "camera_pose": {
        "parent_frame": "base_link",
        "child_frame": "camera_optical",
        "stamp": {
          "sec": 1769610678,
          "nanosec": 114305732,
          "stamp_ns": 1769610678114305732
        },
        "R": [
          [
            0.950564362301,
            -0.31052239009,
            0.001799548845
          ],
          [
            -0.31050224193,
            -0.950544829363,
            -0.007272216198
          ],
          [
            0.003968737805,
            0.006353945602,
            -0.999971937854
          ]
        ],
        "t": [
          0.36443585301435766,
          0.553456631497412,
          0.3038284526944072
        ]
      }
    },
    "image_6": {
      "image_file": "pose_6_image.png",
      "image_stamp_ns": 1769610681114427316,
      "joint_stamp_ns": 1769610681272492143,
      "position": [
        -1.1399278205684205,
        1.5298875013934534,
        -1.9606882534422816,
        -1.570810619984762,
        -2.46586782137026,
        0.675811767578125
      ],
      "camera_pose": {
        "parent_frame": "base_link",
        "child_frame": "camera_optical",
        "stamp": {
          "sec": 1769610681,
          "nanosec": 114427316,
          "stamp_ns": 1769610681114427316
        },
        "R": [
          [
            0.99999041986,
            -0.002044740397,
            0.003870300277
          ],
          [
            -0.002020261877,
            -0.999977999924,
            -0.006318085964
          ],
          [
            0.003883133976,
            0.006310206415,
            -0.999972550906
          ]
        ],
        "t": [
          0.3567339170790297,
          0.5043101068369341,
          0.30381483380187196
        ]
      }
    }
  }
}