{
  "note": "Per-image joint positions and camera pose at capture time.",
  "prompt": "yellow object.",
  "created_at": "2026-01-28T15:10:41.124286",
  "joint_names": [
    "shoulder_lift_joint",
    "elbow_joint",
    "wrist_1_joint",
    "wrist_2_joint",
    "wrist_3_joint",
    "shoulder_pan_joint"
  ],
  "shots": {
    "image_1": {
      "image_file": "pose_1_image.png",
      "image_stamp_ns": 1769609454503290617,
      "joint_stamp_ns": 1769609454714486155,
      "position": [
        -1.215613679294922,
        1.6396444479571741,
        -1.9948631725706996,
        -1.570817772542135,
        -0.9175704161273401,
        0.6532171368598938
      ],
      "camera_pose": {
        "parent_frame": "base_link",
        "child_frame": "camera_optical",
        "stamp": {
          "sec": 1769609454,
          "nanosec": 503290617,
          "stamp_ns": 1769609454503290617
        },
        "R": [
          [
            -0.002209107543,
            -0.999978069551,
            -0.006243417391
          ],
          [
            -0.999989390059,
            0.002234283883,
            -0.004028367447
          ],
          [
            0.00404222867,
            0.006234452052,
            -0.999972395616
          ]
        ],
        "t": [
          0.39938386565981543,
          0.532693718806522,
          0.30392153468940186
        ]
      }
    },
    "image_2": {
      "image_file": "pose_2_image.png",
      "image_stamp_ns": 1769609457303279630,
      "joint_stamp_ns": 1769609457564438374,
      "position": [
        -1.2668572825244446,
        1.7107976118670862,
        -2.014646192590231,
        -1.5707948843585413,
        -1.2060301939593714,
        0.6788932085037231
      ],
      "camera_pose": {
        "parent_frame": "base_link",
        "child_frame": "camera_optical",
        "stamp": {
          "sec": 1769609457,
          "nanosec": 303279630,
          "stamp_ns": 1769609457303279630
        },
        "R": [
          [
            0.307176380494,
            -0.951640797955,
            -0.004739507776
          ],
          [
            -0.951643982316,
            -0.307148594646,
            -0.005785475693
          ],
          [
            0.004049961553,
            0.006287485537,
            -0.999972032277
          ]
        ],
        "t": [
          0.3502152370338444,
          0.5248821108664906,
          0.30388538633985285
        ]
      }
    },
    "image_3": {
      "image_file": "pose_3_image.png",
      "image_stamp_ns": 1769609460303280420,
      "joint_stamp_ns": 1769609460414436832,
      "position": [
        -1.3292218160680314,
        1.793438736592428,
        -2.0349279842772425,
        -1.5707867781268519,
        -1.5084975401507776,
        0.6906051635742188
      ],
      "camera_pose": {
        "parent_frame": "base_link",
        "child_frame": "camera_optical",
        "stamp": {
          "sec": 1769609460,
          "nanosec": 303280420,
          "stamp_ns": 1769609460303280420
        },
        "R": [
          [
            0.585999421189,
            -0.810306861219,
            -0.002732951963
          ],
          [
            -0.810301452423,
            -0.585972073222,
            -0.006948784501
          ],
          [
            0.00402921423,
            0.00628649864,
            -0.999972122295
          ]
        ],
        "t": [
          0.3058757004145188,
          0.5022795331422194,
          0.3038811591997072
        ]
      }
    },
    "image_4": {
      "image_file": "pose_4_image.png",
      "image_stamp_ns": 1769609463103314820,
      "joint_stamp_ns": 1769609463264486510,
      "position": [
        -1.3985307228616257,
        1.880033318196432,
        -2.0522495708861292,
        -1.570780102406637,
        -1.8283513228045862,
        0.6849578619003296
      ],
      "camera_pose": {
        "parent_frame": "base_link",
        "child_frame": "camera_optical",
        "stamp": {
          "sec": 1769609463,
          "nanosec": 103314820,
          "stamp_ns": 1769609463103314820
        },
        "R": [
          [
            0.807794660612,
            -0.589463750454,
            -0.00052267307
          ],
          [
            -0.589450658391,
            -0.807770122593,
            -0.007439782829
          ],
          [
            0.003963282599,
            0.006317906831,
            -0.999972187835
          ]
        ],
        "t": [
          0.27061401104191424,
          0.46708223228313234,
          0.30387752177867816
        ]
      }
    },
    "image_5": {
      "image_file": "pose_5_image.png",
      "image_stamp_ns": 1769609465903343379,
      "joint_stamp_ns": 1769609466164437883,
      "position": [
        -1.4691416782191773,
        1.9624775091754358,
        -2.0640508137144984,
        -1.5707901159869593,
        -2.16822320619692,
        0.6592475175857544
      ],
      "camera_pose": {
        "parent_frame": "base_link",
        "child_frame": "camera_optical",
        "stamp": {
          "sec": 1769609465,
          "nanosec": 903343379,
          "stamp_ns": 1769609465903343379
        },
        "R": [
          [
            0.950544334206,
            -0.310583762496,
            0.001787507519
          ],
          [
            -0.310563878847,
            -0.950525058314,
            -0.007224311219
          ],
          [
            0.003942824449,
            0.006311892829,
            -0.999972306689
          ]
        ],
        "t": [
          0.2479544747116602,
          0.4226594669191648,
          0.30388735994696303
        ]
      }
    },
    "image_6": {
      "image_file": "pose_6_image.png",
      "image_stamp_ns": 1769609468903356147,
      "joint_stamp_ns": 1769609469064438085,
      "position": [
        -1.5338924688151856,
        2.0327165762530726,
        -2.069557329217428,
        -1.5707710425006312,
        -2.528682533894674,
        0.6129266023635864
      ],
      "camera_pose": {
        "parent_frame": "base_link",
        "child_frame": "camera_optical",
        "stamp": {
          "sec": 1769609468,
          "nanosec": 903356147,
          "stamp_ns": 1769609468903356147
        },
        "R": [
          [
            0.999989958798,
            -0.002095333685,
            0.00396129778
          ],
          [
            -0.002070667472,
            -0.9999785075,
            -0.006220681105
          ],
          [
            0.003974247044,
            0.006212416112,
            -0.999972805253
          ]
        ],
        "t": [
          0.24023008798461903,
          0.3735304940608945,
          0.30390295633987063
        ]
      }
    }
  }
}