[
  {
    "index": 0,
    "file": "pose_1_image.png",
    "cam_T_world": [
      [
        0.9999999540705204,
        7.626796535788841e-05,
        0.0002002814891797046,
        -2.095510645943928e-05
      ],
      [
        -7.631991569199372e-05,
        0.9999999773572213,
        0.0001296844193823688,
        -0.00019356806113096393
      ],
      [
        -0.00020026169857623592,
        -0.00012971497840243075,
        0.9999999430692731,
        0.00020220825751177812
      ],
      [
        0.0,
        0.0,
        0.0,
        1.0
      ]
    ],
    "K": [
      [
        461.1679992675781,
        0.0,
        259.0
      ],
      [
        0.0,
        461.1679992675781,
        259.0
      ],
      [
        0.0,
        0.0,
        1.0
      ]
    ],
    "image_size": [
      518,
      518
    ]
  },
  {
    "index": 1,
    "file": "pose_2_image.png",
    "cam_T_world": [
      [
        0.952935768132671,
        0.2643000211290605,
        0.15134839380918502,
        -0.15794194218156385
      ],
      [
        -0.26315155311758676,
        0.9646662462785166,
        -0.024113411322267044,
        0.01759627677177521
      ],
      [
        -0.15139577111194397,
        -0.01662148276522258,
        0.988302478337321,
        0.01420403197928364
      ],
      [
        0.0,
        0.0,
        0.0,
        1.0
      ]
    ],
    "K": [
      [
        456.9778747558594,
        0.0,
        259.0
      ],
      [
        0.0,
        461.1679992675781,
        259.0
      ],
      [
        0.0,
        0.0,
        1.0
      ]
    ],
    "image_size": [
      518,
      518
    ]
  },
  {
    "index": 2,
    "file": "pose_3_image.png",
    "cam_T_world": [
      [
        0.8131356029618009,
        0.5067249292912742,
        0.28280151618371685,
        -0.2990890315147512
      ],
      [
        -0.5057158311697552,
        0.8583861006628813,
        -0.0938627085134869,
        0.07650891195023378
      ],
      [
        -0.290598930199613,
        -0.06529951653154384,
        0.954562221440046,
        0.058744733003860836
      ],
      [
        0.0,
        0.0,
        0.0,
        1.0
      ]
    ],
    "K": [
      [
        452.84503173828125,
        0.0,
        259.0
      ],
      [
        0.0,
        456.9778747558594,
        259.0
      ],
      [
        0.0,
        0.0,
        1.0
      ]
    ],
    "image_size": [
      518,
      518
    ]
  },
  {
    "index": 3,
    "file": "pose_4_image.png",
    "cam_T_world": [
      [
        0.5980959410210441,
        0.7024500557878794,
        0.38568972528487216,
        -0.41233808594327953
      ],
      [
        -0.6914422290010798,
        0.6964730422015358,
        -0.2006236180898425,
        0.17642617532403027
      ],
      [
        -0.40897845431909363,
        -0.14618747541842914,
        0.9007965710386199,
        0.12329168968729583
      ],
      [
        0.0,
        0.0,
        0.0,
        1.0
      ]
    ],
    "K": [
      [
        448.7682800292969,
        0.0,
        259.0
      ],
      [
        0.0,
        452.84503173828125,
        259.0
      ],
      [
        0.0,
        0.0,
        1.0
      ]
    ],
    "image_size": [
      518,
      518
    ]
  },
  {
    "index": 4,
    "file": "pose_5_image.png",
    "cam_T_world": [
      [
        0.32943172878171306,
        0.8280014493249742,
        0.4575245369644842,
        -0.48632224258534057
      ],
      [
        -0.8078000068282188,
        0.49531014094282055,
        -0.3156135122700613,
        0.28907374768802246
      ],
      [
        -0.48827703712511283,
        -0.2656797470088012,
        0.8322006225657088,
        0.2064615327696247
      ],
      [
        0.0,
        0.0,
        0.0,
        1.0
      ]
    ],
    "K": [
      [
        444.746337890625,
        0.0,
        259.0
      ],
      [
        0.0,
        444.746337890625,
        259.0
      ],
      [
        0.0,
        0.0,
        1.0
      ]
    ],
    "image_size": [
      518,
      518
    ]
  },
  {
    "index": 5,
    "file": "pose_6_image.png",
    "cam_T_world": [
      [
        0.029967664435796175,
        0.8748800553964822,
        0.4854537533851217,
        -0.5160721294981292
      ],
      [
        -0.8619435579669403,
        0.2667719020394271,
        -0.42707388506249666,
        0.4018334644439577
      ],
      [
        -0.5043461926729474,
        -0.407273663149973,
        0.7637194173336688,
        0.2959509755784283
      ],
      [
        0.0,
        0.0,
        0.0,
        1.0
      ]
    ],
    "K": [
      [
        429.18292236328125,
        0.0,
        259.0
      ],
      [
        0.0,
        432.9974365234375,
        259.0
      ],
      [
        0.0,
        0.0,
        1.0
      ]
    ],
    "image_size": [
      518,
      518
    ]
  }
]