{
  "note": "Per-image joint positions and camera pose at capture time.",
  "prompt": "yellow object.",
  "created_at": "2026-01-28T14:42:11.092949",
  "joint_names": [
    "shoulder_lift_joint",
    "elbow_joint",
    "wrist_1_joint",
    "wrist_2_joint",
    "wrist_3_joint",
    "shoulder_pan_joint"
  ],
  "shots": {
    "image_1": {
      "image_file": "pose_1_image.png",
      "image_stamp_ns": 1769607744243527637,
      "joint_stamp_ns": 1769607744428441921,
      "position": [
        -1.0693305295756836,
        1.4223516623126429,
        -1.9237719974913539,
        -1.5708406607257288,
        -0.5889738241778772,
        0.98188716173172
      ],
      "camera_pose": {
        "parent_frame": "base_link",
        "child_frame": "camera_optical",
        "stamp": {
          "sec": 1769607744,
          "nanosec": 243527637,
          "stamp_ns": 1769607744243527637
        },
        "R": [
          [
            -0.002107960687,
            -0.99997795909,
            -0.006295858653
          ],
          [
            -0.999989444558,
            0.00213360466,
            -0.004069214117
          ],
          [
            0.004082557301,
            0.006287214454,
            -0.999971901435
          ]
        ],
        "t": [
          0.26238564469693404,
          0.6920227236586645,
          0.3038945803413211
        ]
      }
    },
    "image_2": {
      "image_file": "pose_2_image.png",
      "image_stamp_ns": 1769607747243582954,
      "joint_stamp_ns": 1769607747324490039,
      "position": [
        -1.1050619643977662,
        1.4773629347430628,
        -1.9430223904051722,
        -1.5708263556109827,
        -0.8679392973529261,
        1.0170685052871704
      ],
      "camera_pose": {
        "parent_frame": "base_link",
        "child_frame": "camera_optical",
        "stamp": {
          "sec": 1769607747,
          "nanosec": 243582954,
          "stamp_ns": 1769607747243582954
        },
        "R": [
          [
            0.307022234296,
            -0.951690272638,
            -0.004792975477
          ],
          [
            -0.951693565974,
            -0.306993881656,
            -0.005840642934
          ],
          [
            0.004087068919,
            0.006354651167,
            -0.999971456731
          ]
        ],
        "t": [
          0.21323136780701912,
          0.68425678644358,
          0.3038185482806201
        ]
      }
    },
    "image_3": {
      "image_file": "pose_3_image.png",
      "image_stamp_ns": 1769607750043574107,
      "joint_stamp_ns": 1769607750228428496,
      "position": [
        -1.1555192035487671,
        1.5529544989215296,
        -1.9681736431517542,
        -1.5707634131061,
        -1.1563728491412562,
        1.0427905321121216
      ],
      "camera_pose": {
        "parent_frame": "base_link",
        "child_frame": "camera_optical",
        "stamp": {
          "sec": 1769607750,
          "nanosec": 43574107,
          "stamp_ns": 1769607750043574107
        },
        "R": [
          [
            0.58607462021,
            -0.81025242707,
            -0.002746629598
          ],
          [
            -0.810246873215,
            -0.58604685182,
            -0.007006562421
          ],
          [
            0.004067430578,
            0.006331816453,
            -0.999971681653
          ]
        ],
        "t": [
          0.16890006114069178,
          0.6616306256892877,
          0.3038419940508556
        ]
      }
    },
    "image_4": {
      "image_file": "pose_4_image.png",
      "image_stamp_ns": 1769607752843599032,
      "joint_stamp_ns": 1769607753078442104,
      "position": [
        -1.216910795574524,
        1.6416037718402308,
        -1.9954425297179164,
        -1.5707867781268519,
        -1.4573338667498987,
        1.0559951066970825
      ],
      "camera_pose": {
        "parent_frame": "base_link",
        "child_frame": "camera_optical",
        "stamp": {
          "sec": 1769607752,
          "nanosec": 843599032,
          "stamp_ns": 1769607752843599032
        },
        "R": [
          [
            0.807851870335,
            -0.589385407931,
            -0.000443298243
          ],
          [
            -0.58937191668,
            -0.807827800928,
            -0.007415381125
          ],
          [
            0.004012408785,
            0.006251797046,
            -0.999972407424
          ]
        ],
        "t": [
          0.13366813101498334,
          0.6263854361525822,
          0.30390378668862117
        ]
      }
    },
    "image_5": {
      "image_file": "pose_5_image.png",
      "image_stamp_ns": 1769607755843640226,
      "joint_stamp_ns": 1769607755978441548,
      "position": [
        -1.2846764785102387,
        1.7348554770099085,
        -2.0209037266173304,
        -1.5707743803607386,
        -1.7738688627826136,
        1.0536385774612427
      ],
      "camera_pose": {
        "parent_frame": "base_link",
        "child_frame": "camera_optical",
        "stamp": {
          "sec": 1769607755,
          "nanosec": 843640226,
          "stamp_ns": 1769607755843640226
        },
        "R": [
          [
            0.950422627488,
            -0.310955674079,
            0.001843343886
          ],
          [
            -0.310935466769,
            -0.950403637389,
            -0.007215368488
          ],
          [
            0.003995580506,
            0.006284488485,
            -0.999972269886
          ]
        ],
        "t": [
          0.11101716976147258,
          0.5820438910373258,
          0.30387828319448995
        ]
      }
    },
    "image_6": {
      "image_file": "pose_6_image.png",
      "image_stamp_ns": 1769607758643617864,
      "joint_stamp_ns": 1769607758828489918,
      "position": [
        -1.3533736330321808,
        1.824282471333639,
        -2.0415731869139613,
        -1.5708211104022425,
        -2.1083548704730433,
        1.033331274986267
      ],
      "camera_pose": {
        "parent_frame": "base_link",
        "child_frame": "camera_optical",
        "stamp": {
          "sec": 1769607758,
          "nanosec": 643617864,
          "stamp_ns": 1769607758643617864
        },
        "R": [
          [
            0.999990439656,
            -0.001947894095,
            0.003914882425
          ],
          [
            -0.001923165647,
            -0.999978239949,
            -0.006310393222
          ],
          [
            0.003927089214,
            0.006302803926,
            -0.999972425936
          ]
        ],
        "t": [
          0.10319063647875062,
          0.5328406330444989,
          0.3038660208071984
        ]
      }
    }
  }
}