[
  {
    "index": 0,
    "file": "pose_1_image.png",
    "cam_T_world": [
      [
        0.9999999549245348,
        0.00017168365387900926,
        0.0001249007122534167,
        -7.342302626706677e-05
      ],
      [
        -0.00017163909409636036,
        0.9999999983328971,
        -0.00017835853997190323,
        -0.00011447049761544731
      ],
      [
        -0.0001249619394356824,
        0.00017831564820250856,
        0.999999952588043,
        0.00023649998896921814
      ],
      [
        0.0,
        0.0,
        0.0,
        1.0
      ]
    ],
    "K": [
      [
        469.72589111328125,
        0.0,
        259.0
      ],
      [
        0.0,
        474.0963134765625,
        259.0
      ],
      [
        0.0,
        0.0,
        1.0
      ]
    ],
    "image_size": [
      518,
      518
    ]
  },
  {
    "index": 1,
    "file": "pose_2_image.png",
    "cam_T_world": [
      [
        0.9507079186017434,
        0.2688676095607952,
        0.15583875300811229,
        -0.1739667757238266
      ],
      [
        -0.26595417023932477,
        0.9632187531564461,
        -0.030473324441381334,
        0.02173692445694608
      ],
      [
        -0.15882493846598478,
        -0.01259790828762274,
        0.9873833788139046,
        0.0043586525865995825
      ],
      [
        0.0,
        0.0,
        0.0,
        1.0
      ]
    ],
    "K": [
      [
        474.0963134765625,
        0.0,
        259.0
      ],
      [
        0.0,
        476.3050537109375,
        259.0
      ],
      [
        0.0,
        0.0,
        1.0
      ]
    ],
    "image_size": [
      518,
      518
    ]
  },
  {
    "index": 2,
    "file": "pose_3_image.png",
    "cam_T_world": [
      [
        0.809779550734724,
        0.5038678936804045,
        0.2975204667232336,
        -0.34205983964475184
      ],
      [
        -0.5002256496472001,
        0.8601144807614357,
        -0.09799787557080936,
        0.08849114368010451
      ],
      [
        -0.30553517091605553,
        -0.06928221729089816,
        0.9494590727836661,
        0.034138063812296636
      ],
      [
        0.0,
        0.0,
        0.0,
        1.0
      ]
    ],
    "K": [
      [
        476.3050537109375,
        0.0,
        259.0
      ],
      [
        0.0,
        478.5296936035156,
        259.0
      ],
      [
        0.0,
        0.0,
        1.0
      ]
    ],
    "image_size": [
      518,
      518
    ]
  },
  {
    "index": 3,
    "file": "pose_4_image.png",
    "cam_T_world": [
      [
        0.5856034757918779,
        0.6972836167117812,
        0.41063597354366754,
        -0.46821575358832423
      ],
      [
        -0.6874144957318402,
        0.6950180234469898,
        -0.19992367873105332,
        0.19158802063095162
      ],
      [
        -0.42433154675865964,
        -0.16605903193196717,
        0.8893772645852939,
        0.11637596528138024
      ],
      [
        0.0,
        0.0,
        0.0,
        1.0
      ]
    ],
    "K": [
      [
        474.0963134765625,
        0.0,
        259.0
      ],
      [
        0.0,
        476.3050537109375,
        259.0
      ],
      [
        0.0,
        0.0,
        1.0
      ]
    ],
    "image_size": [
      518,
      518
    ]
  },
  {
    "index": 4,
    "file": "pose_5_image.png",
    "cam_T_world": [
      [
        0.31411858786199437,
        0.8242928611135741,
        0.47429543854709927,
        -0.538971693867556
      ],
      [
        -0.8076959674617125,
        0.4927833599592917,
        -0.32430002860244994,
        0.3185635929972231
      ],
      [
        -0.5008793599152084,
        -0.280417841996092,
        0.8188901970660406,
        0.21999279796691756
      ],
      [
        0.0,
        0.0,
        0.0,
        1.0
      ]
    ],
    "K": [
      [
        456.9778747558594,
        0.0,
        259.0
      ],
      [
        0.0,
        461.1679992675781,
        259.0
      ],
      [
        0.0,
        0.0,
        1.0
      ]
    ],
    "image_size": [
      518,
      518
    ]
  },
  {
    "index": 5,
    "file": "pose_6_image.png",
    "cam_T_world": [
      [
        0.011894403023140838,
        0.8739370868575564,
        0.4869729207129935,
        -0.5535773547770553
      ],
      [
        -0.8528253461546808,
        0.26499280187970203,
        -0.4537809604145471,
        0.45268040299772316
      ],
      [
        -0.523951497436615,
        -0.40752954944900693,
        0.7468904511634579,
        0.31754171813807075
      ],
      [
        0.0,
        0.0,
        0.0,
        1.0
      ]
    ],
    "K": [
      [
        440.77801513671875,
        0.0,
        259.0
      ],
      [
        0.0,
        448.7682800292969,
        259.0
      ],
      [
        0.0,
        0.0,
        1.0
      ]
    ],
    "image_size": [
      518,
      518
    ]
  }
]