{
  "note": "Per-image joint positions and camera pose at capture time.",
  "prompt": "yellow object .",
  "created_at": "2026-01-22T14:35:18.767159",
  "joint_names": [
    "shoulder_lift_joint",
    "elbow_joint",
    "wrist_1_joint",
    "wrist_2_joint",
    "wrist_3_joint",
    "shoulder_pan_joint"
  ],
  "shots": {
    "image_1": {
      "image_file": "pose_1_image.png",
      "image_stamp_ns": 1769088932084583310,
      "joint_stamp_ns": 1769088932259614955,
      "position": [
        -0.6104964178851624,
        0.6271970907794397,
        -1.5874983272948207,
        -1.5708335081683558,
        -0.9946549574481409,
        0.5762083530426025
      ],
      "camera_pose": {
        "parent_frame": "base_link",
        "child_frame": "camera_optical",
        "stamp": {
          "sec": 1769088932,
          "nanosec": 84583310,
          "stamp_ns": 1769088932084583310
        },
        "R": [
          [
            -0.00216683101,
            -0.999977720075,
            -0.006313810016
          ],
          [
            -0.999989190491,
            0.00219274366,
            -0.004100094605
          ],
          [
            0.004113847822,
            0.006304857554,
            -0.999971662112
          ]
        ],
        "t": [
          0.6318260126166461,
          0.6286370049365784,
          0.3038465111302252
        ]
      }
    },
    "image_2": {
      "image_file": "pose_2_image.png",
      "image_stamp_ns": 1769088934884628176,
      "joint_stamp_ns": 1769088935159615491,
      "position": [
        -0.7050269407084961,
        0.8030627409564417,
        -1.668694635430807,
        -1.5707781950580042,
        -1.2931292692767542,
        0.5918654203414917
      ],
      "camera_pose": {
        "parent_frame": "base_link",
        "child_frame": "camera_optical",
        "stamp": {
          "sec": 1769088934,
          "nanosec": 884628176,
          "stamp_ns": 1769088934884628176
        },
        "R": [
          [
            0.307035031055,
            -0.951687064673,
            -0.004606586431
          ],
          [
            -0.951689790853,
            -0.307008352591,
            -0.005693278908
          ],
          [
            0.004003959381,
            0.006132077343,
            -0.999973182609
          ]
        ],
        "t": [
          0.5826197107386886,
          0.6208712961332358,
          0.30394634884603156
        ]
      }
    },
    "image_3": {
      "image_file": "pose_3_image.png",
      "image_stamp_ns": 1769088937884634499,
      "joint_stamp_ns": 1769088938059612104,
      "position": [
        -0.7966417235187073,
        0.9678948561297815,
        -1.7419611416258753,
        -1.5707758108722132,
        -1.6025117079364222,
        0.5966565608978271
      ],
      "camera_pose": {
        "parent_frame": "base_link",
        "child_frame": "camera_optical",
        "stamp": {
          "sec": 1769088937,
          "nanosec": 884634499,
          "stamp_ns": 1769088937884634499
        },
        "R": [
          [
            0.58615548232,
            -0.810193738627,
            -0.002802933426
          ],
          [
            -0.810188583113,
            -0.586127545047,
            -0.006997194471
          ],
          [
            0.00402620666,
            0.006372348561,
            -0.999971591013
          ]
        ],
        "t": [
          0.5382300356385239,
          0.598286603745265,
          0.3037831196728184
        ]
      }
    },
    "image_4": {
      "image_file": "pose_4_image.png",
      "image_stamp_ns": 1769088940684614540,
      "joint_stamp_ns": 1769088940959608964,
      "position": [
        -0.8814528745463868,
        1.115373436604635,
        -1.804634233514303,
        -1.5708068052874964,
        -1.9244511763202112,
        0.5888794660568237
      ],
      "camera_pose": {
        "parent_frame": "base_link",
        "child_frame": "camera_optical",
        "stamp": {
          "sec": 1769088940,
          "nanosec": 684614540,
          "stamp_ns": 1769088940684614540
        },
        "R": [
          [
            0.808039291129,
            -0.589128515412,
            -0.000310354494
          ],
          [
            -0.589114528032,
            -0.808016241285,
            -0.007336666971
          ],
          [
            0.004071468249,
            0.00611114952,
            -0.999973038135
          ]
        ],
        "t": [
          0.5029259009477527,
          0.5630207241259967,
          0.3039810590270261
        ]
      }
    },
    "image_5": {
      "image_file": "pose_5_image.png",
      "image_stamp_ns": 1769088943684594897,
      "joint_stamp_ns": 1769088943809606192,
      "position": [
        -0.9552226227572937,
        1.2393105665790003,
        -1.8548227749266566,
        -1.570793930684225,
        -2.2597692648517054,
        0.5677624344825745
      ],
      "camera_pose": {
        "parent_frame": "base_link",
        "child_frame": "camera_optical",
        "stamp": {
          "sec": 1769088943,
          "nanosec": 684594897,
          "stamp_ns": 1769088943684594897
        },
        "R": [
          [
            0.95044369821,
            -0.310891721269,
            0.001764703829
          ],
          [
            -0.310871990354,
            -0.950424363188,
            -0.007220489715
          ],
          [
            0.003922007989,
            0.006314071956,
            -0.999972374793
          ]
        ],
        "t": [
          0.48037882794335607,
          0.5187159677604009,
          0.30381551996458067
        ]
      }
    },
    "image_6": {
      "image_file": "pose_6_image.png",
      "image_stamp_ns": 1769088946484642372,
      "joint_stamp_ns": 1769088946709612226,
      "position": [
        -1.0132894080928345,
        1.3339036146747034,
        -1.891304155389303,
        -1.5707867781268519,
        -2.6074357668506067,
        0.5342331528663635
      ],
      "camera_pose": {
        "parent_frame": "base_link",
        "child_frame": "camera_optical",
        "stamp": {
          "sec": 1769088946,
          "nanosec": 484642372,
          "stamp_ns": 1769088946484642372
        },
        "R": [
          [
            0.999990993644,
            -0.001863261482,
            0.003813251602
          ],
          [
            -0.001839135469,
            -0.999978333285,
            -0.006320644131
          ],
          [
            0.003824945994,
            0.006313574119,
            -0.999972753914
          ]
        ],
        "t": [
          0.4726058484886874,
          0.4695053084139376,
          0.3037906091475861
        ]
      }
    }
  }
}