{
  "note": "Per-image joint positions and camera pose at capture time.",
  "prompt": "yellow object.",
  "created_at": "2026-01-28T14:20:32.330194",
  "joint_names": [
    "shoulder_lift_joint",
    "elbow_joint",
    "wrist_1_joint",
    "wrist_2_joint",
    "wrist_3_joint",
    "shoulder_pan_joint"
  ],
  "shots": {
    "image_1": {
      "image_file": "pose_1_image.png",
      "image_stamp_ns": 1769606445586194797,
      "joint_stamp_ns": 1769606445778439372,
      "position": [
        -1.1529804033092041,
        1.5491498152362269,
        -1.9669462643065394,
        -1.5707796255694788,
        -0.7792485396014612,
        0.7915828824043274
      ],
      "camera_pose": {
        "parent_frame": "base_link",
        "child_frame": "camera_optical",
        "stamp": {
          "sec": 1769606445,
          "nanosec": 586194797,
          "stamp_ns": 1769606445586194797
        },
        "R": [
          [
            -0.002123578592,
            -0.999978344897,
            -0.006228976743
          ],
          [
            -0.999989779196,
            0.00214838343,
            -0.003978184645
          ],
          [
            0.003991480728,
            0.00622046509,
            -0.999972686575
          ]
        ],
        "t": [
          0.3506378238512888,
          0.6039011189733849,
          0.30395002399481647
        ]
      }
    },
    "image_2": {
      "image_file": "pose_2_image.png",
      "image_stamp_ns": 1769606448586231241,
      "joint_stamp_ns": 1769606448678439638,
      "position": [
        -1.1980101627162476,
        1.6147401968585413,
        -1.987462659875387,
        -1.5707672278033655,
        -1.0630486647235315,
        0.8219302892684937
      ],
      "camera_pose": {
        "parent_frame": "base_link",
        "child_frame": "camera_optical",
        "stamp": {
          "sec": 1769606448,
          "nanosec": 586231241,
          "stamp_ns": 1769606448586231241
        },
        "R": [
          [
            0.306975832388,
            -0.951705383594,
            -0.004764574219
          ],
          [
            -0.951708586803,
            -0.306947737202,
            -0.005818284323
          ],
          [
            0.004074817239,
            0.00632055887,
            -0.9999717228
          ]
        ],
        "t": [
          0.3015100717212804,
          0.5961140522003042,
          0.3038423967377986
        ]
      }
    },
    "image_3": {
      "image_file": "pose_3_image.png",
      "image_stamp_ns": 1769606451386247892,
      "joint_stamp_ns": 1769606451528442562,
      "position": [
        -1.2556521457484742,
        1.6955326239215296,
        -2.0105749569334925,
        -1.5707758108722132,
        -1.3588445822345179,
        0.8402855396270752
      ],
      "camera_pose": {
        "parent_frame": "base_link",
        "child_frame": "camera_optical",
        "stamp": {
          "sec": 1769606451,
          "nanosec": 386247892,
          "stamp_ns": 1769606451386247892
        },
        "R": [
          [
            0.586057152355,
            -0.810264895311,
            -0.002795281826
          ],
          [
            -0.810259618722,
            -0.586029137765,
            -0.007014268272
          ],
          [
            0.004045298749,
            0.006375666075,
            -0.999971492814
          ]
        ],
        "t": [
          0.25713310676077566,
          0.5734985133399457,
          0.30383347798564486
        ]
      }
    },
    "image_4": {
      "image_file": "pose_4_image.png",
      "image_stamp_ns": 1769606454186276453,
      "joint_stamp_ns": 1769606454378442817,
      "position": [
        -1.3219402891448517,
        1.7839892546283167,
        -2.0327793560423792,
        -1.570824925099508,
        -1.6698949972735804,
        0.843411922454834
      ],
      "camera_pose": {
        "parent_frame": "base_link",
        "child_frame": "camera_optical",
        "stamp": {
          "sec": 1769606454,
          "nanosec": 186276453,
          "stamp_ns": 1769606454186276453
        },
        "R": [
          [
            0.80779283488,
            -0.589466272539,
            -0.00049945454
          ],
          [
            -0.589452908761,
            -0.807768191142,
            -0.007471126628
          ],
          [
            0.004000533675,
            0.00632952749,
            -0.999971966013
          ]
        ],
        "t": [
          0.22189585169050566,
          0.5382849545081548,
          0.30386883916668084
        ]
      }
    },
    "image_5": {
      "image_file": "pose_5_image.png",
      "image_stamp_ns": 1769606457186266638,
      "joint_stamp_ns": 1769606457278442646,
      "position": [
        -1.3918199104121705,
        1.8719103972064417,
        -2.050835748712057,
        -1.5708263556109827,
        -1.9991958777057093,
        0.8282920718193054
      ],
      "camera_pose": {
        "parent_frame": "base_link",
        "child_frame": "camera_optical",
        "stamp": {
          "sec": 1769606457,
          "nanosec": 186266638,
          "stamp_ns": 1769606457186266638
        },
        "R": [
          [
            0.950425872203,
            -0.310945977219,
            0.001805740359
          ],
          [
            -0.31092618818,
            -0.950407020493,
            -0.007169442189
          ],
          [
            0.003945497522,
            0.006252571379,
            -0.999972668827
          ]
        ],
        "t": [
          0.19922701334307447,
          0.4939203466141721,
          0.30388478969257704
        ]
      }
    },
    "image_6": {
      "image_file": "pose_6_image.png",
      "image_stamp_ns": 1769606459986269921,
      "joint_stamp_ns": 1769606460178438575,
      "position": [
        -1.4589767020991822,
        1.9510000387774866,
        -2.0627247295775355,
        -1.5708025137530726,
        -2.3482795397387903,
        0.7933663725852966
      ],
      "camera_pose": {
        "parent_frame": "base_link",
        "child_frame": "camera_optical",
        "stamp": {
          "sec": 1769606459,
          "nanosec": 986269921,
          "stamp_ns": 1769606459986269921
        },
        "R": [
          [
            0.99999040195,
            -0.001962198589,
            0.003917369672
          ],
          [
            -0.001937562477,
            -0.99997838551,
            -0.006282862746
          ],
          [
            0.003929613224,
            0.006275212294,
            -0.99997258955
          ]
        ],
        "t": [
          0.19146124439431636,
          0.44472052273210905,
          0.30387756814688427
        ]
      }
    }
  }
}