[
  {
    "index": 0,
    "file": "pose_1_image.png",
    "cam_T_world": [
      [
        0.9999999595090705,
        8.346396084518709e-05,
        0.00018309750159230901,
        2.9698259097544807e-05
      ],
      [
        -8.342903625037078e-05,
        0.999999983941735,
        -9.538270642197947e-05,
        -8.632164407911523e-05
      ],
      [
        -0.0001831134177488008,
        9.53521474015152e-05,
        0.9999999573774423,
        0.00012205664231285605
      ],
      [
        0.0,
        0.0,
        0.0,
        1.0
      ]
    ],
    "K": [
      [
        485.3011169433594,
        0.0,
        259.0
      ],
      [
        0.0,
        487.5914306640625,
        259.0
      ],
      [
        0.0,
        0.0,
        1.0
      ]
    ],
    "image_size": [
      518,
      518
    ]
  },
  {
    "index": 1,
    "file": "pose_2_image.png",
    "cam_T_world": [
      [
        0.950019756842663,
        0.2662761996890986,
        0.16618190504508645,
        -0.18945676681858215
      ],
      [
        -0.26432174111954937,
        0.9641219602496702,
        -0.02827115194276872,
        0.018464414991861994
      ],
      [
        -0.16734032011268754,
        -0.01687534082218989,
        0.9857089630633796,
        0.01640635581033435
      ],
      [
        0.0,
        0.0,
        0.0,
        1.0
      ]
    ],
    "K": [
      [
        485.3011169433594,
        0.0,
        259.0
      ],
      [
        0.0,
        489.89862060546875,
        259.0
      ],
      [
        0.0,
        0.0,
        1.0
      ]
    ],
    "image_size": [
      518,
      518
    ]
  },
  {
    "index": 2,
    "file": "pose_3_image.png",
    "cam_T_world": [
      [
        0.8053873355132143,
        0.5071447378219974,
        0.3042132355703838,
        -0.3517692775839057
      ],
      [
        -0.5001776878452597,
        0.8589210192416795,
        -0.1083376782070491,
        0.09479669310819192
      ],
      [
        -0.31647779984044094,
        -0.06536888460968102,
        0.9461758051126908,
        0.058345726878950996
      ],
      [
        0.0,
        0.0,
        0.0,
        1.0
      ]
    ],
    "K": [
      [
        487.5914306640625,
        0.0,
        259.0
      ],
      [
        0.0,
        489.89862060546875,
        259.0
      ],
      [
        0.0,
        0.0,
        1.0
      ]
    ],
    "image_size": [
      518,
      518
    ]
  },
  {
    "index": 3,
    "file": "pose_4_image.png",
    "cam_T_world": [
      [
        0.5780251606120319,
        0.6932843126576158,
        0.4264678439364569,
        -0.4869066431606412
      ],
      [
        -0.6852015478822154,
        0.6963033503848389,
        -0.2041419242370359,
        0.19540235211099266
      ],
      [
        -0.4400540256353143,
        -0.17560280494709415,
        0.8802089799247158,
        0.14523068861771993
      ],
      [
        0.0,
        0.0,
        0.0,
        1.0
      ]
    ],
    "K": [
      [
        483.0275573730469,
        0.0,
        259.0
      ],
      [
        0.0,
        483.0275573730469,
        259.0
      ],
      [
        0.0,
        0.0,
        1.0
      ]
    ],
    "image_size": [
      518,
      518
    ]
  },
  {
    "index": 4,
    "file": "pose_5_image.png",
    "cam_T_world": [
      [
        0.3118850282926604,
        0.8124446128432675,
        0.48770027488646245,
        -0.5573047962769149
      ],
      [
        -0.8106500241919481,
        0.4967541726186138,
        -0.31225538085993304,
        0.30839029137767465
      ],
      [
        -0.4957569856179344,
        -0.29833685000100546,
        0.8150056760376241,
        0.2242139443084566
      ],
      [
        0.0,
        0.0,
        0.0,
        1.0
      ]
    ],
    "K": [
      [
        469.72589111328125,
        0.0,
        259.0
      ],
      [
        0.0,
        474.0963134765625,
        259.0
      ],
      [
        0.0,
        0.0,
        1.0
      ]
    ],
    "image_size": [
      518,
      518
    ]
  },
  {
    "index": 5,
    "file": "pose_6_image.png",
    "cam_T_world": [
      [
        0.020887119796236177,
        0.8764747429754445,
        0.48038620295300277,
        -0.5784485520224413
      ],
      [
        -0.8622920265958205,
        0.26045828005828936,
        -0.43505208608769247,
        0.4587951648382758
      ],
      [
        -0.5074460413558388,
        -0.40466869689744334,
        0.7604764344073809,
        0.26685287354967396
      ],
      [
        0.0,
        0.0,
        0.0,
        1.0
      ]
    ],
    "K": [
      [
        474.0963134765625,
        0.0,
        259.0
      ],
      [
        0.0,
        478.5296936035156,
        259.0
      ],
      [
        0.0,
        0.0,
        1.0
      ]
    ],
    "image_size": [
      518,
      518
    ]
  }
]