[
  {
    "index": 0,
    "file": "pose_1_image.png",
    "cam_T_world": [
      [
        0.9999999683930139,
        0.0001296960500568089,
        0.00012159736766403775,
        -5.865261052033372e-05
      ],
      [
        -0.0001297033555727634,
        0.9999999822755405,
        3.002496935257339e-05,
        -0.00011681415859552041
      ],
      [
        -0.00012158957511368628,
        -3.005651062780549e-05,
        0.9999999843125811,
        0.00011111369881995877
      ],
      [
        0.0,
        0.0,
        0.0,
        1.0
      ]
    ],
    "K": [
      [
        485.3011169433594,
        0.0,
        259.0
      ],
      [
        0.0,
        489.89862060546875,
        259.0
      ],
      [
        0.0,
        0.0,
        1.0
      ]
    ],
    "image_size": [
      518,
      518
    ]
  },
  {
    "index": 1,
    "file": "pose_2_image.png",
    "cam_T_world": [
      [
        0.9502155935343014,
        0.2636566828195995,
        0.167563862585047,
        -0.1921802246225445
      ],
      [
        -0.2668701448543871,
        0.963956359828739,
        -0.0013885984246151115,
        -0.007214324487541122
      ],
      [
        -0.1619630495106837,
        -0.043528733111127677,
        0.9858380970553154,
        0.024501539104961445
      ],
      [
        0.0,
        0.0,
        0.0,
        1.0
      ]
    ],
    "K": [
      [
        492.2229309082031,
        0.0,
        259.0
      ],
      [
        0.0,
        496.9236755371094,
        259.0
      ],
      [
        0.0,
        0.0,
        1.0
      ]
    ],
    "image_size": [
      518,
      518
    ]
  },
  {
    "index": 2,
    "file": "pose_3_image.png",
    "cam_T_world": [
      [
        0.8099457073816225,
        0.5002815667030482,
        0.30470473349584165,
        -0.35612457338357284
      ],
      [
        -0.5098768013017758,
        0.8581721010868416,
        -0.05646288709675938,
        0.043830492118093714
      ],
      [
        -0.2907976435355884,
        -0.10952341633528355,
        0.9507129082788066,
        0.05980839790824419
      ],
      [
        0.0,
        0.0,
        0.0,
        1.0
      ]
    ],
    "K": [
      [
        499.3006286621094,
        0.0,
        259.0
      ],
      [
        0.0,
        501.69549560546875,
        259.0
      ],
      [
        0.0,
        0.0,
        1.0
      ]
    ],
    "image_size": [
      518,
      518
    ]
  },
  {
    "index": 3,
    "file": "pose_4_image.png",
    "cam_T_world": [
      [
        0.6002195086376714,
        0.6878465031460156,
        0.41226167375383577,
        -0.4764075325537687
      ],
      [
        -0.6998130517861633,
        0.6988313969312451,
        -0.14569446315877121,
        0.13419422438380374
      ],
      [
        -0.387816304233868,
        -0.2014144410063496,
        0.8994659131177498,
        0.1353928907419479
      ],
      [
        0.0,
        0.0,
        0.0,
        1.0
      ]
    ],
    "K": [
      [
        492.2229309082031,
        0.0,
        259.0
      ],
      [
        0.0,
        494.5645446777344,
        259.0
      ],
      [
        0.0,
        0.0,
        1.0
      ]
    ],
    "image_size": [
      518,
      518
    ]
  },
  {
    "index": 4,
    "file": "pose_5_image.png",
    "cam_T_world": [
      [
        0.32962165058225595,
        0.808384254468652,
        0.4815573567273292,
        -0.5617310518703063
      ],
      [
        -0.8362748967965729,
        0.48782590376705487,
        -0.24727133920403063,
        0.24648031144939878
      ],
      [
        -0.4364012865465489,
        -0.32157449255834536,
        0.8405677065036251,
        0.21005473145084302
      ],
      [
        0.0,
        0.0,
        0.0,
        1.0
      ]
    ],
    "K": [
      [
        489.89862060546875,
        0.0,
        259.0
      ],
      [
        0.0,
        492.2229309082031,
        259.0
      ],
      [
        0.0,
        0.0,
        1.0
      ]
    ],
    "image_size": [
      518,
      518
    ]
  },
  {
    "index": 5,
    "file": "pose_6_image.png",
    "cam_T_world": [
      [
        0.03603759873736209,
        0.8556280026832223,
        0.5117168873807763,
        -0.5931213948868581
      ],
      [
        -0.9011355009919791,
        0.25337370540365595,
        -0.3563753667312878,
        0.36772244146361943
      ],
      [
        -0.4329497483558326,
        -0.44741890935953227,
        0.7802629982576523,
        0.27849594013025203
      ],
      [
        0.0,
        0.0,
        0.0,
        1.0
      ]
    ],
    "K": [
      [
        483.0275573730469,
        0.0,
        259.0
      ],
      [
        0.0,
        487.5914306640625,
        259.0
      ],
      [
        0.0,
        0.0,
        1.0
      ]
    ],
    "image_size": [
      518,
      518
    ]
  }
]