[
  {
    "index": 0,
    "file": "pose_1_image.png",
    "cam_T_world": [
      [
        0.9999999508572727,
        0.0003242602613467489,
        -6.002210515387497e-05,
        4.595848508050054e-05
      ],
      [
        -0.00032423825885143114,
        0.9999999209394451,
        0.00018312493498867142,
        -0.00013158040032492226
      ],
      [
        6.0140848779399545e-05,
        -0.00018308597223654614,
        0.999999962862606,
        0.00022700134164945838
      ],
      [
        0.0,
        0.0,
        0.0,
        1.0
      ]
    ],
    "K": [
      [
        456.9778747558594,
        0.0,
        259.0
      ],
      [
        0.0,
        456.9778747558594,
        259.0
      ],
      [
        0.0,
        0.0,
        1.0
      ]
    ],
    "image_size": [
      518,
      518
    ]
  },
  {
    "index": 1,
    "file": "pose_2_image.png",
    "cam_T_world": [
      [
        0.9520369088193212,
        0.2643976655889759,
        0.1541992318135586,
        -0.1749925056118589
      ],
      [
        -0.2666442353488161,
        0.9640846428592135,
        -0.013708380773885354,
        0.009796529854297265
      ],
      [
        -0.15225905896702108,
        -0.02792988874997891,
        0.9879694247506512,
        -0.03977366662499027
      ],
      [
        0.0,
        0.0,
        0.0,
        1.0
      ]
    ],
    "K": [
      [
        478.5296936035156,
        0.0,
        259.0
      ],
      [
        0.0,
        483.0275573730469,
        259.0
      ],
      [
        0.0,
        0.0,
        1.0
      ]
    ],
    "image_size": [
      518,
      518
    ]
  },
  {
    "index": 2,
    "file": "pose_3_image.png",
    "cam_T_world": [
      [
        0.8137392257902679,
        0.49949544910275895,
        0.2988264635367488,
        -0.35005121810939827
      ],
      [
        -0.5046734916610757,
        0.8615261510040564,
        -0.07064710938277048,
        0.06494052517152711
      ],
      [
        -0.2945998517172921,
        -0.0927091868994581,
        0.9514593865946233,
        -0.021226799944385782
      ],
      [
        0.0,
        0.0,
        0.0,
        1.0
      ]
    ],
    "K": [
      [
        489.89862060546875,
        0.0,
        259.0
      ],
      [
        0.0,
        492.2229309082031,
        259.0
      ],
      [
        0.0,
        0.0,
        1.0
      ]
    ],
    "image_size": [
      518,
      518
    ]
  },
  {
    "index": 3,
    "file": "pose_4_image.png",
    "cam_T_world": [
      [
        0.598164657132692,
        0.6927935661852326,
        0.4050914674660775,
        -0.4688918757226549
      ],
      [
        -0.6943824342405946,
        0.6996989331018257,
        -0.1738305543835427,
        0.16874631009560334
      ],
      [
        -0.4023632649053148,
        -0.1761818906582442,
        0.8979670909853754,
        0.06254585444561735
      ],
      [
        0.0,
        0.0,
        0.0,
        1.0
      ]
    ],
    "K": [
      [
        476.3050537109375,
        0.0,
        259.0
      ],
      [
        0.0,
        480.7704772949219,
        259.0
      ],
      [
        0.0,
        0.0,
        1.0
      ]
    ],
    "image_size": [
      518,
      518
    ]
  },
  {
    "index": 4,
    "file": "pose_5_image.png",
    "cam_T_world": [
      [
        0.32903690187040746,
        0.8207696840605289,
        0.4704771773629222,
        -0.5421335573600312
      ],
      [
        -0.8159121178274457,
        0.4957233131410463,
        -0.29358230436158156,
        0.2935511464059517
      ],
      [
        -0.47495767308762477,
        -0.2877849261992084,
        0.8322950587773826,
        0.1613108634215375
      ],
      [
        0.0,
        0.0,
        0.0,
        1.0
      ]
    ],
    "K": [
      [
        465.41693115234375,
        0.0,
        259.0
      ],
      [
        0.0,
        465.41693115234375,
        259.0
      ],
      [
        0.0,
        0.0,
        1.0
      ]
    ],
    "image_size": [
      518,
      518
    ]
  },
  {
    "index": 5,
    "file": "pose_6_image.png",
    "cam_T_world": [
      [
        0.02342057908611097,
        0.8699243908384214,
        0.4930006947930515,
        -0.5678327608175069
      ],
      [
        -0.865914470935485,
        0.2634501710612954,
        -0.4266872119359798,
        0.4424624579972763
      ],
      [
        -0.5038876985992923,
        -0.414048946054325,
        0.7598322428277137,
        0.248504214516431
      ],
      [
        0.0,
        0.0,
        0.0,
        1.0
      ]
    ],
    "K": [
      [
        456.9778747558594,
        0.0,
        259.0
      ],
      [
        0.0,
        461.1679992675781,
        259.0
      ],
      [
        0.0,
        0.0,
        1.0
      ]
    ],
    "image_size": [
      518,
      518
    ]
  }
]