{
  "note": "Per-image joint positions and camera pose at capture time.",
  "prompt": "red object.",
  "created_at": "2026-02-04T12:10:47.185248",
  "joint_names": [
    "shoulder_lift_joint",
    "elbow_joint",
    "wrist_1_joint",
    "wrist_2_joint",
    "wrist_3_joint",
    "shoulder_pan_joint"
  ],
  "shots": {
    "image_1": {
      "image_file": "pose_1_image.png",
      "image_stamp_ns": 1770203460462611932,
      "joint_stamp_ns": 1770203460637045733,
      "position": [
        -0.9690663379481812,
        1.2620514074908655,
        -1.8637405834593714,
        -1.5708144346820276,
        -0.8812640349017542,
        0.6895862817764282
      ],
      "camera_pose": {
        "parent_frame": "base_link",
        "child_frame": "camera_optical",
        "stamp": {
          "sec": 1770203460,
          "nanosec": 462611932,
          "stamp_ns": 1770203460462611932
        },
        "R": [
          [
            -0.00211677667,
            -0.999978323431,
            -0.006234735388
          ],
          [
            -0.999989642536,
            0.002141839164,
            -0.004015886705
          ],
          [
            0.004029153455,
            0.006226170077,
            -0.999972499986
          ]
        ],
        "t": [
          0.46738669373198366,
          0.6174158943263953,
          0.3039226332637166
        ]
      }
    },
    "image_2": {
      "image_file": "pose_2_image.png",
      "image_stamp_ns": 1770203463262645317,
      "joint_stamp_ns": 1770203463487040492,
      "position": [
        -1.013304964905121,
        1.3338606993304651,
        -1.8913465938963832,
        -1.570817772542135,
        -1.1771705786334437,
        0.707798957824707
      ],
      "camera_pose": {
        "parent_frame": "base_link",
        "child_frame": "camera_optical",
        "stamp": {
          "sec": 1770203463,
          "nanosec": 262645317,
          "stamp_ns": 1770203463262645317
        },
        "R": [
          [
            0.307007417179,
            -0.951695192992,
            -0.004765021914
          ],
          [
            -0.951698295346,
            -0.306979158356,
            -0.005843883251
          ],
          [
            0.004098833182,
            0.006328978736,
            -0.999971571393
          ]
        ],
        "t": [
          0.4244910261360617,
          0.6105562775518844,
          0.30380084731698637
        ]
      }
    },
    "image_3": {
      "image_file": "pose_3_image.png",
      "image_stamp_ns": 1770203466262658264,
      "joint_stamp_ns": 1770203466387052445,
      "position": [
        -1.065735177402832,
        1.416760269795553,
        -1.9217983684935511,
        -1.5708025137530726,
        -1.482584301625387,
        0.716541588306427
      ],
      "camera_pose": {
        "parent_frame": "base_link",
        "child_frame": "camera_optical",
        "stamp": {
          "sec": 1770203466,
          "nanosec": 262658264,
          "stamp_ns": 1770203466262658264
        },
        "R": [
          [
            0.586057639919,
            -0.810264479692,
            -0.002813475073
          ],
          [
            -0.810259493314,
            -0.586029828178,
            -0.006970938213
          ],
          [
            0.003999523311,
            0.006365016484,
            -0.99997174479
          ]
        ],
        "t": [
          0.38565246418582,
          0.5908096030255506,
          0.30381604803969114
        ]
      }
    },
    "image_4": {
      "image_file": "pose_4_image.png",
      "image_stamp_ns": 1770203469062637972,
      "joint_stamp_ns": 1770203469237044258,
      "position": [
        -1.1216936570457001,
        1.5025971571551722,
        -1.9515959225096644,
        -1.5707758108722132,
        -1.799413029347555,
        0.7139042019844055
      ],
      "camera_pose": {
        "parent_frame": "base_link",
        "child_frame": "camera_optical",
        "stamp": {
          "sec": 1770203469,
          "nanosec": 62637972,
          "stamp_ns": 1770203469062637972
        },
        "R": [
          [
            0.807806759251,
            -0.589447244713,
            -0.00043059165
          ],
          [
            -0.589433565056,
            -0.807782575629,
            -0.00744196856
          ],
          [
            0.004038823431,
            0.006265477677,
            -0.999972215461
          ]
        ],
        "t": [
          0.35482124550701455,
          0.5600384423135593,
          0.3038841040691188
        ]
      }
    },
    "image_5": {
      "image_file": "pose_5_image.png",
      "image_stamp_ns": 1770203471862671939,
      "joint_stamp_ns": 1770203472137038344,
      "position": [
        -1.1763461989215394,
        1.5834081808673304,
        -1.9778367481627406,
        -1.5707948843585413,
        -2.128662888203756,
        0.6988046765327454
      ],
      "camera_pose": {
        "parent_frame": "base_link",
        "child_frame": "camera_optical",
        "stamp": {
          "sec": 1770203471,
          "nanosec": 862671939,
          "stamp_ns": 1770203471862671939
        },
        "R": [
          [
            0.950408223389,
            -0.310999755207,
            0.001833351046
          ],
          [
            -0.310979883963,
            -0.95038962562,
            -0.007146417523
          ],
          [
            0.003964931914,
            0.006221878686,
            -0.9999727834
          ]
        ],
        "t": [
          0.3350055220169037,
          0.5212672412058308,
          0.30392655149925263
        ]
      }
    },
    "image_6": {
      "image_file": "pose_6_image.png",
      "image_stamp_ns": 1770203474862720384,
      "joint_stamp_ns": 1770203475037044277,
      "position": [
        -1.2243771117976685,
        1.6520970503436487,
        -1.9984456501402796,
        -1.5708373228656214,
        -2.470055882130758,
        0.6716134548187256
      ],
      "camera_pose": {
        "parent_frame": "base_link",
        "child_frame": "camera_optical",
        "stamp": {
          "sec": 1770203474,
          "nanosec": 862720384,
          "stamp_ns": 1770203474862720384
        },
        "R": [
          [
            0.999990238533,
            -0.002056876527,
            0.003910511164
          ],
          [
            -0.0020322333,
            -0.999978119024,
            -0.006295355538
          ],
          [
            0.003923374368,
            0.006287347015,
            -0.999972537823
          ]
        ],
        "t": [
          0.3282460924940461,
          0.4782353549190933,
          0.30385780614813157
        ]
      }
    },
    "image_7": {
      "image_file": "pose_7_image.png",
      "image_stamp_ns": 1770203477662759486,
      "joint_stamp_ns": 1770203477887043422,
      "position": [
        -1.2605629128268738,
        1.7022326628314417,
        -2.0124112568297328,
        -1.5708025137530726,
        -2.8213802019702356,
        0.634445071220398
      ],
      "camera_pose": {
        "parent_frame": "base_link",
        "child_frame": "camera_optical",
        "stamp": {
          "sec": 1770203477,
          "nanosec": 662759486,
          "stamp_ns": 1770203477662759486
        },
        "R": [
          [
            0.95163893104,
            0.307166414083,
            0.005669125929
          ],
          [
            0.307193477421,
            -0.951635270228,
            -0.004741296136
          ],
          [
            0.003938573253,
            0.006253520494,
            -0.999972690188
          ]
        ],
        "t": [
          0.3350628408155409,
          0.43522143014022335,
          0.30387104609190385
        ]
      }
    },
    "image_8": {
      "image_file": "pose_8_image.png",
      "image_stamp_ns": 1770203480662769383,
      "joint_stamp_ns": 1770203480787046339,
      "position": [
        -1.280410723095276,
        1.7290571371661585,
        -2.019442220727438,
        -1.5708025137530726,
        -3.178297821675436,
        0.5916702747344971
      ],
      "camera_pose": {
        "parent_frame": "base_link",
        "child_frame": "camera_optical",
        "stamp": {
          "sec": 1770203480,
          "nanosec": 662769383,
          "stamp_ns": 1770203480662769383
        },
        "R": [
          [
            0.810216084406,
            0.586092003035,
            0.006786792183
          ],
          [
            0.586118342406,
            -0.810220845013,
            -0.002733313239
          ],
          [
            0.003896827466,
            0.006192437734,
            -0.999973233867
          ]
        ],
        "t": [
          0.3548592176403048,
          0.3964224033160595,
          0.3038519697709732
        ]
      }
    },
    "image_9": {
      "image_file": "pose_9_image.png",
      "image_stamp_ns": 1770203483462773670,
      "joint_stamp_ns": 1770203483687048912,
      "position": [
        -1.2812125247767945,
        1.7300766150103968,
        -2.01970972637319,
        -1.570763889943258,
        -3.5350292364703577,
        0.5491268038749695
      ],
      "camera_pose": {
        "parent_frame": "base_link",
        "child_frame": "camera_optical",
        "stamp": {
          "sec": 1770203483,
          "nanosec": 462773670,
          "stamp_ns": 1770203483462773670
        },
        "R": [
          [
            0.589339092382,
            0.807852114435,
            0.007375323218
          ],
          [
            0.807875990434,
            -0.589352335146,
            -0.000457317582
          ],
          [
            0.003977218986,
            0.006227861679,
            -0.999972697361
          ]
        ],
        "t": [
          0.3856167777865009,
          0.36563325617325254,
          0.30390022643044357
        ]
      }
    },
    "image_10": {
      "image_file": "pose_10_image.png",
      "image_stamp_ns": 1770203486462837431,
      "joint_stamp_ns": 1770203486587052523,
      "position": [
        -1.2627483171275635,
        1.7051227728473108,
        -2.0131236515440882,
        -1.5707672278033655,
        -3.885620896016256,
        0.5126791000366211
      ],
      "camera_pose": {
        "parent_frame": "base_link",
        "child_frame": "camera_optical",
        "stamp": {
          "sec": 1770203486,
          "nanosec": 462837431,
          "stamp_ns": 1770203486462837431
        },
        "R": [
          [
            0.31094276248,
            0.950402275414,
            0.007079078245
          ],
          [
            0.950420280469,
            -0.310962640765,
            0.001877903468
          ],
          [
            0.003986092594,
            0.006144179039,
            -0.999973179705
          ]
        ],
        "t": [
          0.4243679108592469,
          0.3458367634516896,
          0.3039087284442927
        ]
      }
    },
    "image_11": {
      "image_file": "pose_11_image.png",
      "image_stamp_ns": 1770203489262811473,
      "joint_stamp_ns": 1770203489437047208,
      "position": [
        -1.2275735300830384,
        1.6565263907061976,
        -1.9996839962401332,
        -1.5708211104022425,
        -4.225636545811788,
        0.4867950677871704
      ],
      "camera_pose": {
        "parent_frame": "base_link",
        "child_frame": "camera_optical",
        "stamp": {
          "sec": 1770203489,
          "nanosec": 262811473,
          "stamp_ns": 1770203489262811473
        },
        "R": [
          [
            0.00198121641,
            0.999978444552,
            0.00625980937
          ],
          [
            0.999989957263,
            -0.002006325926,
            0.004007496645
          ],
          [
            0.004019969479,
            0.006251806787,
            -0.999972376997
          ]
        ],
        "t": [
          0.467376664507824,
          0.33904630752544823,
          0.3039471120111783
        ]
      }
    },
    "image_12": {
      "image_file": "pose_12_image.png",
      "image_stamp_ns": 1770203492062814545,
      "joint_stamp_ns": 1770203492337048895,
      "position": [
        -1.1802234512618561,
        1.588978115712301,
        -1.9795743427672328,
        -1.5707796255694788,
        -4.5528190771686,
        0.4737905263900757
      ],
      "camera_pose": {
        "parent_frame": "base_link",
        "child_frame": "camera_optical",
        "stamp": {
          "sec": 1770203492,
          "nanosec": 62814545,
          "stamp_ns": 1770203492062814545
        },
        "R": [
          [
            -0.30724871083,
            0.951617525521,
            0.004723855963
          ],
          [
            0.951620684422,
            0.307221098256,
            0.005767994986
          ],
          [
            0.004037656899,
            0.006267528068,
            -0.999972207323
          ]
        ],
        "t": [
          0.510447489045343,
          0.34589153470025524,
          0.30392119778448423
        ]
      }
    },
    "image_13": {
      "image_file": "pose_13_image.png",
      "image_stamp_ns": 1770203495062838456,
      "joint_stamp_ns": 1770203495187049436,
      "position": [
        -1.1258532863906403,
        1.5087907950030726,
        -1.953655859033102,
        -1.5708072821246546,
        -4.867055360470907,
        0.47367894649505615
      ],
      "camera_pose": {
        "parent_frame": "base_link",
        "child_frame": "camera_optical",
        "stamp": {
          "sec": 1770203495,
          "nanosec": 62838456,
          "stamp_ns": 1770203495062838456
        },
        "R": [
          [
            -0.586102116584,
            0.810232926921,
            0.002629271669
          ],
          [
            0.810227130869,
            0.586075579538,
            0.006885598975
          ],
          [
            0.004037987094,
            0.006165971374,
            -0.99997283736
          ]
        ],
        "t": [
          0.5492398325921829,
          0.36561544842914534,
          0.3038808328083759
        ]
      }
    }
  }
}