{
  "note": "Per-image joint positions and camera pose at capture time.",
  "prompt": "blue object.",
  "created_at": "2026-01-28T15:21:13.419692",
  "joint_names": [
    "shoulder_lift_joint",
    "elbow_joint",
    "wrist_1_joint",
    "wrist_2_joint",
    "wrist_3_joint",
    "shoulder_pan_joint"
  ],
  "shots": {
    "image_1": {
      "image_file": "pose_1_image.png",
      "image_stamp_ns": 1769610087309434887,
      "joint_stamp_ns": 1769610087538443547,
      "position": [
        -1.1303307575038453,
        1.5154321829425257,
        -1.9559046230711878,
        -1.5707562605487269,
        -0.9748037497149866,
        0.5960282683372498
      ],
      "camera_pose": {
        "parent_frame": "base_link",
        "child_frame": "camera_optical",
        "stamp": {
          "sec": 1769610087,
          "nanosec": 309434887,
          "stamp_ns": 1769610087309434887
        },
        "R": [
          [
            -0.002134329613,
            -0.999978110896,
            -0.006262776286
          ],
          [
            -0.999989711604,
            0.002159338565,
            -0.003989228326
          ],
          [
            0.00400266446,
            0.006254197524,
            -0.999972431465
          ]
        ],
        "t": [
          0.45841736442117315,
          0.5312680494925156,
          0.3039254692744884
        ]
      }
    },
    "image_2": {
      "image_file": "pose_2_image.png",
      "image_stamp_ns": 1769610090109433652,
      "joint_stamp_ns": 1769610090388437298,
      "position": [
        -1.185176746254303,
        1.5962613264666956,
        -1.981819292108053,
        -1.5708368460284632,
        -1.2674735228167933,
        0.6174740195274353
      ],
      "camera_pose": {
        "parent_frame": "base_link",
        "child_frame": "camera_optical",
        "stamp": {
          "sec": 1769610090,
          "nanosec": 109433652,
          "stamp_ns": 1769610090109433652
        },
        "R": [
          [
            0.307337636839,
            -0.951588911462,
            -0.00470325052
          ],
          [
            -0.951592120144,
            -0.30731038114,
            -0.005724205076
          ],
          [
            0.004001732367,
            0.006234839795,
            -0.999972556079
          ]
        ],
        "t": [
          0.4092085930675214,
          0.5233876847414425,
          0.3039289873421158
        ]
      }
    },
    "image_3": {
      "image_file": "pose_3_image.png",
      "image_stamp_ns": 1769610093109510322,
      "joint_stamp_ns": 1769610093238443482,
      "position": [
        -1.2494428914836426,
        1.6870492140399378,
        -2.0082560978331507,
        -1.5708068052874964,
        -1.573850456868307,
        0.625241756439209
      ],
      "camera_pose": {
        "parent_frame": "base_link",
        "child_frame": "camera_optical",
        "stamp": {
          "sec": 1769610093,
          "nanosec": 109510322,
          "stamp_ns": 1769610093109510322
        },
        "R": [
          [
            0.586042440894,
            -0.810275433473,
            -0.002824779853
          ],
          [
            -0.81027055257,
            -0.586014638353,
            -0.006962418706
          ],
          [
            0.003986114491,
            0.006369108785,
            -0.999971772274
          ]
        ],
        "t": [
          0.36491620178284956,
          0.500787787193412,
          0.3038332234294693
        ]
      }
    },
    "image_4": {
      "image_file": "pose_4_image.png",
      "image_stamp_ns": 1769610095909601675,
      "joint_stamp_ns": 1769610096088489660,
      "position": [
        -1.318294720058777,
        1.7793243567096155,
        -2.031712671319479,
        -1.570793930684225,
        -1.896963898335592,
        0.6163433790206909
      ],
      "camera_pose": {
        "parent_frame": "base_link",
        "child_frame": "camera_optical",
        "stamp": {
          "sec": 1769610095,
          "nanosec": 909601675,
          "stamp_ns": 1769610095909601675
        },
        "R": [
          [
            0.807813367747,
            -0.589438063025,
            -0.000576842744
          ],
          [
            -0.58942513131,
            -0.80778831861,
            -0.007486447607
          ],
          [
            0.003946830346,
            0.006387658064,
            -0.99997180978
          ]
        ],
        "t": [
          0.3296453211842516,
          0.4656111499805107,
          0.3038316684521573
        ]
      }
    },
    "image_5": {
      "image_file": "pose_5_image.png",
      "image_stamp_ns": 1769610098709551660,
      "joint_stamp_ns": 1769610098988487058,
      "position": [
        -1.385838658814766,
        1.8646357695208948,
        -2.049507280389303,
        -1.5707829634295862,
        -2.2386773268329065,
        0.5887945890426636
      ],
      "camera_pose": {
        "parent_frame": "base_link",
        "child_frame": "camera_optical",
        "stamp": {
          "sec": 1769610098,
          "nanosec": 709551660,
          "stamp_ns": 1769610098709551660
        },
        "R": [
          [
            0.950444477789,
            -0.310888714324,
            0.001871348988
          ],
          [
            -0.310868422716,
            -0.950425739242,
            -0.007192909338
          ],
          [
            0.004014772581,
            0.006254717651,
            -0.999972379673
          ]
        ],
        "t": [
          0.30704428290118463,
          0.42118229791849077,
          0.3039242839662898
        ]
      }
    },
    "image_6": {
      "image_file": "pose_6_image.png",
      "image_stamp_ns": 1769610101709579957,
      "joint_stamp_ns": 1769610101838435043,
      "position": [
        -1.4448943448117753,
        1.9348190466510218,
        -2.0606757603087367,
        -1.5707710425006312,
        -2.5985994974719446,
        0.5430271625518799
      ],
      "camera_pose": {
        "parent_frame": "base_link",
        "child_frame": "camera_optical",
        "stamp": {
          "sec": 1769610101,
          "nanosec": 709579957,
          "stamp_ns": 1769610101709579957
        },
        "R": [
          [
            0.999990202783,
            -0.002106729399,
            0.003893074606
          ],
          [
            -0.002082354116,
            -0.999978271199,
            -0.00625467277
          ],
          [
            0.003906166917,
            0.006246504732,
            -0.999972861151
          ]
        ],
        "t": [
          0.2992616071909377,
          0.3720335122498599,
          0.30387532796273514
        ]
      }
    }
  }
}