{
  "note": "Per-image joint positions and camera pose at capture time.",
  "prompt": "yellow object.",
  "created_at": "2026-01-28T14:34:54.898140",
  "joint_names": [
    "shoulder_lift_joint",
    "elbow_joint",
    "wrist_1_joint",
    "wrist_2_joint",
    "wrist_3_joint",
    "shoulder_pan_joint"
  ],
  "shots": {
    "image_1": {
      "image_file": "pose_1_image.png",
      "image_stamp_ns": 1769607308240132307,
      "joint_stamp_ns": 1769607308432484139,
      "position": [
        -1.1789144438556214,
        1.587109390889303,
        -1.9789864025511683,
        -1.5707867781268519,
        -0.7592991034137171,
        0.8115585446357727
      ],
      "camera_pose": {
        "parent_frame": "base_link",
        "child_frame": "camera_optical",
        "stamp": {
          "sec": 1769607308,
          "nanosec": 240132307,
          "stamp_ns": 1769607308240132307
        },
        "R": [
          [
            -0.002137178919,
            -0.999978231746,
            -0.006242475523
          ],
          [
            -0.999989404954,
            0.0021625706,
            -0.004063652156
          ],
          [
            0.004077063491,
            0.006233724632,
            -0.99997225873
          ]
        ],
        "t": [
          0.33145849761051405,
          0.6021022504829716,
          0.30389938037717595
        ]
      }
    },
    "image_2": {
      "image_file": "pose_2_image.png",
      "image_stamp_ns": 1769607311040151948,
      "joint_stamp_ns": 1769607311282485195,
      "position": [
        -1.222522036438324,
        1.6495259443866175,
        -1.9977127514281214,
        -1.570817772542135,
        -1.0416820685016077,
        0.8432800769805908
      ],
      "camera_pose": {
        "parent_frame": "base_link",
        "child_frame": "camera_optical",
        "stamp": {
          "sec": 1769607311,
          "nanosec": 40151948,
          "stamp_ns": 1769607311040151948
        },
        "R": [
          [
            0.307221819408,
            -0.95162611057,
            -0.00474334921
          ],
          [
            -0.951629175946,
            -0.307193794388,
            -0.005821011847
          ],
          [
            0.004082299422,
            0.00630225135,
            -0.999971807832
          ]
        ],
        "t": [
          0.2822881094320951,
          0.594292555693698,
          0.303874067182761
        ]
      }
    },
    "image_3": {
      "image_file": "pose_3_image.png",
      "image_stamp_ns": 1769607314040151929,
      "joint_stamp_ns": 1769607314182486056,
      "position": [
        -1.2792211335948487,
        1.7274697462665003,
        -2.0190259418883265,
        -1.570810619984762,
        -1.336059872304098,
        0.8631001710891724
      ],
      "camera_pose": {
        "parent_frame": "base_link",
        "child_frame": "camera_optical",
        "stamp": {
          "sec": 1769607314,
          "nanosec": 40151929,
          "stamp_ns": 1769607314040151929
        },
        "R": [
          [
            0.586053454506,
            -0.810267801772,
            -0.002727246226
          ],
          [
            -0.810262225275,
            -0.586025921289,
            -0.006981824298
          ],
          [
            0.004058910444,
            0.006301506845,
            -0.999971907734
          ]
        ],
        "t": [
          0.23796599812414143,
          0.5716881319773142,
          0.3038566048061478
        ]
      }
    },
    "image_4": {
      "image_file": "pose_4_image.png",
      "image_stamp_ns": 1769607316840175840,
      "joint_stamp_ns": 1769607317082491577,
      "position": [
        -1.3450312179378052,
        1.8136685530291956,
        -2.0393644771971644,
        -1.5708020369159144,
        -1.6457598845111292,
        0.8675727248191833
      ],
      "camera_pose": {
        "parent_frame": "base_link",
        "child_frame": "camera_optical",
        "stamp": {
          "sec": 1769607316,
          "nanosec": 840175840,
          "stamp_ns": 1769607316840175840
        },
        "R": [
          [
            0.807858412762,
            -0.589376410092,
            -0.000481826761
          ],
          [
            -0.589362885906,
            -0.807833756854,
            -0.007483983058
          ],
          [
            0.004021647146,
            0.006329969484,
            -0.999971878525
          ]
        ],
        "t": [
          0.202718000041553,
          0.5364735290917989,
          0.3038645311499511
        ]
      }
    },
    "image_5": {
      "image_file": "pose_5_image.png",
      "image_stamp_ns": 1769607319840187562,
      "joint_stamp_ns": 1769607319982490538,
      "position": [
        -1.4153766197017212,
        1.900287930165426,
        -2.0556236706175746,
        -1.570817772542135,
        -1.973907772694723,
        0.8535704612731934
      ],
      "camera_pose": {
        "parent_frame": "base_link",
        "child_frame": "camera_optical",
        "stamp": {
          "sec": 1769607319,
          "nanosec": 840187562,
          "stamp_ns": 1769607319840187562
        },
        "R": [
          [
            0.950431642224,
            -0.310928075493,
            0.001850764297
          ],
          [
            -0.310907718931,
            -0.950412519109,
            -0.007241120822
          ],
          [
            0.00401045732,
            0.006306773448,
            -0.99997207003
          ]
        ],
        "t": [
          0.18006949288703297,
          0.492117009023849,
          0.3038783791239171
        ]
      }
    },
    "image_6": {
      "image_file": "pose_6_image.png",
      "image_stamp_ns": 1769607322640175653,
      "joint_stamp_ns": 1769607322882443159,
      "position": [
        -1.4839540284923096,
        1.9790023008929651,
        -2.0657597980894984,
        -1.570822540913717,
        -2.3224223295794886,
        0.8192209601402283
      ],
      "camera_pose": {
        "parent_frame": "base_link",
        "child_frame": "camera_optical",
        "stamp": {
          "sec": 1769607322,
          "nanosec": 640175653,
          "stamp_ns": 1769607322640175653
        },
        "R": [
          [
            0.999990611741,
            -0.001852092957,
            0.003917420365
          ],
          [
            -0.001827159218,
            -0.999978112909,
            -0.006358867135
          ],
          [
            0.003929111837,
            0.006351649685,
            -0.999972108924
          ]
        ],
        "t": [
          0.17229535747597216,
          0.4428940044665601,
          0.30385984508195085
        ]
      }
    }
  }
}