[
  {
    "index": 0,
    "file": "pose_1_image.png",
    "cam_T_world": [
      [
        0.9999999767123887,
        0.00013160829573070448,
        7.724549982425024e-05,
        1.287530640848957e-05
      ],
      [
        -0.00013160580939962206,
        0.9999999824205905,
        -1.6103420041951018e-05,
        -0.00010157094055123118
      ],
      [
        -7.724973579572401e-05,
        1.608308737887695e-05,
        0.9999999937738124,
        0.00018214916523986727
      ],
      [
        0.0,
        0.0,
        0.0,
        1.0
      ]
    ],
    "K": [
      [
        487.5914306640625,
        0.0,
        259.0
      ],
      [
        0.0,
        489.89862060546875,
        259.0
      ],
      [
        0.0,
        0.0,
        1.0
      ]
    ],
    "image_size": [
      518,
      518
    ]
  },
  {
    "index": 1,
    "file": "pose_2_image.png",
    "cam_T_world": [
      [
        0.9502809093964812,
        0.2703139968313403,
        0.15450075475813108,
        -0.16778611520322634
      ],
      [
        -0.26828733210364625,
        0.9626833021131057,
        -0.02784767534707109,
        0.020456888105832516
      ],
      [
        -0.15604983439040565,
        -0.015173157025561856,
        0.9875145534468831,
        0.02518945201305311
      ],
      [
        0.0,
        0.0,
        0.0,
        1.0
      ]
    ],
    "K": [
      [
        480.7704772949219,
        0.0,
        259.0
      ],
      [
        0.0,
        483.0275573730469,
        259.0
      ],
      [
        0.0,
        0.0,
        1.0
      ]
    ],
    "image_size": [
      518,
      518
    ]
  },
  {
    "index": 2,
    "file": "pose_3_image.png",
    "cam_T_world": [
      [
        0.8098592682640319,
        0.5085189530358324,
        0.2942255631267671,
        -0.333000521891514
      ],
      [
        -0.5020708134211045,
        0.8587432758968767,
        -0.0923322404346289,
        0.08144588040729338
      ],
      [
        -0.3012528223058303,
        -0.07369783655646547,
        0.9509038149076764,
        0.050992716299555714
      ],
      [
        0.0,
        0.0,
        0.0,
        1.0
      ]
    ],
    "K": [
      [
        489.89862060546875,
        0.0,
        259.0
      ],
      [
        0.0,
        492.2229309082031,
        259.0
      ],
      [
        0.0,
        0.0,
        1.0
      ]
    ],
    "image_size": [
      518,
      518
    ]
  },
  {
    "index": 3,
    "file": "pose_4_image.png",
    "cam_T_world": [
      [
        0.5867002131614756,
        0.6978660371356792,
        0.4150182021122859,
        -0.47860682764900314
      ],
      [
        -0.6938564116527317,
        0.6966591987965843,
        -0.1860015770072474,
        0.1795197170712803
      ],
      [
        -0.41776043884492403,
        -0.17862718364943322,
        0.8904990865137041,
        0.1010496024116281
      ],
      [
        0.0,
        0.0,
        0.0,
        1.0
      ]
    ],
    "K": [
      [
        499.3006286621094,
        0.0,
        259.0
      ],
      [
        0.0,
        501.69549560546875,
        259.0
      ],
      [
        0.0,
        0.0,
        1.0
      ]
    ],
    "image_size": [
      518,
      518
    ]
  },
  {
    "index": 4,
    "file": "pose_5_image.png",
    "cam_T_world": [
      [
        0.30594334392063743,
        0.8189734496225736,
        0.48214157272579844,
        -0.5648247187514388
      ],
      [
        -0.8141417614320567,
        0.4884584515464791,
        -0.31410264545771516,
        0.32051569155870835
      ],
      [
        -0.49163707721854555,
        -0.295801962579844,
        0.8182451451481573,
        0.179638252943807
      ],
      [
        0.0,
        0.0,
        0.0,
        1.0
      ]
    ],
    "K": [
      [
        496.9236755371094,
        0.0,
        259.0
      ],
      [
        0.0,
        501.69549560546875,
        259.0
      ],
      [
        0.0,
        0.0,
        1.0
      ]
    ],
    "image_size": [
      518,
      518
    ]
  },
  {
    "index": 5,
    "file": "pose_6_image.png",
    "cam_T_world": [
      [
        0.0037636637326912683,
        0.865697679458402,
        0.49957374740661054,
        -0.5934297909825632
      ],
      [
        -0.8558675451398989,
        0.2639631880268565,
        -0.4506982075046677,
        0.47500278344040014
      ],
      [
        -0.5209892710811748,
        -0.42404630344464744,
        0.7391760136599831,
        0.2690467891006068
      ],
      [
        0.0,
        0.0,
        0.0,
        1.0
      ]
    ],
    "K": [
      [
        496.9236755371094,
        0.0,
        259.0
      ],
      [
        0.0,
        496.9236755371094,
        259.0
      ],
      [
        0.0,
        0.0,
        1.0
      ]
    ],
    "image_size": [
      518,
      518
    ]
  }
]