[
  {
    "index": 0,
    "file": "pose_1_image.png",
    "cam_T_world": [
      [
        0.9999999791461928,
        0.00013064809622009252,
        0.00025177277039385785,
        -7.058692010292287e-05
      ],
      [
        -0.00013065866091095305,
        0.9999999824894988,
        2.0947939908537602e-05,
        -0.0001544855862061342
      ],
      [
        -0.00025176728795958545,
        -2.1013729119805476e-05,
        0.9999999957763039,
        2.052501193296142e-05
      ],
      [
        0.0,
        0.0,
        0.0,
        1.0
      ]
    ],
    "K": [
      [
        476.3050537109375,
        0.0,
        259.0
      ],
      [
        0.0,
        476.3050537109375,
        259.0
      ],
      [
        0.0,
        0.0,
        1.0
      ]
    ],
    "image_size": [
      518,
      518
    ]
  },
  {
    "index": 1,
    "file": "pose_2_image.png",
    "cam_T_world": [
      [
        0.9511487296664394,
        0.2651163153342177,
        0.15955645646023742,
        -0.16279132285378559
      ],
      [
        -0.26573685689348236,
        0.9641415452400403,
        -0.019698882103519645,
        0.010166083791534341
      ],
      [
        -0.15852095152769966,
        -0.023409881632424415,
        0.9870607620014711,
        0.0230389178162338
      ],
      [
        0.0,
        0.0,
        0.0,
        1.0
      ]
    ],
    "K": [
      [
        465.41693115234375,
        0.0,
        259.0
      ],
      [
        0.0,
        474.0963134765625,
        259.0
      ],
      [
        0.0,
        0.0,
        1.0
      ]
    ],
    "image_size": [
      518,
      518
    ]
  },
  {
    "index": 2,
    "file": "pose_3_image.png",
    "cam_T_world": [
      [
        0.8053015325110253,
        0.5027714618425476,
        0.3120927109968852,
        -0.3198966490929718
      ],
      [
        -0.5048954997512413,
        0.8593388472567368,
        -0.08412625364682332,
        0.06541798148673224
      ],
      [
        -0.3086461587034088,
        -0.08963842185667083,
        0.9464299315480124,
        0.06923022083197637
      ],
      [
        0.0,
        0.0,
        0.0,
        1.0
      ]
    ],
    "K": [
      [
        461.1679992675781,
        0.0,
        259.0
      ],
      [
        0.0,
        465.41693115234375,
        259.0
      ],
      [
        0.0,
        0.0,
        1.0
      ]
    ],
    "image_size": [
      518,
      518
    ]
  },
  {
    "index": 3,
    "file": "pose_4_image.png",
    "cam_T_world": [
      [
        0.5817700552286201,
        0.7002179389046641,
        0.41361285520253244,
        -0.4205417323588783
      ],
      [
        -0.6926074408993212,
        0.6932648977261594,
        -0.19999142413398505,
        0.1650508843788415
      ],
      [
        -0.42742893588872016,
        -0.17132215874467221,
        0.8874788867063484,
        0.15275726122843145
      ],
      [
        0.0,
        0.0,
        0.0,
        1.0
      ]
    ],
    "K": [
      [
        452.84503173828125,
        0.0,
        259.0
      ],
      [
        0.0,
        452.84503173828125,
        259.0
      ],
      [
        0.0,
        0.0,
        1.0
      ]
    ],
    "image_size": [
      518,
      518
    ]
  },
  {
    "index": 4,
    "file": "pose_5_image.png",
    "cam_T_world": [
      [
        0.2978813055409894,
        0.818868891303482,
        0.48995541231384493,
        -0.5195011432696398
      ],
      [
        -0.8169925696973668,
        0.48653859345095735,
        -0.31853343570662723,
        0.2883183501317672
      ],
      [
        -0.49817585694229904,
        -0.3047845135745842,
        0.8121958230522324,
        0.20818949588492752
      ],
      [
        0.0,
        0.0,
        0.0,
        1.0
      ]
    ],
    "K": [
      [
        456.9778747558594,
        0.0,
        259.0
      ],
      [
        0.0,
        461.1679992675781,
        259.0
      ],
      [
        0.0,
        0.0,
        1.0
      ]
    ],
    "image_size": [
      518,
      518
    ]
  },
  {
    "index": 5,
    "file": "pose_6_image.png",
    "cam_T_world": [
      [
        -0.015507869734427498,
        0.8564332521440428,
        0.5198608568627727,
        -0.5510227207412532
      ],
      [
        -0.8508869837180668,
        0.26291419854609255,
        -0.4537063819415724,
        0.4186321323286668
      ],
      [
        -0.5211564784528718,
        -0.4471182829200513,
        0.7235002488592841,
        0.299934951972684
      ],
      [
        0.0,
        0.0,
        0.0,
        1.0
      ]
    ],
    "K": [
      [
        452.84503173828125,
        0.0,
        259.0
      ],
      [
        0.0,
        456.9778747558594,
        259.0
      ],
      [
        0.0,
        0.0,
        1.0
      ]
    ],
    "image_size": [
      518,
      518
    ]
  }
]