{
  "note": "Per-image joint positions and camera pose at capture time.",
  "prompt": "yellow object .",
  "created_at": "2026-01-14T13:10:49.951274",
  "joint_names": [
    "shoulder_lift_joint",
    "elbow_joint",
    "wrist_1_joint",
    "wrist_2_joint",
    "wrist_3_joint",
    "shoulder_pan_joint"
  ],
  "shots": {
    "image_1": {
      "position": [
        -1.235352174644806,
        1.6674163977252405,
        -2.0027858219542445,
        -1.5708335081683558,
        -0.8576605955706995,
        0.713193416595459
      ],
      "camera_pose": {
        "parent_frame": "base_link",
        "child_frame": "camera_optical",
        "stamp": {
          "sec": 1768392669,
          "nanosec": 733946513
        },
        "R": [
          [
            -0.002125426269,
            -0.999978006577,
            -0.006282429886
          ],
          [
            -0.999989548825,
            0.002150797139,
            -0.004034391212
          ],
          [
            0.004047814715,
            0.006273789426,
            -0.999972126993
          ]
        ],
        "t": [
          0.3633303966139114,
          0.549763576313749,
          0.30388868580506595
        ]
      }
    },
    "image_2": {
      "position": [
        -1.2835261684707184,
        1.7332776228534144,
        -2.0205050907530726,
        -1.5707553068744105,
        -1.1429179350482386,
        0.742053747177124
      ],
      "camera_pose": {
        "parent_frame": "base_link",
        "child_frame": "camera_optical",
        "stamp": {
          "sec": 1768392674,
          "nanosec": 134006002
        },
        "R": [
          [
            0.306957305273,
            -0.951711389819,
            -0.00475849011
          ],
          [
            -0.951714509784,
            -0.306929166338,
            -0.005829126582
          ],
          [
            0.004087126758,
            0.00631801707,
            -0.999971688627
          ]
        ],
        "t": [
          0.31422572690431927,
          0.5419703410234296,
          0.3038464393442717
        ]
      }
    },
    "image_3": {
      "position": [
        -1.3439692866853257,
        1.8121851126300257,
        -2.0390526256956996,
        -1.5707867781268519,
        -1.4417017141925257,
        0.7574343085289001
      ],
      "camera_pose": {
        "parent_frame": "base_link",
        "child_frame": "camera_optical",
        "stamp": {
          "sec": 1768392678,
          "nanosec": 534042917
        },
        "R": [
          [
            0.586072115253,
            -0.810254149008,
            -0.002773037855
          ],
          [
            -0.810248964927,
            -0.586044557823,
            -0.006956369768
          ],
          [
            0.004011303723,
            0.006323785396,
            -0.999971959197
          ]
        ],
        "t": [
          0.2698451718400289,
          0.519375771083315,
          0.3038472681450605
        ]
      }
    },
    "image_4": {
      "position": [
        -1.4125549358180542,
        1.8968389670001429,
        -2.055073400537008,
        -1.5707829634295862,
        -1.757559601460592,
        0.7557573318481445
      ],
      "camera_pose": {
        "parent_frame": "base_link",
        "child_frame": "camera_optical",
        "stamp": {
          "sec": 1768392682,
          "nanosec": 934139392
        },
        "R": [
          [
            0.80777754282,
            -0.589487270378,
            -0.000446518332
          ],
          [
            -0.589473811803,
            -0.807753486485,
            -0.007411495781
          ],
          [
            0.004008305678,
            0.006250050714,
            -0.999972434796
          ]
        ],
        "t": [
          0.23461220721798134,
          0.48417310679828723,
          0.3038922732712084
        ]
      }
    },
    "image_5": {
      "position": [
        -1.4843246278217812,
        1.979333225880758,
        -2.06581511119985,
        -1.5707867781268519,
        -2.0935643354998987,
        0.7339320182800293
      ],
      "camera_pose": {
        "parent_frame": "base_link",
        "child_frame": "camera_optical",
        "stamp": {
          "sec": 1768392687,
          "nanosec": 334093214
        },
        "R": [
          [
            0.950425004433,
            -0.310948616844,
            0.001807935403
          ],
          [
            -0.310928483603,
            -0.950405636546,
            -0.007252868814
          ],
          [
            0.003973541523,
            0.006331169261,
            -0.999972063242
          ]
        ],
        "t": [
          0.21196024948940573,
          0.4397903308033799,
          0.303865914278493
        ]
      }
    },
    "image_6": {
      "position": [
        -1.5522721608034153,
        2.0517309347735804,
        -2.070176740685934,
        -1.5708330313311976,
        -2.4509733358966272,
        0.6906889081001282
      ],
      "camera_pose": {
        "parent_frame": "base_link",
        "child_frame": "camera_optical",
        "stamp": {
          "sec": 1768392691,
          "nanosec": 534121701
        },
        "R": [
          [
            0.99999004621,
            -0.002044667551,
            0.003965705025
          ],
          [
            -0.002019961749,
            -0.999978591209,
            -0.006223895666
          ],
          [
            0.003978345922,
            0.006215823143,
            -0.999972767782
          ]
        ],
        "t": [
          0.20416510304526572,
          0.3906141003191829,
          0.30390890202006315
        ]
      }
    }
  }
}