{
  "note": "Per-image joint positions and camera pose at capture time.",
  "prompt": "red object.",
  "created_at": "2026-01-28T16:35:21.586821",
  "joint_names": [
    "shoulder_lift_joint",
    "elbow_joint",
    "wrist_1_joint",
    "wrist_2_joint",
    "wrist_3_joint",
    "shoulder_pan_joint"
  ],
  "shots": {
    "image_1": {
      "image_file": "pose_1_image.png",
      "image_stamp_ns": 1769614534741838440,
      "joint_stamp_ns": 1769614534918446394,
      "position": [
        -0.9284686011127015,
        1.1948025862323206,
        -1.8370582065977992,
        -1.57080585161318,
        -0.9270485083209437,
        0.6438246369361877
      ],
      "camera_pose": {
        "parent_frame": "base_link",
        "child_frame": "camera_optical",
        "stamp": {
          "sec": 1769614534,
          "nanosec": 741838440,
          "stamp_ns": 1769614534741838440
        },
        "R": [
          [
            -0.002130764962,
            -0.999977975702,
            -0.006285535039
          ],
          [
            -0.99998936886,
            0.002156408329,
            -0.004075790736
          ],
          [
            0.00408925515,
            0.006276783665,
            -0.999971939596
          ]
        ],
        "t": [
          0.505961769739547,
          0.6055712481128405,
          0.30389143714858213
        ]
      }
    },
    "image_2": {
      "image_file": "pose_2_image.png",
      "image_stamp_ns": 1769614537541846796,
      "joint_stamp_ns": 1769614537768489203,
      "position": [
        -0.9874196213534852,
        1.2921527067767542,
        -1.875402113000387,
        -1.5707796255694788,
        -1.2204812208758753,
        0.6645089983940125
      ],
      "camera_pose": {
        "parent_frame": "base_link",
        "child_frame": "camera_optical",
        "stamp": {
          "sec": 1769614537,
          "nanosec": 541846796,
          "stamp_ns": 1769614537541846796
        },
        "R": [
          [
            0.307082796709,
            -0.951670831591,
            -0.004773286533
          ],
          [
            -0.951674116417,
            -0.307054702721,
            -0.005812544968
          ],
          [
            0.004065969426,
            0.006327545809,
            -0.999971714628
          ]
        ],
        "t": [
          0.45684397302328333,
          0.5977340964720558,
          0.30383021170367047
        ]
      }
    },
    "image_3": {
      "image_file": "pose_3_image.png",
      "image_stamp_ns": 1769614540341868049,
      "joint_stamp_ns": 1769614540618440439,
      "position": [
        -1.0549138945392151,
        1.3999179045306605,
        -1.9157067737975062,
        -1.5707867781268519,
        -1.5258100668536585,
        0.673389196395874
      ],
      "camera_pose": {
        "parent_frame": "base_link",
        "child_frame": "camera_optical",
        "stamp": {
          "sec": 1769614540,
          "nanosec": 341868049,
          "stamp_ns": 1769614540341868049
        },
        "R": [
          [
            0.586275658166,
            -0.810106920889,
            -0.002762131273
          ],
          [
            -0.810101836274,
            -0.586248397709,
            -0.006915999482
          ],
          [
            0.003983404012,
            0.006292289764,
            -0.999972269407
          ]
        ],
        "t": [
          0.41238578526623115,
          0.5751214327613537,
          0.30390263968344705
        ]
      }
    },
    "image_4": {
      "image_file": "pose_4_image.png",
      "image_stamp_ns": 1769614543341889102,
      "joint_stamp_ns": 1769614543518441365,
      "position": [
        -1.1253082913211365,
        1.5080583731280726,
        -1.9534617863097132,
        -1.5707586447345179,
        -1.8453753630267542,
        0.6679697036743164
      ],
      "camera_pose": {
        "parent_frame": "base_link",
        "child_frame": "camera_optical",
        "stamp": {
          "sec": 1769614543,
          "nanosec": 341889102,
          "stamp_ns": 1769614543341889102
        },
        "R": [
          [
            0.807841222119,
            -0.589399930723,
            -0.000530573473
          ],
          [
            -0.589386752684,
            -0.807816431562,
            -0.007474534032
          ],
          [
            0.003976883871,
            0.006350949684,
            -0.999971924522
          ]
        ],
        "t": [
          0.37720422411506394,
          0.53997783822764,
          0.3038155311595371
        ]
      }
    },
    "image_5": {
      "image_file": "pose_5_image.png",
      "image_stamp_ns": 1769614546141892539,
      "joint_stamp_ns": 1769614546418491009,
      "position": [
        -1.1928045612624665,
        1.6072652975665491,
        -1.9851776562132777,
        -1.570798699055807,
        -2.1807377974139612,
        0.646790623664856
      ],
      "camera_pose": {
        "parent_frame": "base_link",
        "child_frame": "camera_optical",
        "stamp": {
          "sec": 1769614546,
          "nanosec": 141892539,
          "stamp_ns": 1769614546141892539
        },
        "R": [
          [
            0.95035057192,
            -0.311175787665,
            0.001849222344
          ],
          [
            -0.311155716736,
            -0.950331888458,
            -0.007170894133
          ],
          [
            0.003988783593,
            0.006239467237,
            -0.999972578951
          ]
        ],
        "t": [
          0.3545983804034996,
          0.4956010666294715,
          0.3038995467319085
        ]
      }
    },
    "image_6": {
      "image_file": "pose_6_image.png",
      "image_stamp_ns": 1769614549141932026,
      "joint_stamp_ns": 1769614549318489919,
      "position": [
        -1.2509041291526337,
        1.6889837423907679,
        -2.008811136285299,
        -1.5707948843585413,
        -2.5316618124591272,
        0.6100507974624634
      ],
      "camera_pose": {
        "parent_frame": "base_link",
        "child_frame": "camera_optical",
        "stamp": {
          "sec": 1769614549,
          "nanosec": 141932026,
          "stamp_ns": 1769614549141932026
        },
        "R": [
          [
            0.999990558744,
            -0.00201540322,
            0.003849749678
          ],
          [
            -0.001991142662,
            -0.99997820188,
            -0.006295324849
          ],
          [
            0.003862353378,
            0.006287600013,
            -0.999972773786
          ]
        ],
        "t": [
          0.346812673620697,
          0.44639858928027276,
          0.30383251386497645
        ]
      }
    }
  }
}