{
  "note": "Per-image joint positions and camera pose at capture time.",
  "prompt": "orange square.",
  "created_at": "2026-01-22T15:14:22.481131",
  "joint_names": [
    "shoulder_lift_joint",
    "elbow_joint",
    "wrist_1_joint",
    "wrist_2_joint",
    "wrist_3_joint",
    "shoulder_pan_joint"
  ],
  "shots": {
    "image_1": {
      "image_file": "pose_1_image.png",
      "image_stamp_ns": 1769091275901513674,
      "joint_stamp_ns": 1769091276119605831,
      "position": [
        -1.036843256359436,
        1.3713067213641565,
        -1.9052230320372523,
        -1.5707796255694788,
        -0.9431746641742151,
        0.6277192234992981
      ],
      "camera_pose": {
        "parent_frame": "base_link",
        "child_frame": "camera_optical",
        "stamp": {
          "sec": 1769091275,
          "nanosec": 901513674,
          "stamp_ns": 1769091275901513674
        },
        "R": [
          [
            -0.002130060762,
            -0.999978616001,
            -0.006183072127
          ],
          [
            -0.999989665623,
            0.002154836683,
            -0.004003164611
          ],
          [
            0.004016402518,
            0.006174481245,
            -0.999972871778
          ]
        ],
        "t": [
          0.47729024971296924,
          0.5702313142460235,
          0.30396269639468704
        ]
      }
    },
    "image_2": {
      "image_file": "pose_2_image.png",
      "image_stamp_ns": 1769091278901493682,
      "joint_stamp_ns": 1769091279019605091,
      "position": [
        -1.092454509144165,
        1.4580653349505823,
        -1.936348100701803,
        -1.570763889943258,
        -1.2358420530902308,
        0.6491100192070007
      ],
      "camera_pose": {
        "parent_frame": "base_link",
        "child_frame": "camera_optical",
        "stamp": {
          "sec": 1769091278,
          "nanosec": 901493682,
          "stamp_ns": 1769091278901493682
        },
        "R": [
          [
            0.306976414043,
            -0.951705225064,
            -0.004758761166
          ],
          [
            -0.951708435352,
            -0.306948410451,
            -0.00580752978
          ],
          [
            0.004066362261,
            0.006311727809,
            -0.999971812998
          ]
        ],
        "t": [
          0.42818149310636155,
          0.562398782874699,
          0.30385698380931875
        ]
      }
    },
    "image_3": {
      "image_file": "pose_3_image.png",
      "image_stamp_ns": 1769091281701473582,
      "joint_stamp_ns": 1769091281869608655,
      "position": [
        -1.157210038309433,
        1.5554636160479944,
        -1.9689842663206996,
        -1.5707901159869593,
        -1.5412209669696253,
        0.6579113006591797
      ],
      "camera_pose": {
        "parent_frame": "base_link",
        "child_frame": "camera_optical",
        "stamp": {
          "sec": 1769091281,
          "nanosec": 701473582,
          "stamp_ns": 1769091281701473582
        },
        "R": [
          [
            0.586031646625,
            -0.81028317839,
            -0.00284252926
          ],
          [
            -0.810278260893,
            -0.586003534116,
            -0.006999852062
          ],
          [
            0.004006130185,
            0.006405374495,
            -0.999971460642
          ]
        ],
        "t": [
          0.38383177478868025,
          0.5397805754059114,
          0.30379988834149324
        ]
      }
    },
    "image_4": {
      "image_file": "pose_4_image.png",
      "image_stamp_ns": 1769091284501490292,
      "joint_stamp_ns": 1769091284769607872,
      "position": [
        -1.2260442239097138,
        1.6543567816363733,
        -1.9990931950011195,
        -1.5708640257464808,
        -1.862009350453512,
        0.6513277888298035
      ],
      "camera_pose": {
        "parent_frame": "base_link",
        "child_frame": "camera_optical",
        "stamp": {
          "sec": 1769091284,
          "nanosec": 501490292,
          "stamp_ns": 1769091284501490292
        },
        "R": [
          [
            0.807951129581,
            -0.589249291277,
            -0.000494912033
          ],
          [
            -0.589236018667,
            -0.807926679602,
            -0.007442761085
          ],
          [
            0.003985789059,
            0.006305007221,
            -0.999972179798
          ]
        ],
        "t": [
          0.34849693724445274,
          0.5045631797406137,
          0.3038888366793011
        ]
      }
    },
    "image_5": {
      "image_file": "pose_5_image.png",
      "image_stamp_ns": 1769091287501524895,
      "joint_stamp_ns": 1769091287619612524,
      "position": [
        -1.2929620903781434,
        1.7459781805621546,
        -2.0236669979491175,
        -1.5707672278033655,
        -2.1999428907977503,
        0.6275635361671448
      ],
      "camera_pose": {
        "parent_frame": "base_link",
        "child_frame": "camera_optical",
        "stamp": {
          "sec": 1769091287,
          "nanosec": 501524895,
          "stamp_ns": 1769091287501524895
        },
        "R": [
          [
            0.950413530236,
            -0.310983455101,
            0.001847213629
          ],
          [
            -0.310963217375,
            -0.950394547487,
            -0.007216754592
          ],
          [
            0.003999873039,
            0.006284485716,
            -0.999972252743
          ]
        ],
        "t": [
          0.3259545694794089,
          0.4602292939696896,
          0.3038711335993921
        ]
      }
    },
    "image_6": {
      "image_file": "pose_6_image.png",
      "image_stamp_ns": 1769091290301559141,
      "joint_stamp_ns": 1769091290519617467,
      "position": [
        -1.3513436180404206,
        1.8217147032367151,
        -2.041065355340475,
        -1.5708263556109827,
        -2.554762903844015,
        0.5868737101554871
      ],
      "camera_pose": {
        "parent_frame": "base_link",
        "child_frame": "camera_optical",
        "stamp": {
          "sec": 1769091290,
          "nanosec": 301559141,
          "stamp_ns": 1769091290301559141
        },
        "R": [
          [
            0.999990503117,
            -0.001963393982,
            0.003890855808
          ],
          [
            -0.001938727678,
            -0.999978065582,
            -0.006333221068
          ],
          [
            0.003903205073,
            0.006325617612,
            -0.999972375394
          ]
        ],
        "t": [
          0.3181372116391029,
          0.41102194335132813,
          0.3038580381105994
        ]
      }
    }
  }
}