{
  "note": "Per-image joint positions and camera pose at capture time.",
  "prompt": "orange square .",
  "created_at": "2026-01-25T17:17:11.523421",
  "joint_names": [
    "shoulder_lift_joint",
    "elbow_joint",
    "wrist_1_joint",
    "wrist_2_joint",
    "wrist_3_joint",
    "shoulder_pan_joint"
  ],
  "shots": {
    "image_1": {
      "image_file": "pose_1_image.png",
      "image_stamp_ns": 1769357854573361039,
      "joint_stamp_ns": 1769357854721055632,
      "position": [
        -1.2084933084300538,
        1.6296771208392542,
        -1.9919024906554164,
        -1.5708296934710901,
        -0.7326400915728968,
        0.8381140232086182
      ],
      "camera_pose": {
        "parent_frame": "base_link",
        "child_frame": "camera_optical",
        "stamp": {
          "sec": 1769357854,
          "nanosec": 573361039,
          "stamp_ns": 1769357854573361039
        },
        "R": [
          [
            -0.002181407934,
            -0.999977736114,
            -0.006306245803
          ],
          [
            -0.999989273431,
            0.002207113086,
            -0.00407206026
          ],
          [
            0.004085888198,
            0.006297295334,
            -0.999971824398
          ]
        ],
        "t": [
          0.3077245719426906,
          0.600510227149977,
          0.303865276902466
        ]
      }
    },
    "image_2": {
      "image_file": "pose_2_image.png",
      "image_stamp_ns": 1769357857373359085,
      "joint_stamp_ns": 1769357857571061287,
      "position": [
        -1.2503141921809693,
        1.6882088820086878,
        -2.008623262444967,
        -1.570793930684225,
        -1.0132177511798304,
        0.8717076182365417
      ],
      "camera_pose": {
        "parent_frame": "base_link",
        "child_frame": "camera_optical",
        "stamp": {
          "sec": 1769357857,
          "nanosec": 373359085,
          "stamp_ns": 1769357857373359085
        },
        "R": [
          [
            0.307018703951,
            -0.951691338643,
            -0.00480742935
          ],
          [
            -0.951694550179,
            -0.306990022449,
            -0.005882964974
          ],
          [
            0.004122933967,
            0.006381384595,
            -0.999971139257
          ]
        ],
        "t": [
          0.2585612551539021,
          0.5927449075339187,
          0.30380661014688404
        ]
      }
    },
    "image_3": {
      "image_file": "pose_3_image.png",
      "image_stamp_ns": 1769357860373391139,
      "joint_stamp_ns": 1769357860471055410,
      "position": [
        -1.3057059806636353,
        1.762773338948385,
        -2.0277921162047328,
        -1.5707710425006312,
        -1.305657211934225,
        0.8934040069580078
      ],
      "camera_pose": {
        "parent_frame": "base_link",
        "child_frame": "camera_optical",
        "stamp": {
          "sec": 1769357860,
          "nanosec": 373391139,
          "stamp_ns": 1769357860373391139
        },
        "R": [
          [
            0.585990557895,
            -0.810313353458,
            -0.002708369615
          ],
          [
            -0.810307746225,
            -0.585963241307,
            -0.006959615319
          ],
          [
            0.00405246419,
            0.006272881742,
            -0.999972113855
          ]
        ],
        "t": [
          0.21421945267455927,
          0.5701095594105637,
          0.30386723653650755
        ]
      }
    },
    "image_4": {
      "image_file": "pose_4_image.png",
      "image_stamp_ns": 1769357863173440087,
      "joint_stamp_ns": 1769357863371064597,
      "position": [
        -1.371092141871788,
        1.8464010397540491,
        -2.046079774896139,
        -1.5707867781268519,
        -1.6134875456439417,
        0.8997692465782166
      ],
      "camera_pose": {
        "parent_frame": "base_link",
        "child_frame": "camera_optical",
        "stamp": {
          "sec": 1769357863,
          "nanosec": 173440087,
          "stamp_ns": 1769357863173440087
        },
        "R": [
          [
            0.807737035785,
            -0.589542760407,
            -0.000463328022
          ],
          [
            -0.589529131751,
            -0.80771248474,
            -0.007479626497
          ],
          [
            0.004035323824,
            0.006314716702,
            -0.999971919863
          ]
        ],
        "t": [
          0.1789947001525668,
          0.5348854135344577,
          0.30388275868621106
        ]
      }
    },
    "image_5": {
      "image_file": "pose_5_image.png",
      "image_stamp_ns": 1769357866173414209,
      "joint_stamp_ns": 1769357866271049748,
      "position": [
        -1.4419315171292801,
        1.931453053151266,
        -2.060239931146139,
        -1.5708096663104456,
        -1.9400275389300745,
        0.8873748183250427
      ],
      "camera_pose": {
        "parent_frame": "base_link",
        "child_frame": "camera_optical",
        "stamp": {
          "sec": 1769357866,
          "nanosec": 173414209,
          "stamp_ns": 1769357866173414209
        },
        "R": [
          [
            0.950395455577,
            -0.311038888519,
            0.00181324214
          ],
          [
            -0.311018976519,
            -0.950376518006,
            -0.007188203429
          ],
          [
            0.003959073556,
            0.006267683158,
            -0.999972520565
          ]
        ],
        "t": [
          0.1563287344753047,
          0.49053130993981003,
          0.3038788419660012
        ]
      }
    },
    "image_6": {
      "image_file": "pose_6_image.png",
      "image_stamp_ns": 1769357868973490158,
      "joint_stamp_ns": 1769357869171051395,
      "position": [
        -1.5122196239284058,
        2.00979453722109,
        -2.068303724328512,
        -1.5707796255694788,
        -2.287523333226339,
        0.8540843725204468
      ],
      "camera_pose": {
        "parent_frame": "base_link",
        "child_frame": "camera_optical",
        "stamp": {
          "sec": 1769357868,
          "nanosec": 973490158,
          "stamp_ns": 1769357868973490158
        },
        "R": [
          [
            0.999990289495,
            -0.002068198915,
            0.00389146107
          ],
          [
            -0.002043502591,
            -0.99997781657,
            -0.006339595092
          ],
          [
            0.003904486288,
            0.006331581321,
            -0.99997233265
          ]
        ],
        "t": [
          0.14852825630340508,
          0.441319966973317,
          0.3038545808815992
        ]
      }
    }
  }
}