{
  "note": "Per-image joint positions and camera pose at capture time.",
  "prompt": "orange triangle .",
  "created_at": "2026-01-25T17:05:00.924731",
  "joint_names": [
    "shoulder_lift_joint",
    "elbow_joint",
    "wrist_1_joint",
    "wrist_2_joint",
    "wrist_3_joint",
    "shoulder_pan_joint"
  ],
  "shots": {
    "image_1": {
      "image_file": "pose_1_image.png",
      "image_stamp_ns": 1769357123900249412,
      "joint_stamp_ns": 1769357123981060289,
      "position": [
        -0.9284722369960328,
        1.1947711149798792,
        -1.8370653591551722,
        -1.5708258787738245,
        -0.7596100012408655,
        0.8111955523490906
      ],
      "camera_pose": {
        "parent_frame": "base_link",
        "child_frame": "camera_optical",
        "stamp": {
          "sec": 1769357123,
          "nanosec": 900249412,
          "stamp_ns": 1769357123900249412
        },
        "R": [
          [
            -0.002105158376,
            -0.999978581939,
            -0.006197093718
          ],
          [
            -0.999989565031,
            0.002130226241,
            -0.004041282548
          ],
          [
            0.004054397203,
            0.006188521511,
            -0.999972631658
          ]
        ],
        "t": [
          0.4078592441475257,
          0.6822614484524552,
          0.30391211072456026
        ]
      }
    },
    "image_2": {
      "image_file": "pose_2_image.png",
      "image_stamp_ns": 1769357126700279763,
      "joint_stamp_ns": 1769357126881053881,
      "position": [
        -0.9786536258510132,
        1.2777960936175745,
        -1.869885107079977,
        -1.5708330313311976,
        -1.0469701925860804,
        0.8379738330841064
      ],
      "camera_pose": {
        "parent_frame": "base_link",
        "child_frame": "camera_optical",
        "stamp": {
          "sec": 1769357126,
          "nanosec": 700279763,
          "stamp_ns": 1769357126700279763
        },
        "R": [
          [
            0.306946177547,
            -0.951714795551,
            -0.004794999335
          ],
          [
            -0.951717924932,
            -0.306917545962,
            -0.005883140576
          ],
          [
            0.004127402502,
            0.006369294329,
            -0.999971197904
          ]
        ],
        "t": [
          0.3587660314553824,
          0.6744232880188952,
          0.3037886467529897
        ]
      }
    },
    "image_3": {
      "image_file": "pose_3_image.png",
      "image_stamp_ns": 1769357129700276211,
      "joint_stamp_ns": 1769357129781054367,
      "position": [
        -1.0406890672496338,
        1.3774412314044397,
        -1.9075199566283167,
        -1.5708020369159144,
        -1.3447135130511683,
        0.854407787322998
      ],
      "camera_pose": {
        "parent_frame": "base_link",
        "child_frame": "camera_optical",
        "stamp": {
          "sec": 1769357129,
          "nanosec": 700276211,
          "stamp_ns": 1769357129700276211
        },
        "R": [
          [
            0.58598658902,
            -0.810315956513,
            -0.002787132911
          ],
          [
            -0.810310706147,
            -0.585958734721,
            -0.006994333979
          ],
          [
            0.004034475554,
            0.006357029548,
            -0.999971655189
          ]
        ],
        "t": [
          0.31437563885848774,
          0.651830591509964,
          0.3038245539080662
        ]
      }
    },
    "image_4": {
      "image_file": "pose_4_image.png",
      "image_stamp_ns": 1769357132500310941,
      "joint_stamp_ns": 1769357132631057208,
      "position": [
        -1.1092230838588257,
        1.4837167898761194,
        -1.9452206097044886,
        -1.570824925099508,
        -1.6555493513690394,
        0.8577016592025757
      ],
      "camera_pose": {
        "parent_frame": "base_link",
        "child_frame": "camera_optical",
        "stamp": {
          "sec": 1769357132,
          "nanosec": 500310941,
          "stamp_ns": 1769357132500310941
        },
        "R": [
          [
            0.807764970882,
            -0.589504503224,
            -0.000438742115
          ],
          [
            -0.589490676565,
            -0.807740450146,
            -0.007490489963
          ],
          [
            0.004061287811,
            0.006309189793,
            -0.999971849637
          ]
        ],
        "t": [
          0.27912693115337794,
          0.6166255945379304,
          0.30384943975440587
        ]
      }
    },
    "image_5": {
      "image_file": "pose_5_image.png",
      "image_stamp_ns": 1769357135300330646,
      "joint_stamp_ns": 1769357135531058355,
      "position": [
        -1.178750143652298,
        1.58696157137026,
        -1.9789349041380824,
        -1.5708025137530726,
        -1.9817488829242151,
        0.8456960916519165
      ],
      "camera_pose": {
        "parent_frame": "base_link",
        "child_frame": "camera_optical",
        "stamp": {
          "sec": 1769357135,
          "nanosec": 300330646,
          "stamp_ns": 1769357135300330646
        },
        "R": [
          [
            0.950440311671,
            -0.310901860917,
            0.001801895781
          ],
          [
            -0.310881804231,
            -0.950420978429,
            -0.007243449502
          ],
          [
            0.003964561481,
            0.006324289791,
            -0.999972142417
          ]
        ],
        "t": [
          0.25647867450347483,
          0.5722582267501884,
          0.30385221359108694
        ]
      }
    },
    "image_6": {
      "image_file": "pose_6_image.png",
      "image_stamp_ns": 1769357138300319498,
      "joint_stamp_ns": 1769357138381052325,
      "position": [
        -1.2430884701064606,
        1.6781514326678675,
        -2.0058537922301234,
        -1.5708215872394007,
        -2.3242700735675257,
        0.8173871040344238
      ],
      "camera_pose": {
        "parent_frame": "base_link",
        "child_frame": "camera_optical",
        "stamp": {
          "sec": 1769357138,
          "nanosec": 300319498,
          "stamp_ns": 1769357138300319498
        },
        "R": [
          [
            0.999989913645,
            -0.002098955556,
            0.003970767374
          ],
          [
            -0.002074325263,
            -0.999978647655,
            -0.006196887098
          ],
          [
            0.003983689579,
            0.006188587931,
            -0.999972915432
          ]
        ],
        "t": [
          0.2486964976311842,
          0.5230839264909397,
          0.30391729651841703
        ]
      }
    }
  }
}