{
  "note": "Per-image joint positions and camera pose at capture time.",
  "prompt": "blue object.",
  "created_at": "2026-01-29T16:36:27.975323",
  "joint_names": [
    "shoulder_lift_joint",
    "elbow_joint",
    "wrist_1_joint",
    "wrist_2_joint",
    "wrist_3_joint",
    "shoulder_pan_joint"
  ],
  "shots": {
    "image_1": {
      "image_file": "pose_1_image.png",
      "image_stamp_ns": 1769701001200449273,
      "joint_stamp_ns": 1769701001414066176,
      "position": [
        -0.7418406170657654,
        0.8698142210589808,
        -1.6987596950926722,
        -1.570810619984762,
        -0.9401901404010218,
        0.6307246088981628
      ],
      "camera_pose": {
        "parent_frame": "base_link",
        "child_frame": "camera_optical",
        "stamp": {
          "sec": 1769701001,
          "nanosec": 200449273,
          "stamp_ns": 1769701001200449273
        },
        "R": [
          [
            -0.002070740981,
            -0.999978530421,
            -0.006216971065
          ],
          [
            -0.999989527678,
            0.002096056811,
            -0.004068301775
          ],
          [
            0.004081245555,
            0.006208481559,
            -0.999972398715
          ]
        ],
        "t": [
          0.5690779563987287,
          0.6398083415774084,
          0.3039208372784698
        ]
      }
    },
    "image_2": {
      "image_file": "pose_2_image.png",
      "image_stamp_ns": 1769701004000449253,
      "joint_stamp_ns": 1769701004264069121,
      "position": [
        -0.800859348183014,
        0.9753497282611292,
        -1.7452031574644984,
        -1.570793930684225,
        -1.2397211233722132,
        0.6453093886375427
      ],
      "camera_pose": {
        "parent_frame": "base_link",
        "child_frame": "camera_optical",
        "stamp": {
          "sec": 1769701004,
          "nanosec": 449253,
          "stamp_ns": 1769701004000449253
        },
        "R": [
          [
            0.307046716766,
            -0.951682554815,
            -0.004756951077
          ],
          [
            -0.951685879846,
            -0.307018913895,
            -0.005776903414
          ],
          [
            0.004037304247,
            0.006300902398,
            -0.99997199901
          ]
        ],
        "t": [
          0.5261410693426387,
          0.6329135324305512,
          0.30385286349910273
        ]
      }
    },
    "image_3": {
      "image_file": "pose_3_image.png",
      "image_stamp_ns": 1769701007000531243,
      "joint_stamp_ns": 1769701007164067865,
      "position": [
        -0.8650607031634827,
        1.0872815291034144,
        -1.7929617367186488,
        -1.5707901159869593,
        -1.5481355826007288,
        0.6510056257247925
      ],
      "camera_pose": {
        "parent_frame": "base_link",
        "child_frame": "camera_optical",
        "stamp": {
          "sec": 1769701007,
          "nanosec": 531243,
          "stamp_ns": 1769701007000531243
        },
        "R": [
          [
            0.586093613672,
            -0.810238676892,
            -0.002749996523
          ],
          [
            -0.810233414391,
            -0.586066252716,
            -0.006939858176
          ],
          [
            0.004011261349,
            0.00629554563,
            -0.999972137556
          ]
        ],
        "t": [
          0.48734202657814374,
          0.6131741259645157,
          0.3038321281701814
        ]
      }
    },
    "image_4": {
      "image_file": "pose_4_image.png",
      "image_stamp_ns": 1769701009800614158,
      "joint_stamp_ns": 1769701010064065576,
      "position": [
        -0.9288682502559205,
        1.1955378691302698,
        -1.8374043903746546,
        -1.5707758108722132,
        -1.866880242024557,
        0.6464434266090393
      ],
      "camera_pose": {
        "parent_frame": "base_link",
        "child_frame": "camera_optical",
        "stamp": {
          "sec": 1769701009,
          "nanosec": 800614158,
          "stamp_ns": 1769701009800614158
        },
        "R": [
          [
            0.808012710193,
            -0.589164799167,
            -0.000547347484
          ],
          [
            -0.589151862251,
            -0.807988053707,
            -0.007442329842
          ],
          [
            0.003942508538,
            0.006335967895,
            -0.999972155681
          ]
        ],
        "t": [
          0.4564562423411278,
          0.5823701367325341,
          0.3038387443414588
        ]
      }
    },
    "image_5": {
      "image_file": "pose_5_image.png",
      "image_stamp_ns": 1769701012800621842,
      "joint_stamp_ns": 1769701012914053911,
      "position": [
        -0.9872196477702637,
        1.2917621771441858,
        -1.8752709827818812,
        -1.5707743803607386,
        -2.1965115706073206,
        0.6309844255447388
      ],
      "camera_pose": {
        "parent_frame": "base_link",
        "child_frame": "camera_optical",
        "stamp": {
          "sec": 1769701012,
          "nanosec": 800621842,
          "stamp_ns": 1769701012800621842
        },
        "R": [
          [
            0.950442132603,
            -0.310896229837,
            0.001812966171
          ],
          [
            -0.310876172372,
            -0.950422952997,
            -0.007226054828
          ],
          [
            0.003969637865,
            0.006304338977,
            -0.999972248258
          ]
        ],
        "t": [
          0.436713676543521,
          0.5436455559897401,
          0.3038419988130854
        ]
      }
    },
    "image_6": {
      "image_file": "pose_6_image.png",
      "image_stamp_ns": 1769701015600675888,
      "joint_stamp_ns": 1769701015764061411,
      "position": [
        -1.035386638050415,
        1.3691447416888636,
        -1.9044462643065394,
        -1.570810619984762,
        -2.5363031069384974,
        0.6053740978240967
      ],
      "camera_pose": {
        "parent_frame": "base_link",
        "child_frame": "camera_optical",
        "stamp": {
          "sec": 1769701015,
          "nanosec": 600675888,
          "stamp_ns": 1769701015600675888
        },
        "R": [
          [
            0.999990338695,
            -0.001983639091,
            0.00392271485
          ],
          [
            -0.00195900385,
            -0.999978399051,
            -0.006274052538
          ],
          [
            0.003935075572,
            0.006266307309,
            -0.999972623912
          ]
        ],
        "t": [
          0.4299245957763257,
          0.5006204485334302,
          0.30385146921730655
        ]
      }
    }
  }
}