{
  "note": "Per-image joint positions and camera pose at capture time.",
  "prompt": "yellow object.",
  "created_at": "2026-02-04T13:36:26.767588",
  "joint_names": [
    "shoulder_lift_joint",
    "elbow_joint",
    "wrist_1_joint",
    "wrist_2_joint",
    "wrist_3_joint",
    "shoulder_pan_joint"
  ],
  "shots": {
    "image_1": {
      "image_file": "pose_1_image.png",
      "image_stamp_ns": 1770208600118936167,
      "joint_stamp_ns": 1770208600313042059,
      "position": [
        -1.0431521099856873,
        1.3812978903399866,
        -1.9089113674559535,
        -1.570810619984762,
        -0.9719951788531702,
        0.5988236665725708
      ],
      "camera_pose": {
        "parent_frame": "base_link",
        "child_frame": "camera_optical",
        "stamp": {
          "sec": 1770208600,
          "nanosec": 118936167,
          "stamp_ns": 1770208600118936167
        },
        "R": [
          [
            -0.002177718517,
            -0.999978262412,
            -0.006223523504
          ],
          [
            -0.999989485677,
            0.002202774388,
            -0.004021979744
          ],
          [
            0.004035601334,
            0.006214699329,
            -0.99997254534
          ]
        ],
        "t": [
          0.489563504745266,
          0.5546482093546582,
          0.3039344289741348
        ]
      }
    },
    "image_2": {
      "image_file": "pose_2_image.png",
      "image_stamp_ns": 1770208603118959909,
      "joint_stamp_ns": 1770208603213043977,
      "position": [
        -1.0886961978724976,
        1.4523051420794886,
        -1.934368749658102,
        -1.5707710425006312,
        -1.2699907461749476,
        0.6149784922599792
      ],
      "camera_pose": {
        "parent_frame": "base_link",
        "child_frame": "camera_optical",
        "stamp": {
          "sec": 1770208603,
          "nanosec": 118959909,
          "stamp_ns": 1770208603118959909
        },
        "R": [
          [
            0.306888177716,
            -0.951733729985,
            -0.004749061636
          ],
          [
            -0.951737071053,
            -0.306860515889,
            -0.005759459415
          ],
          [
            0.004024172288,
            0.006287368016,
            -0.999972137132
          ]
        ],
        "t": [
          0.44662240900830685,
          0.5478178946031854,
          0.30387099832331227
        ]
      }
    },
    "image_3": {
      "image_file": "pose_3_image.png",
      "image_stamp_ns": 1770208605918953090,
      "joint_stamp_ns": 1770208606113046501,
      "position": [
        -1.1413777631572266,
        1.5320795218097132,
        -1.9613949261107386,
        -1.570798699055807,
        -1.578559700642721,
        0.6205943822860718
      ],
      "camera_pose": {
        "parent_frame": "base_link",
        "child_frame": "camera_optical",
        "stamp": {
          "sec": 1770208605,
          "nanosec": 918953090,
          "stamp_ns": 1770208605918953090
        },
        "R": [
          [
            0.586066431647,
            -0.810258048632,
            -0.002834135248
          ],
          [
            -0.810253050705,
            -0.586038308084,
            -0.007006802517
          ],
          [
            0.004016406309,
            0.00640281848,
            -0.99997143579
          ]
        ],
        "t": [
          0.4078036731884441,
          0.5280569193192174,
          0.3038077087149852
        ]
      }
    },
    "image_4": {
      "image_file": "pose_4_image.png",
      "image_stamp_ns": 1770208608718950648,
      "joint_stamp_ns": 1770208608963044072,
      "position": [
        -1.19673307359729,
        1.612851921712057,
        -1.986906190911764,
        -1.570793930684225,
        -1.899377171193258,
        0.6139053702354431
      ],
      "camera_pose": {
        "parent_frame": "base_link",
        "child_frame": "camera_optical",
        "stamp": {
          "sec": 1770208608,
          "nanosec": 718950648,
          "stamp_ns": 1770208608718950648
        },
        "R": [
          [
            0.807909094841,
            -0.589306952749,
            -0.000458163471
          ],
          [
            -0.589293472459,
            -0.807884832517,
            -0.007436444441
          ],
          [
            0.004012205094,
            0.00627796384,
            -0.999972244305
          ]
        ],
        "t": [
          0.37693994847516044,
          0.49728423396113647,
          0.30389342504606975
        ]
      }
    },
    "image_5": {
      "image_file": "pose_5_image.png",
      "image_stamp_ns": 1770208611719000912,
      "joint_stamp_ns": 1770208611813044409,
      "position": [
        -1.2497062248042603,
        1.687345329915182,
        -2.008367200891012,
        -1.570824925099508,
        -2.233331028615133,
        0.5941625833511353
      ],
      "camera_pose": {
        "parent_frame": "base_link",
        "child_frame": "camera_optical",
        "stamp": {
          "sec": 1770208611,
          "nanosec": 719000912,
          "stamp_ns": 1770208611719000912
        },
        "R": [
          [
            0.950417628204,
            -0.310971306653,
            0.00178281748
          ],
          [
            -0.310951412951,
            -0.950398290991,
            -0.007232376234
          ],
          [
            0.003943448173,
            0.006319408252,
            -0.999972256763
          ]
        ],
        "t": [
          0.3571882507684803,
          0.45851276769462135,
          0.30384663165659176
        ]
      }
    },
    "image_6": {
      "image_file": "pose_6_image.png",
      "image_stamp_ns": 1770208614519002985,
      "joint_stamp_ns": 1770208614713045026,
      "position": [
        -1.2949193877032776,
        1.7485321203814905,
        -2.024317880670065,
        -1.570810619984762,
        -2.579574171696798,
        0.5620315074920654
      ],
      "camera_pose": {
        "parent_frame": "base_link",
        "child_frame": "camera_optical",
        "stamp": {
          "sec": 1770208614,
          "nanosec": 519002985,
          "stamp_ns": 1770208614519002985
        },
        "R": [
          [
            0.999990099828,
            -0.002027695407,
            0.003960895963
          ],
          [
            -0.002002975293,
            -0.999978555769,
            -0.006235069527
          ],
          [
            0.003973453847,
            0.006227074222,
            -0.999972717233
          ]
        ],
        "t": [
          0.3503935181215046,
          0.41549916726013886,
          0.3038983498526008
        ]
      }
    }
  }
}