{
  "note": "Per-image joint positions and camera pose at capture time.",
  "prompt": "red object .",
  "created_at": "2026-01-17T18:48:06.041574",
  "joint_names": [
    "shoulder_lift_joint",
    "elbow_joint",
    "wrist_1_joint",
    "wrist_2_joint",
    "wrist_3_joint",
    "shoulder_pan_joint"
  ],
  "shots": {
    "image_1": {
      "position": [
        -1.317174271946289,
        1.777717415486471,
        -2.0313297710814417,
        -1.5707829634295862,
        -0.9306014219867151,
        0.6402611136436462
      ],
      "camera_pose": {
        "parent_frame": "base_link",
        "child_frame": "camera_optical",
        "stamp": {
          "sec": 1768672105,
          "nanosec": 883302499
        },
        "R": [
          [
            -0.00213588917,
            -0.999978505309,
            -0.006198943211
          ],
          [
            -0.999989796503,
            0.002160506596,
            -0.003967253615
          ],
          [
            0.003980561197,
            0.006190406346,
            -0.999972916634
          ]
        ],
        "t": [
          0.3675712961988019,
          0.49922664728107624,
          0.303943574297858
        ]
      }
    },
    "image_2": {
      "position": [
        -1.3686905962279816,
        1.8433926741229456,
        -2.0454899273314417,
        -1.5707829634295862,
        -1.2174285093890589,
        0.667545735836029
      ],
      "camera_pose": {
        "parent_frame": "base_link",
        "child_frame": "camera_optical",
        "stamp": {
          "sec": 1768672110,
          "nanosec": 283350485
        },
        "R": [
          [
            0.306933577965,
            -0.951719166402,
            -0.004733605534
          ],
          [
            -0.951722315549,
            -0.306905829117,
            -0.005783263741
          ],
          [
            0.004051271815,
            0.006280155852,
            -0.99997207303
          ]
        ],
        "t": [
          0.3184785156507361,
          0.49142490535819366,
          0.30387609556110745
        ]
      }
    },
    "image_3": {
      "position": [
        -1.4323376280120392,
        1.9202635923968714,
        -2.05867924312734,
        -1.5707915464984339,
        -1.5194814840899866,
        0.6796554327011108
      ],
      "camera_pose": {
        "parent_frame": "base_link",
        "child_frame": "camera_optical",
        "stamp": {
          "sec": 1768672114,
          "nanosec": 683438919
        },
        "R": [
          [
            0.586042461927,
            -0.810275885723,
            -0.002687347282
          ],
          [
            -0.810270211916,
            -0.586015327924,
            -0.006943998864
          ],
          [
            0.004051728132,
            0.006246955641,
            -0.999972279138
          ]
        ],
        "t": [
          0.27407453854065966,
          0.4688290011470818,
          0.30389907840761865
        ]
      }
    },
    "image_4": {
      "position": [
        -1.504156009559967,
        2.0010064283954065,
        -2.0676876507201136,
        -1.5708296934710901,
        -1.840630356465475,
        0.672675609588623
      ],
      "camera_pose": {
        "parent_frame": "base_link",
        "child_frame": "camera_optical",
        "stamp": {
          "sec": 1768672119,
          "nanosec": 83513622
        },
        "R": [
          [
            0.807780452128,
            -0.589483279348,
            -0.000452249397
          ],
          [
            -0.589469901843,
            -0.807756443252,
            -0.007400216619
          ],
          [
            0.003996996596,
            0.006244337734,
            -0.999972515755
          ]
        ],
        "t": [
          0.23884743327690766,
          0.43363161276591056,
          0.3038989723180432
        ]
      }
    },
    "image_5": {
      "position": [
        -1.578776021996969,
        2.078348461781637,
        -2.0703946552672328,
        -1.5707953611956995,
        -2.184056584035055,
        0.6433706283569336
      ],
      "camera_pose": {
        "parent_frame": "base_link",
        "child_frame": "camera_optical",
        "stamp": {
          "sec": 1768672123,
          "nanosec": 483476302
        },
        "R": [
          [
            0.950419353314,
            -0.310965430954,
            0.001885098853
          ],
          [
            -0.310945132679,
            -0.950400796995,
            -0.007172833021
          ],
          [
            0.004022102564,
            0.006231037008,
            -0.999972498056
          ]
        ],
        "t": [
          0.21620359410454765,
          0.38925444257692576,
          0.30391095743228685
        ]
      }
    },
    "image_6": {
      "position": [
        -1.6484462223448695,
        2.1443355719195765,
        -2.0666939220824183,
        -1.570759121571676,
        -2.5507279078113,
        0.5909034013748169
      ],
      "camera_pose": {
        "parent_frame": "base_link",
        "child_frame": "camera_optical",
        "stamp": {
          "sec": 1768672127,
          "nanosec": 883556152
        },
        "R": [
          [
            0.999989890582,
            -0.002110129465,
            0.003970653303
          ],
          [
            -0.002085260104,
            -0.999978250317,
            -0.006257042694
          ],
          [
            0.003983770113,
            0.006248699594,
            -0.999972541288
          ]
        ],
        "t": [
          0.20844508748810783,
          0.34005191945772006,
          0.3039098538314637
        ]
      }
    }
  }
}