{
  "note": "Per-image joint positions and camera pose at capture time.",
  "prompt": "orange square.",
  "created_at": "2026-01-28T17:42:18.935932",
  "joint_names": [
    "shoulder_lift_joint",
    "elbow_joint",
    "wrist_1_joint",
    "wrist_2_joint",
    "wrist_3_joint",
    "shoulder_pan_joint"
  ],
  "shots": {
    "image_1": {
      "image_file": "pose_1_image.png",
      "image_stamp_ns": 1769618561924833631,
      "joint_stamp_ns": 1769618562176441932,
      "position": [
        -1.1944643718055268,
        1.6095565001117151,
        -1.9858838520445765,
        -1.570817772542135,
        -0.8459666411029261,
        0.7247817516326904
      ],
      "camera_pose": {
        "parent_frame": "base_link",
        "child_frame": "camera_optical",
        "stamp": {
          "sec": 1769618561,
          "nanosec": 924833631,
          "stamp_ns": 1769618561924833631
        },
        "R": [
          [
            -0.002225070224,
            -0.999978031453,
            -0.006243850848
          ],
          [
            -0.999989301252,
            0.002250330126,
            -0.00404145967
          ],
          [
            0.004055421611,
            0.006234791515,
            -0.999972340083
          ]
        ],
        "t": [
          0.3718545057910464,
          0.5666082006713083,
          0.30392143126477783
        ]
      }
    },
    "image_2": {
      "image_file": "pose_2_image.png",
      "image_stamp_ns": 1769618564924832056,
      "joint_stamp_ns": 1769618565026455386,
      "position": [
        -1.2424219411662598,
        1.6772435347186487,
        -2.005590101281637,
        -1.5707829634295862,
        -1.131641689931051,
        0.7532559633255005
      ],
      "camera_pose": {
        "parent_frame": "base_link",
        "child_frame": "camera_optical",
        "stamp": {
          "sec": 1769618564,
          "nanosec": 924832056,
          "stamp_ns": 1769618564924832056
        },
        "R": [
          [
            0.306922328475,
            -0.95172282858,
            -0.004726715782
          ],
          [
            -0.951726026328,
            -0.306894750473,
            -0.005760463615
          ],
          [
            0.004031760465,
            0.006266553334,
            -0.999972237223
          ]
        ],
        "t": [
          0.32271942507457485,
          0.5587784350072993,
          0.30388347096076773
        ]
      }
    },
    "image_3": {
      "image_file": "pose_3_image.png",
      "image_stamp_ns": 1769618567724824320,
      "joint_stamp_ns": 1769618567876475376,
      "position": [
        -1.3023522061160584,
        1.758416477833883,
        -2.0267378292479457,
        -1.570810619984762,
        -1.4303625265704554,
        0.7687307596206665
      ],
      "camera_pose": {
        "parent_frame": "base_link",
        "child_frame": "camera_optical",
        "stamp": {
          "sec": 1769618567,
          "nanosec": 724824320,
          "stamp_ns": 1769618567724824320
        },
        "R": [
          [
            0.585952004023,
            -0.810340956304,
            -0.002789895832
          ],
          [
            -0.810335727404,
            -0.585924146826,
            -0.006993072186
          ],
          [
            0.004032105468,
            0.006358356931,
            -0.99997165631
          ]
        ],
        "t": [
          0.27837996753115435,
          0.536143502920841,
          0.3038412096329758
        ]
      }
    },
    "image_4": {
      "image_file": "pose_4_image.png",
      "image_stamp_ns": 1769618570524906935,
      "joint_stamp_ns": 1769618570726447726,
      "position": [
        -1.3702282917550583,
        1.8453219572650355,
        -2.0458413563170375,
        -1.5707672278033655,
        -1.745483700429098,
        0.7677457928657532
      ],
      "camera_pose": {
        "parent_frame": "base_link",
        "child_frame": "camera_optical",
        "stamp": {
          "sec": 1769618570,
          "nanosec": 524906935,
          "stamp_ns": 1769618570524906935
        },
        "R": [
          [
            0.807766648653,
            -0.589502163961,
            -0.000489907885
          ],
          [
            -0.589488920136,
            -0.807742330109,
            -0.007425711215
          ],
          [
            0.003981753493,
            0.006287037132,
            -0.999972309018
          ]
        ],
        "t": [
          0.24310649454164143,
          0.500955339826081,
          0.3038838278518678
        ]
      }
    },
    "image_5": {
      "image_file": "pose_5_image.png",
      "image_stamp_ns": 1769618573524950054,
      "joint_stamp_ns": 1769618573626474602,
      "position": [
        -1.4408586037210007,
        1.9302166144000452,
        -2.0600720844664515,
        -1.570810619984762,
        -2.0799320379840296,
        0.7475268244743347
      ],
      "camera_pose": {
        "parent_frame": "base_link",
        "child_frame": "camera_optical",
        "stamp": {
          "sec": 1769618573,
          "nanosec": 524950054,
          "stamp_ns": 1769618573524950054
        },
        "R": [
          [
            0.950388640646,
            -0.311059663976,
            0.001821312239
          ],
          [
            -0.311039411354,
            -0.950369276836,
            -0.007261007548
          ],
          [
            0.003989525764,
            0.006334279207,
            -0.999971979903
          ]
        ],
        "t": [
          0.22047347429996877,
          0.45658701124443923,
          0.30386203705197623
        ]
      }
    },
    "image_6": {
      "image_file": "pose_6_image.png",
      "image_stamp_ns": 1769618576325018546,
      "joint_stamp_ns": 1769618576476468189,
      "position": [
        -1.5074655425599595,
        2.004679028187887,
        -2.0679785213866175,
        -1.5708296934710901,
        -2.4348955790149134,
        0.7066601514816284
      ],
      "camera_pose": {
        "parent_frame": "base_link",
        "child_frame": "camera_optical",
        "stamp": {
          "sec": 1769618576,
          "nanosec": 325018546,
          "stamp_ns": 1769618576325018546
        },
        "R": [
          [
            0.999989789148,
            -0.002176271203,
            0.003960485316
          ],
          [
            -0.002151469822,
            -0.999978118268,
            -0.006255730435
          ],
          [
            0.00397401282,
            0.006247145694,
            -0.999972589821
          ]
        ],
        "t": [
          0.21270847931167247,
          0.4073854972133191,
          0.3038955974184913
        ]
      }
    }
  }
}