{
  "note": "Per-image joint positions and camera pose at capture time.",
  "prompt": "red object.",
  "created_at": "2026-01-29T18:38:20.460540",
  "joint_names": [
    "shoulder_lift_joint",
    "elbow_joint",
    "wrist_1_joint",
    "wrist_2_joint",
    "wrist_3_joint",
    "shoulder_pan_joint"
  ],
  "shots": {
    "image_1": {
      "image_file": "pose_1_image.png",
      "image_stamp_ns": 1769708313643639961,
      "joint_stamp_ns": 1769708313806058999,
      "position": [
        -0.9703829449466248,
        1.264320198689596,
        -1.8646050892271937,
        -1.5707905928241175,
        -0.7600954214679163,
        0.8107355833053589
      ],
      "camera_pose": {
        "parent_frame": "base_link",
        "child_frame": "camera_optical",
        "stamp": {
          "sec": 1769708313,
          "nanosec": 643639961,
          "stamp_ns": 1769708313643639961
        },
        "R": [
          [
            -0.002177976931,
            -0.999977964129,
            -0.006271177994
          ],
          [
            -0.999989286779,
            0.002203530379,
            -0.004070722317
          ],
          [
            0.004084451346,
            0.006262244871,
            -0.999972050383
          ]
        ],
        "t": [
          0.396119982300708,
          0.6693849041714289,
          0.30386129998800193
        ]
      }
    },
    "image_2": {
      "image_file": "pose_2_image.png",
      "image_stamp_ns": 1769708316443514461,
      "joint_stamp_ns": 1769708316656107597,
      "position": [
        -1.009520248775818,
        1.3278377691852015,
        -1.8890754185118617,
        -1.570817772542135,
        -1.0523994604693812,
        0.8325548768043518
      ],
      "camera_pose": {
        "parent_frame": "base_link",
        "child_frame": "camera_optical",
        "stamp": {
          "sec": 1769708316,
          "nanosec": 443514461,
          "stamp_ns": 1769708316443514461
        },
        "R": [
          [
            0.306988184399,
            -0.951701474311,
            -0.004749571945
          ],
          [
            -0.951704730978,
            -0.306960379697,
            -0.005781896734
          ],
          [
            0.004044709238,
            0.006295164071,
            -0.999972005226
          ]
        ],
        "t": [
          0.3531781314948432,
          0.6625461227567248,
          0.3038481940553873
        ]
      }
    },
    "image_3": {
      "image_file": "pose_3_image.png",
      "image_stamp_ns": 1769708319443647497,
      "joint_stamp_ns": 1769708319556071535,
      "position": [
        -1.0586401385119935,
        1.4057300726519983,
        -1.917812009850973,
        -1.570770565663473,
        -1.353478733693258,
        0.8456517457962036
      ],
      "camera_pose": {
        "parent_frame": "base_link",
        "child_frame": "camera_optical",
        "stamp": {
          "sec": 1769708319,
          "nanosec": 443647497,
          "stamp_ns": 1769708319443647497
        },
        "R": [
          [
            0.585978975901,
            -0.810321524348,
            -0.002768931383
          ],
          [
            -0.810316170823,
            -0.585951215063,
            -0.006991199439
          ],
          [
            0.004042660678,
            0.006340405763,
            -0.999971727675
          ]
        ],
        "t": [
          0.31437440897468827,
          0.6427646972065757,
          0.30382492273501727
        ]
      }
    },
    "image_4": {
      "image_file": "pose_4_image.png",
      "image_stamp_ns": 1769708322243578197,
      "joint_stamp_ns": 1769708322456061539,
      "position": [
        -1.1133338969996949,
        1.4899357000934046,
        -1.9473277531065882,
        -1.5708215872394007,
        -1.6653264204608362,
        0.8479672074317932
      ],
      "camera_pose": {
        "parent_frame": "base_link",
        "child_frame": "camera_optical",
        "stamp": {
          "sec": 1769708322,
          "nanosec": 243578197,
          "stamp_ns": 1769708322243578197
        },
        "R": [
          [
            0.807799192418,
            -0.58945755248,
            -0.00050848157
          ],
          [
            -0.589444264704,
            -0.807774541927,
            -0.007466473198
          ],
          [
            0.00399043055,
            0.006331132565,
            -0.99997199622
          ]
        ],
        "t": [
          0.28353434063143385,
          0.6120001089063245,
          0.30384572354073097
        ]
      }
    },
    "image_5": {
      "image_file": "pose_5_image.png",
      "image_stamp_ns": 1769708325043609410,
      "joint_stamp_ns": 1769708325306059582,
      "position": [
        -1.1689625543406983,
        1.5727656523333948,
        -1.9744402370848597,
        -1.5707948843585413,
        -1.9894145170794886,
        0.838010847568512
      ],
      "camera_pose": {
        "parent_frame": "base_link",
        "child_frame": "camera_optical",
        "stamp": {
          "sec": 1769708325,
          "nanosec": 43609410,
          "stamp_ns": 1769708325043609410
        },
        "R": [
          [
            0.950458764835,
            -0.310845753352,
            0.001747561694
          ],
          [
            -0.310825806157,
            -0.950438833515,
            -0.007303558937
          ],
          [
            0.003931230778,
            0.006398544334,
            -0.99997180163
          ]
        ],
        "t": [
          0.26372175565263806,
          0.5731767849833543,
          0.3038157170957161
        ]
      }
    },
    "image_6": {
      "image_file": "pose_6_image.png",
      "image_stamp_ns": 1769708328043609755,
      "joint_stamp_ns": 1769708328206076456,
      "position": [
        -1.2203919750503083,
        1.6464417616473597,
        -1.9968191585936488,
        -1.570810619984762,
        -2.3261194864856165,
        0.8154994249343872
      ],
      "camera_pose": {
        "parent_frame": "base_link",
        "child_frame": "camera_optical",
        "stamp": {
          "sec": 1769708328,
          "nanosec": 43609755,
          "stamp_ns": 1769708328043609755
        },
        "R": [
          [
            0.999990405426,
            -0.002030150212,
            0.003881693659
          ],
          [
            -0.002005736518,
            -0.999978250066,
            -0.00628302599
          ],
          [
            0.003894364719,
            0.006275180052,
            -0.999972727647
          ]
        ],
        "t": [
          0.25691352989528643,
          0.5302237190750541,
          0.3038465508201675
        ]
      }
    }
  }
}