{
  "note": "Per-image joint positions and camera pose at capture time.",
  "prompt": "yellow object.",
  "created_at": "2026-01-28T15:05:10.609245",
  "joint_names": [
    "shoulder_lift_joint",
    "elbow_joint",
    "wrist_1_joint",
    "wrist_2_joint",
    "wrist_3_joint",
    "shoulder_pan_joint"
  ],
  "shots": {
    "image_1": {
      "image_file": "pose_1_image.png",
      "image_stamp_ns": 1769609123901071723,
      "joint_stamp_ns": 1769609124068486915,
      "position": [
        -0.6012368959239502,
        0.6095383802997034,
        -1.5791994533934535,
        -1.570817772542135,
        -0.9285624662982386,
        0.6423157453536987
      ],
      "camera_pose": {
        "parent_frame": "base_link",
        "child_frame": "camera_optical",
        "stamp": {
          "sec": 1769609123,
          "nanosec": 901071723,
          "stamp_ns": 1769609123901071723
        },
        "R": [
          [
            -0.002098938391,
            -0.999978965348,
            -0.006137044751
          ],
          [
            -0.999989873827,
            0.002123312637,
            -0.003967844163
          ],
          [
            0.003980791566,
            0.006128654346,
            -0.999973296091
          ]
        ],
        "t": [
          0.5946154386824686,
          0.6705375267816585,
          0.3040019438822084
        ]
      }
    },
    "image_2": {
      "image_file": "pose_2_image.png",
      "image_stamp_ns": 1769609126701078340,
      "joint_stamp_ns": 1769609126918442903,
      "position": [
        -0.6933984321406861,
        0.7818096319781702,
        -1.6590806446471156,
        -1.5707829634295862,
        -1.2248075644122522,
        0.6601384878158569
      ],
      "camera_pose": {
        "parent_frame": "base_link",
        "child_frame": "camera_optical",
        "stamp": {
          "sec": 1769609126,
          "nanosec": 701078340,
          "stamp_ns": 1769609126701078340
        },
        "R": [
          [
            0.30698115944,
            -0.951703385502,
            -0.004820142504
          ],
          [
            -0.951706942573,
            -0.306952839895,
            -0.005818035624
          ],
          [
            0.00405748777,
            0.006373390407,
            -0.999971457937
          ]
        ],
        "t": [
          0.5455184415424443,
          0.6626979087099506,
          0.30376972066982555
        ]
      }
    },
    "image_3": {
      "image_file": "pose_3_image.png",
      "image_stamp_ns": 1769609129501130736,
      "joint_stamp_ns": 1769609129768444269,
      "position": [
        -0.7846383613399048,
        0.9466655890094202,
        -1.7326718769469203,
        -1.5707867781268519,
        -1.5315287748919886,
        0.6676379442214966
      ],
      "camera_pose": {
        "parent_frame": "base_link",
        "child_frame": "camera_optical",
        "stamp": {
          "sec": 1769609129,
          "nanosec": 501130736,
          "stamp_ns": 1769609129501130736
        },
        "R": [
          [
            0.586093404015,
            -0.810238598898,
            -0.002816846809
          ],
          [
            -0.810233645578,
            -0.586065595086,
            -0.00696834488
          ],
          [
            0.003995164991,
            0.00636640503,
            -0.999971753373
          ]
        ],
        "t": [
          0.5011059384584164,
          0.6400895525494297,
          0.3038059459116418
        ]
      }
    },
    "image_4": {
      "image_file": "pose_4_image.png",
      "image_stamp_ns": 1769609132501126670,
      "joint_stamp_ns": 1769609132618444112,
      "position": [
        -0.8705435556224366,
        1.0967133680926722,
        -1.7968689403929652,
        -1.5708254019366663,
        -1.85052997270693,
        0.6627727150917053
      ],
      "camera_pose": {
        "parent_frame": "base_link",
        "child_frame": "camera_optical",
        "stamp": {
          "sec": 1769609132,
          "nanosec": 501126670,
          "stamp_ns": 1769609132501126670
        },
        "R": [
          [
            0.807807731649,
            -0.58944579137,
            -0.000572471825
          ],
          [
            -0.589432609887,
            -0.807782341925,
            -0.00754231238
          ],
          [
            0.003983351658,
            0.006430171817,
            -0.999971392491
          ]
        ],
        "t": [
          0.4658461817453724,
          0.6049106792851134,
          0.30378470929921497
        ]
      }
    },
    "image_5": {
      "image_file": "pose_5_image.png",
      "image_stamp_ns": 1769609135301198623,
      "joint_stamp_ns": 1769609135468435384,
      "position": [
        -0.9467078608325501,
        1.2252543608294886,
        -1.8492537937560023,
        -1.570817772542135,
        -2.182920757924215,
        0.6445717215538025
      ],
      "camera_pose": {
        "parent_frame": "base_link",
        "child_frame": "camera_optical",
        "stamp": {
          "sec": 1769609135,
          "nanosec": 301198623,
          "stamp_ns": 1769609135301198623
        },
        "R": [
          [
            0.950447994098,
            -0.310878541144,
            0.00177289912
          ],
          [
            -0.310858567709,
            -0.950428383594,
            -0.007269012423
          ],
          [
            0.003944793622,
            0.006357697396,
            -0.999972008752
          ]
        ],
        "t": [
          0.44320472677184386,
          0.5605740323444192,
          0.3037989618816895
        ]
      }
    },
    "image_6": {
      "image_file": "pose_6_image.png",
      "image_stamp_ns": 1769609138101150342,
      "joint_stamp_ns": 1769609138368487544,
      "position": [
        -1.0084815186313172,
        1.3261235396014612,
        -1.888374467889303,
        -1.5708296934710901,
        -2.5281384626971644,
        0.6135219931602478
      ],
      "camera_pose": {
        "parent_frame": "base_link",
        "child_frame": "camera_optical",
        "stamp": {
          "sec": 1769609138,
          "nanosec": 101150342,
          "stamp_ns": 1769609138101150342
        },
        "R": [
          [
            0.999989829039,
            -0.002103091102,
            0.003989840428
          ],
          [
            -0.002078079103,
            -0.999978229574,
            -0.006262744309
          ],
          [
            0.004002924689,
            0.006254389407,
            -0.999972429223
          ]
        ],
        "t": [
          0.4354674693009204,
          0.5113453046183719,
          0.3038889491189511
        ]
      }
    }
  }
}