[
  {
    "index": 0,
    "file": "pose_1_image.png",
    "cam_T_world": [
      [
        0.999999972924345,
        -6.394707667565675e-05,
        0.00015161275463083094,
        -0.00010154219782151538
      ],
      [
        6.384527147881185e-05,
        0.9999999428318909,
        0.00033570304132121156,
        -0.00012156377581482818
      ],
      [
        -0.0001516556536760423,
        -0.0003356836636274939,
        0.9999999239216772,
        0.00010782140960443357
      ],
      [
        0.0,
        0.0,
        0.0,
        1.0
      ]
    ],
    "K": [
      [
        469.72589111328125,
        0.0,
        259.0
      ],
      [
        0.0,
        474.0963134765625,
        259.0
      ],
      [
        0.0,
        0.0,
        1.0
      ]
    ],
    "image_size": [
      518,
      518
    ]
  },
  {
    "index": 1,
    "file": "pose_2_image.png",
    "cam_T_world": [
      [
        0.9494385128445528,
        0.26514041399473093,
        0.1693690512725678,
        -0.17774663333169347
      ],
      [
        -0.265391551647217,
        0.963760104546009,
        -0.010606470039213604,
        0.005951864879610947
      ],
      [
        -0.16669807620705845,
        -0.0351043648296746,
        0.9854994950015338,
        -0.008420757458106012
      ],
      [
        0.0,
        0.0,
        0.0,
        1.0
      ]
    ],
    "K": [
      [
        478.5296936035156,
        0.0,
        259.0
      ],
      [
        0.0,
        480.7704772949219,
        259.0
      ],
      [
        0.0,
        0.0,
        1.0
      ]
    ],
    "image_size": [
      518,
      518
    ]
  },
  {
    "index": 2,
    "file": "pose_3_image.png",
    "cam_T_world": [
      [
        0.8065792558039215,
        0.5000041939372502,
        0.3131022592833611,
        -0.3301895106629374
      ],
      [
        -0.502116616852383,
        0.8605148597605969,
        -0.07444136900811546,
        0.0616718347180499
      ],
      [
        -0.30805376175477794,
        -0.09833978189564649,
        0.946255010236373,
        0.04716790491858245
      ],
      [
        0.0,
        0.0,
        0.0,
        1.0
      ]
    ],
    "K": [
      [
        469.72589111328125,
        0.0,
        259.0
      ],
      [
        0.0,
        474.0963134765625,
        259.0
      ],
      [
        0.0,
        0.0,
        1.0
      ]
    ],
    "image_size": [
      518,
      518
    ]
  },
  {
    "index": 3,
    "file": "pose_4_image.png",
    "cam_T_world": [
      [
        0.5889814027007827,
        0.6885432514410371,
        0.4256039764404255,
        -0.4392391572383518
      ],
      [
        -0.6896400811898882,
        0.7019600892094872,
        -0.17436571404781118,
        0.1500760299205239
      ],
      [
        -0.41887484091383953,
        -0.19228906371079138,
        0.8873338502707937,
        0.13663354512178777
      ],
      [
        0.0,
        0.0,
        0.0,
        1.0
      ]
    ],
    "K": [
      [
        461.1679992675781,
        0.0,
        259.0
      ],
      [
        0.0,
        461.1679992675781,
        259.0
      ],
      [
        0.0,
        0.0,
        1.0
      ]
    ],
    "image_size": [
      518,
      518
    ]
  },
  {
    "index": 4,
    "file": "pose_5_image.png",
    "cam_T_world": [
      [
        0.30773001142665113,
        0.8117536788034814,
        0.4870194747318127,
        -0.5168768562240085
      ],
      [
        -0.8179293789105619,
        0.4895788304825807,
        -0.29961289880783626,
        0.2786457324934086
      ],
      [
        -0.48445525423059066,
        -0.30842175000728633,
        0.8190740375979536,
        0.1979049046223977
      ],
      [
        0.0,
        0.0,
        0.0,
        1.0
      ]
    ],
    "K": [
      [
        461.1679992675781,
        0.0,
        259.0
      ],
      [
        0.0,
        465.41693115234375,
        259.0
      ],
      [
        0.0,
        0.0,
        1.0
      ]
    ],
    "image_size": [
      518,
      518
    ]
  },
  {
    "index": 5,
    "file": "pose_6_image.png",
    "cam_T_world": [
      [
        0.0029120303887970387,
        0.8542927174640601,
        0.5208753910931284,
        -0.5660065546090055
      ],
      [
        -0.8654475999591128,
        0.26511204293610885,
        -0.4312015248863754,
        0.4145568543181885
      ],
      [
        -0.5047579395783713,
        -0.44872679583728664,
        0.7374568192749061,
        0.2695071940657707
      ],
      [
        0.0,
        0.0,
        0.0,
        1.0
      ]
    ],
    "K": [
      [
        465.41693115234375,
        0.0,
        259.0
      ],
      [
        0.0,
        474.0963134765625,
        259.0
      ],
      [
        0.0,
        0.0,
        1.0
      ]
    ],
    "image_size": [
      518,
      518
    ]
  }
]