[
  {
    "index": 0,
    "file": "pose_1_image.png",
    "cam_T_world": [
      [
        0.9999999957999536,
        -3.5275891158973984e-05,
        -5.436596229885311e-05,
        3.4083561627563445e-05
      ],
      [
        3.5296005543025405e-05,
        0.9999999645251605,
        0.00018501089214855687,
        -0.0001372763727940727
      ],
      [
        5.435290559341622e-05,
        -0.00018501472839706153,
        0.9999999628153105,
        0.0002785001510423039
      ],
      [
        0.0,
        0.0,
        0.0,
        1.0
      ]
    ],
    "K": [
      [
        448.7682800292969,
        0.0,
        259.0
      ],
      [
        0.0,
        448.7682800292969,
        259.0
      ],
      [
        0.0,
        0.0,
        1.0
      ]
    ],
    "image_size": [
      518,
      518
    ]
  },
  {
    "index": 1,
    "file": "pose_2_image.png",
    "cam_T_world": [
      [
        0.9527836796672463,
        0.265084667186996,
        0.14845760921767046,
        -0.1676003985845481
      ],
      [
        -0.2662110277740151,
        0.9641014275475298,
        -0.016367104516110564,
        0.008725706395288647
      ],
      [
        -0.1483950008593612,
        -0.023861669031048867,
        0.9887152128668002,
        -0.018736005582109524
      ],
      [
        0.0,
        0.0,
        0.0,
        1.0
      ]
    ],
    "K": [
      [
        461.1679992675781,
        0.0,
        259.0
      ],
      [
        0.0,
        465.41693115234375,
        259.0
      ],
      [
        0.0,
        0.0,
        1.0
      ]
    ],
    "image_size": [
      518,
      518
    ]
  },
  {
    "index": 2,
    "file": "pose_3_image.png",
    "cam_T_world": [
      [
        0.8130991002900798,
        0.5071300008313483,
        0.28522431492209327,
        -0.32873534547662175
      ],
      [
        -0.505443497474771,
        0.8585602853109369,
        -0.08198695634237357,
        0.06992720646046628
      ],
      [
        -0.288204574297461,
        -0.07719816971312207,
        0.9547687970224212,
        0.01321897232845651
      ],
      [
        0.0,
        0.0,
        0.0,
        1.0
      ]
    ],
    "K": [
      [
        465.41693115234375,
        0.0,
        259.0
      ],
      [
        0.0,
        465.41693115234375,
        259.0
      ],
      [
        0.0,
        0.0,
        1.0
      ]
    ],
    "image_size": [
      518,
      518
    ]
  },
  {
    "index": 3,
    "file": "pose_4_image.png",
    "cam_T_world": [
      [
        0.5896087184868399,
        0.7014255589984759,
        0.3987327972370637,
        -0.46130329058775704
      ],
      [
        -0.6991447508400841,
        0.6915294752758192,
        -0.18770377401092297,
        0.18114194194184316
      ],
      [
        -0.4085076287556522,
        -0.16733308127149593,
        0.897331486896725,
        0.06902366580921045
      ],
      [
        0.0,
        0.0,
        0.0,
        1.0
      ]
    ],
    "K": [
      [
        469.72589111328125,
        0.0,
        259.0
      ],
      [
        0.0,
        469.72589111328125,
        259.0
      ],
      [
        0.0,
        0.0,
        1.0
      ]
    ],
    "image_size": [
      518,
      518
    ]
  },
  {
    "index": 4,
    "file": "pose_5_image.png",
    "cam_T_world": [
      [
        0.317447203880146,
        0.8264558317847847,
        0.45922608254398334,
        -0.5106114980873626
      ],
      [
        -0.8159106300518641,
        0.4840768982770421,
        -0.3136077512372781,
        0.3024775951200243
      ],
      [
        -0.48153889412312084,
        -0.275519108590615,
        0.8313616270756662,
        0.19611239227097288
      ],
      [
        0.0,
        0.0,
        0.0,
        1.0
      ]
    ],
    "K": [
      [
        440.77801513671875,
        0.0,
        259.0
      ],
      [
        0.0,
        440.77801513671875,
        259.0
      ],
      [
        0.0,
        0.0,
        1.0
      ]
    ],
    "image_size": [
      518,
      518
    ]
  },
  {
    "index": 5,
    "file": "pose_6_image.png",
    "cam_T_world": [
      [
        0.018072800323862857,
        0.8835717482264039,
        0.474379634828692,
        -0.5430390568067893
      ],
      [
        -0.8698035777593914,
        0.24952923553630862,
        -0.43261768159662684,
        0.4356360674357987
      ],
      [
        -0.5017808143810021,
        -0.40237733442591944,
        0.76664266091891,
        0.2705208650852019
      ],
      [
        0.0,
        0.0,
        0.0,
        1.0
      ]
    ],
    "K": [
      [
        432.9974365234375,
        0.0,
        259.0
      ],
      [
        0.0,
        436.8620910644531,
        259.0
      ],
      [
        0.0,
        0.0,
        1.0
      ]
    ],
    "image_size": [
      518,
      518
    ]
  }
]