{
  "note": "Per-image joint positions and camera pose at capture time.",
  "prompt": "blue object.",
  "created_at": "2026-01-28T15:35:06.996066",
  "joint_names": [
    "shoulder_lift_joint",
    "elbow_joint",
    "wrist_1_joint",
    "wrist_2_joint",
    "wrist_3_joint",
    "shoulder_pan_joint"
  ],
  "shots": {
    "image_1": {
      "image_file": "pose_1_image.png",
      "image_stamp_ns": 1769610920516285231,
      "joint_stamp_ns": 1769610920728486061,
      "position": [
        -1.1471119684031983,
        1.5404875914203089,
        -1.9641286335387171,
        -1.570756737385885,
        -0.7917440573321741,
        0.7790510654449463
      ],
      "camera_pose": {
        "parent_frame": "base_link",
        "child_frame": "camera_optical",
        "stamp": {
          "sec": 1769610920,
          "nanosec": 516285231,
          "stamp_ns": 1769610920516285231
        },
        "R": [
          [
            -0.002187614723,
            -0.999978072541,
            -0.006250502222
          ],
          [
            -0.999989337182,
            0.002212974332,
            -0.004053179896
          ],
          [
            0.004066923221,
            0.006241568778,
            -0.999972251092
          ]
        ],
        "t": [
          0.359372173254912,
          0.6013500681589905,
          0.3039203711748048
        ]
      }
    },
    "image_2": {
      "image_file": "pose_2_image.png",
      "image_stamp_ns": 1769610923516161727,
      "joint_stamp_ns": 1769610923628486016,
      "position": [
        -1.1928919118693848,
        1.607380215321676,
        -1.985213419000143,
        -1.5708211104022425,
        -1.0762155691729944,
        0.8087114095687866
      ],
      "camera_pose": {
        "parent_frame": "base_link",
        "child_frame": "camera_optical",
        "stamp": {
          "sec": 1769610923,
          "nanosec": 516161727,
          "stamp_ns": 1769610923516161727
        },
        "R": [
          [
            0.306938114691,
            -0.95171757207,
            -0.004759912116
          ],
          [
            -0.951720733607,
            -0.306910021183,
            -0.005821006821
          ],
          [
            0.004079089751,
            0.00631679591,
            -0.999971729158
          ]
        ],
        "t": [
          0.3102493014647546,
          0.5935741752470757,
          0.30384678150903544
        ]
      }
    },
    "image_3": {
      "image_file": "pose_3_image.png",
      "image_stamp_ns": 1769610926316188635,
      "joint_stamp_ns": 1769610926478441444,
      "position": [
        -1.2510955196670075,
        1.6892436186419886,
        -2.0088712177672328,
        -1.570824925099508,
        -1.3727124373065394,
        0.8264065980911255
      ],
      "camera_pose": {
        "parent_frame": "base_link",
        "child_frame": "camera_optical",
        "stamp": {
          "sec": 1769610926,
          "nanosec": 316188635,
          "stamp_ns": 1769610926316188635
        },
        "R": [
          [
            0.585990772597,
            -0.810312991052,
            -0.002769650649
          ],
          [
            -0.810307568963,
            -0.585962893539,
            -0.007009356454
          ],
          [
            0.004056860085,
            0.006351687088,
            -0.999971598575
          ]
        ],
        "t": [
          0.265909645511854,
          0.5709539741771391,
          0.30382690096134857
        ]
      }
    },
    "image_4": {
      "image_file": "pose_4_image.png",
      "image_stamp_ns": 1769610929116218928,
      "joint_stamp_ns": 1769610929378442379,
      "position": [
        -1.3175611656955262,
        1.7783048788653772,
        -2.031485219995016,
        -1.5707796255694788,
        -1.6845739523517054,
        0.8286668062210083
      ],
      "camera_pose": {
        "parent_frame": "base_link",
        "child_frame": "camera_optical",
        "stamp": {
          "sec": 1769610929,
          "nanosec": 116218928,
          "stamp_ns": 1769610929116218928
        },
        "R": [
          [
            0.807847806646,
            -0.589390936689,
            -0.000495022473
          ],
          [
            -0.589377393959,
            -0.807822937364,
            -0.007509284798
          ],
          [
            0.004026013893,
            0.006358114308,
            -0.999971682396
          ]
        ],
        "t": [
          0.23061933337684465,
          0.5357284834854235,
          0.30386786487306816
        ]
      }
    },
    "image_5": {
      "image_file": "pose_5_image.png",
      "image_stamp_ns": 1769610932116225019,
      "joint_stamp_ns": 1769610932228440227,
      "position": [
        -1.3873509925654908,
        1.8664324919330042,
        -2.0498186550536097,
        -1.57080585161318,
        -2.014620606099264,
        0.8128077983856201
      ],
      "camera_pose": {
        "parent_frame": "base_link",
        "child_frame": "camera_optical",
        "stamp": {
          "sec": 1769610932,
          "nanosec": 116225019,
          "stamp_ns": 1769610932116225019
        },
        "R": [
          [
            0.950409916054,
            -0.310994472866,
            0.001851840484
          ],
          [
            -0.310974164801,
            -0.95039088763,
            -0.007227000463
          ],
          [
            0.004007529521,
            0.006292738356,
            -0.999972170188
          ]
        ],
        "t": [
          0.20799905044201394,
          0.49139576385497763,
          0.3038753788142654
        ]
      }
    },
    "image_6": {
      "image_file": "pose_6_image.png",
      "image_stamp_ns": 1769610934916281182,
      "joint_stamp_ns": 1769610935078447679,
      "position": [
        -1.4539926585606118,
        1.9453371206866663,
        -2.0620604954161585,
        -1.57080585161318,
        -2.364363972340719,
        0.7772127985954285
      ],
      "camera_pose": {
        "parent_frame": "base_link",
        "child_frame": "camera_optical",
        "stamp": {
          "sec": 1769610934,
          "nanosec": 916281182,
          "stamp_ns": 1769610934916281182
        },
        "R": [
          [
            0.999990145226,
            -0.002112952187,
            0.003904469818
          ],
          [
            -0.002088339178,
            -0.99997799204,
            -0.006297164055
          ],
          [
            0.003917689495,
            0.00628894814,
            -0.999972550043
          ]
        ],
        "t": [
          0.20021180657620646,
          0.44217488089356916,
          0.30387130559513365
        ]
      }
    }
  }
}