{
  "note": "Per-image joint positions and camera pose at capture time.",
  "prompt": "orange square.",
  "created_at": "2026-01-28T17:05:04.866843",
  "joint_names": [
    "shoulder_lift_joint",
    "elbow_joint",
    "wrist_1_joint",
    "wrist_2_joint",
    "wrist_3_joint",
    "shoulder_pan_joint"
  ],
  "shots": {
    "image_1": {
      "image_file": "pose_1_image.png",
      "image_stamp_ns": 1769616324418618242,
      "joint_stamp_ns": 1769616324636444448,
      "position": [
        -1.18203421056781,
        1.5916464964496058,
        -1.9804049930968226,
        -1.5707796255694788,
        -0.7639392058001917,
        0.8068907260894775
      ],
      "camera_pose": {
        "parent_frame": "base_link",
        "child_frame": "camera_optical",
        "stamp": {
          "sec": 1769616324,
          "nanosec": 418618242,
          "stamp_ns": 1769616324418618242
        },
        "R": [
          [
            -0.002186314787,
            -0.999978164833,
            -0.006236175466
          ],
          [
            -0.999989358643,
            0.002211587837,
            -0.004048639335
          ],
          [
            0.004062342782,
            0.006227257505,
            -0.999972358936
          ]
        ],
        "t": [
          0.33298605237921625,
          0.5994938048407494,
          0.30391235783858245
        ]
      }
    },
    "image_2": {
      "image_file": "pose_2_image.png",
      "image_stamp_ns": 1769616327218610967,
      "joint_stamp_ns": 1769616327486433992,
      "position": [
        -1.225900576715805,
        1.6542275587665003,
        -1.9990765057005824,
        -1.570817772542135,
        -1.0464156309710901,
        0.8385128974914551
      ],
      "camera_pose": {
        "parent_frame": "base_link",
        "child_frame": "camera_optical",
        "stamp": {
          "sec": 1769616327,
          "nanosec": 218610967,
          "stamp_ns": 1769616327218610967
        },
        "R": [
          [
            0.307020102833,
            -0.951691357522,
            -0.004713435461
          ],
          [
            -0.951694409007,
            -0.306992476655,
            -0.005776776137
          ],
          [
            0.004050718699,
            0.006259336579,
            -0.999972205806
          ]
        ],
        "t": [
          0.28383059472161926,
          0.5917047699607817,
          0.30389121882695724
        ]
      }
    },
    "image_3": {
      "image_file": "pose_3_image.png",
      "image_stamp_ns": 1769616330218647175,
      "joint_stamp_ns": 1769616330336480850,
      "position": [
        -1.2827087205699463,
        1.7322214285479944,
        -2.020217081109518,
        -1.5708139578448694,
        -1.3409622351275843,
        0.8581522107124329
      ],
      "camera_pose": {
        "parent_frame": "base_link",
        "child_frame": "camera_optical",
        "stamp": {
          "sec": 1769616330,
          "nanosec": 218647175,
          "stamp_ns": 1769616330218647175
        },
        "R": [
          [
            0.586022389678,
            -0.810290226489,
            -0.00274000964
          ],
          [
            -0.81028458532,
            -0.585994580844,
            -0.007017265412
          ],
          [
            0.00408039078,
            0.006332462221,
            -0.999971624764
          ]
        ],
        "t": [
          0.2394750963301796,
          0.5690969567734157,
          0.30384785805419684
        ]
      }
    },
    "image_4": {
      "image_file": "pose_4_image.png",
      "image_stamp_ns": 1769616333018698506,
      "joint_stamp_ns": 1769616333236486841,
      "position": [
        -1.3487362575582047,
        1.818310562764303,
        -2.040354391137594,
        -1.5707867781268519,
        -1.6509421507464808,
        0.8623373508453369
      ],
      "camera_pose": {
        "parent_frame": "base_link",
        "child_frame": "camera_optical",
        "stamp": {
          "sec": 1769616333,
          "nanosec": 18698506,
          "stamp_ns": 1769616333018698506
        },
        "R": [
          [
            0.80776989926,
            -0.589497667635,
            -0.000538241047
          ],
          [
            -0.589484232644,
            -0.807744595901,
            -0.007550315031
          ],
          [
            0.004016131804,
            0.006416201822,
            -0.999971351109
          ]
        ],
        "t": [
          0.20425419871689565,
          0.5338772209864882,
          0.3038313131812246
        ]
      }
    },
    "image_5": {
      "image_file": "pose_5_image.png",
      "image_stamp_ns": 1769616335818718592,
      "joint_stamp_ns": 1769616336086484285,
      "position": [
        -1.419133023624756,
        1.9047144095050257,
        -2.056357046166891,
        -1.570817772542135,
        -1.9794629255877894,
        0.8479875326156616
      ],
      "camera_pose": {
        "parent_frame": "base_link",
        "child_frame": "camera_optical",
        "stamp": {
          "sec": 1769616335,
          "nanosec": 818718592,
          "stamp_ns": 1769616335818718592
        },
        "R": [
          [
            0.950441988593,
            -0.310896923942,
            0.001768898718
          ],
          [
            -0.310877014227,
            -0.950422425061,
            -0.007259198694
          ],
          [
            0.003938063553,
            0.006349537291,
            -0.999972087126
          ]
        ],
        "t": [
          0.1815706419742253,
          0.4895094624179164,
          0.3038687098991048
        ]
      }
    },
    "image_6": {
      "image_file": "pose_6_image.png",
      "image_stamp_ns": 1769616338818768568,
      "joint_stamp_ns": 1769616338936491972,
      "position": [
        -1.487721548681595,
        1.9831302801715296,
        -2.066174169579977,
        -1.5707796255694788,
        -2.328394953404562,
        0.8132270574569702
      ],
      "camera_pose": {
        "parent_frame": "base_link",
        "child_frame": "camera_optical",
        "stamp": {
          "sec": 1769616338,
          "nanosec": 818768568,
          "stamp_ns": 1769616338818768568
        },
        "R": [
          [
            0.999990005508,
            -0.002092826725,
            0.003950817625
          ],
          [
            -0.002067982128,
            -0.999978128997,
            -0.006282115743
          ],
          [
            0.003963878596,
            0.006273882737,
            -0.999972462652
          ]
        ],
        "t": [
          0.17381904868461157,
          0.44032361981733376,
          0.30388060252194676
        ]
      }
    }
  }
}