{
  "note": "Per-image joint positions and camera pose at capture time.",
  "prompt": "a orange circle.",
  "created_at": "2026-01-22T15:06:09.693519",
  "joint_names": [
    "shoulder_lift_joint",
    "elbow_joint",
    "wrist_1_joint",
    "wrist_2_joint",
    "wrist_3_joint",
    "shoulder_pan_joint"
  ],
  "shots": {
    "image_1": {
      "image_file": "pose_1_image.png",
      "image_stamp_ns": 1769090783098183546,
      "joint_stamp_ns": 1769090783283610523,
      "position": [
        -1.018564299946167,
        1.342203442250387,
        -1.8944174251952113,
        -1.5708215872394007,
        -0.8991521040545862,
        0.671650767326355
      ],
      "camera_pose": {
        "parent_frame": "base_link",
        "child_frame": "camera_optical",
        "stamp": {
          "sec": 1769090783,
          "nanosec": 98183546,
          "stamp_ns": 1769090783098183546
        },
        "R": [
          [
            -0.002197446367,
            -0.999978018947,
            -0.006255625713
          ],
          [
            -0.999989359959,
            0.002222758283,
            -0.004042191672
          ],
          [
            0.004056007564,
            0.006246676653,
            -0.999972263532
          ]
        ],
        "t": [
          0.4606633960684776,
          0.5956907770973291,
          0.30391594104826525
        ]
      }
    },
    "image_2": {
      "image_file": "pose_2_image.png",
      "image_stamp_ns": 1769090785898206680,
      "joint_stamp_ns": 1769090786133608777,
      "position": [
        -1.0726297360709687,
        1.4275715986834925,
        -1.925655027429098,
        -1.5708263556109827,
        -1.1902573744403284,
        0.6946845054626465
      ],
      "camera_pose": {
        "parent_frame": "base_link",
        "child_frame": "camera_optical",
        "stamp": {
          "sec": 1769090785,
          "nanosec": 898206680,
          "stamp_ns": 1769090785898206680
        },
        "R": [
          [
            0.307102827893,
            -0.951664603051,
            -0.004726140006
          ],
          [
            -0.951667766665,
            -0.307075197274,
            -0.005769324876
          ],
          [
            0.004039181893,
            0.006269491089,
            -0.999972188859
          ]
        ],
        "t": [
          0.41152695655739535,
          0.5878988996713485,
          0.3038615194702777
        ]
      }
    },
    "image_3": {
      "image_file": "pose_3_image.png",
      "image_stamp_ns": 1769090788898234194,
      "joint_stamp_ns": 1769090788979610928,
      "position": [
        -1.1366090339473267,
        1.5249775091754358,
        -1.9590803585448207,
        -1.5707905928241175,
        -1.4935691992389124,
        0.7055094242095947
      ],
      "camera_pose": {
        "parent_frame": "base_link",
        "child_frame": "camera_optical",
        "stamp": {
          "sec": 1769090788,
          "nanosec": 898234194,
          "stamp_ns": 1769090788898234194
        },
        "R": [
          [
            0.586020131568,
            -0.810291673971,
            -0.002794367516
          ],
          [
            -0.810286665475,
            -0.585992556123,
            -0.006945784452
          ],
          [
            0.003990632747,
            0.006334608255,
            -0.999971973402
          ]
        ],
        "t": [
          0.3671403895202978,
          0.565299399518879,
          0.30384199536339784
        ]
      }
    },
    "image_4": {
      "image_file": "pose_4_image.png",
      "image_stamp_ns": 1769090791698241370,
      "joint_stamp_ns": 1769090791833608944,
      "position": [
        -1.2052502495101471,
        1.6251018683062952,
        -1.99054016689443,
        -1.5707357565509241,
        -1.8118584791766565,
        0.7014455795288086
      ],
      "camera_pose": {
        "parent_frame": "base_link",
        "child_frame": "camera_optical",
        "stamp": {
          "sec": 1769090791,
          "nanosec": 698241370,
          "stamp_ns": 1769090791698241370
        },
        "R": [
          [
            0.8077937101,
            -0.589465012762,
            -0.0005662611
          ],
          [
            -0.589451946342,
            -0.807768596249,
            -0.007503190523
          ],
          [
            0.003965460363,
            0.006394813818,
            -0.999971690339
          ]
        ],
        "t": [
          0.3318647867741712,
          0.5300924829061869,
          0.30381460842817676
        ]
      }
    },
    "image_5": {
      "image_file": "pose_5_image.png",
      "image_stamp_ns": 1769090794498282292,
      "joint_stamp_ns": 1769090794683605287,
      "position": [
        -1.2729181808284302,
        1.7190468947040003,
        -2.0168305836119593,
        -1.5707481543170374,
        -2.146942440663473,
        0.6805391311645508
      ],
      "camera_pose": {
        "parent_frame": "base_link",
        "child_frame": "camera_optical",
        "stamp": {
          "sec": 1769090794,
          "nanosec": 498282292,
          "stamp_ns": 1769090794498282292
        },
        "R": [
          [
            0.950435257902,
            -0.310917366178,
            0.001792190348
          ],
          [
            -0.310897464184,
            -0.950416036171,
            -0.007219761275
          ],
          [
            0.003948075606,
            0.006304728235,
            -0.999972331168
          ]
        ],
        "t": [
          0.30923866795624144,
          0.4857282380716965,
          0.30386201299355164
        ]
      }
    },
    "image_6": {
      "image_file": "pose_6_image.png",
      "image_stamp_ns": 1769090797498288434,
      "joint_stamp_ns": 1769090797579615908,
      "position": [
        -1.3328879487565537,
        1.7981551329242151,
        -2.036001821557516,
        -1.5707758108722132,
        -2.498997751866476,
        0.6426319479942322
      ],
      "camera_pose": {
        "parent_frame": "base_link",
        "child_frame": "camera_optical",
        "stamp": {
          "sec": 1769090797,
          "nanosec": 498288434,
          "stamp_ns": 1769090797498288434
        },
        "R": [
          [
            0.999989973507,
            -0.002121053679,
            0.003943858077
          ],
          [
            -0.002096243781,
            -0.999978056451,
            -0.006284296114
          ],
          [
            0.003957100864,
            0.006275965816,
            -0.999972476424
          ]
        ],
        "t": [
          0.3015031825045974,
          0.43654251850201015,
          0.30387264829007343
        ]
      }
    }
  }
}