[
  {
    "index": 0,
    "file": "pose_1_image.png",
    "cam_T_world": [
      [
        0.9999999759511417,
        0.000123024501583967,
        9.441308043315785e-05,
        -8.297204842316048e-05
      ],
      [
        -0.00012302346612427396,
        0.9999999848350288,
        -5.4952423438527296e-06,
        -0.0001525786348973831
      ],
      [
        -9.441442966851544e-05,
        5.4720120307394065e-06,
        0.9999999910559726,
        0.00017357572260441137
      ],
      [
        0.0,
        0.0,
        0.0,
        1.0
      ]
    ],
    "K": [
      [
        469.72589111328125,
        0.0,
        259.0
      ],
      [
        0.0,
        474.0963134765625,
        259.0
      ],
      [
        0.0,
        0.0,
        1.0
      ]
    ],
    "image_size": [
      518,
      518
    ]
  },
  {
    "index": 1,
    "file": "pose_2_image.png",
    "cam_T_world": [
      [
        0.9518878502977856,
        0.2663623808326618,
        0.15479489356681264,
        -0.17062882775167443
      ],
      [
        -0.26473084655156937,
        0.964097057575489,
        -0.02612826551311365,
        0.019100816979968894
      ],
      [
        -0.15563356913777,
        -0.015859749060066233,
        0.987675875469138,
        -0.008702522560367227
      ],
      [
        0.0,
        0.0,
        0.0,
        1.0
      ]
    ],
    "K": [
      [
        480.7704772949219,
        0.0,
        259.0
      ],
      [
        0.0,
        480.7704772949219,
        259.0
      ],
      [
        0.0,
        0.0,
        1.0
      ]
    ],
    "image_size": [
      518,
      518
    ]
  },
  {
    "index": 2,
    "file": "pose_3_image.png",
    "cam_T_world": [
      [
        0.8087761682360898,
        0.5018998152331301,
        0.3060444431181821,
        -0.34542482710508593
      ],
      [
        -0.5003957795450972,
        0.8613071177319219,
        -0.0870981636079096,
        0.0780500350508164
      ],
      [
        -0.3084968835890654,
        -0.08313868639417604,
        0.9477029512191899,
        0.018253253550242644
      ],
      [
        0.0,
        0.0,
        0.0,
        1.0
      ]
    ],
    "K": [
      [
        487.5914306640625,
        0.0,
        259.0
      ],
      [
        0.0,
        487.5914306640625,
        259.0
      ],
      [
        0.0,
        0.0,
        1.0
      ]
    ],
    "image_size": [
      518,
      518
    ]
  },
  {
    "index": 3,
    "file": "pose_4_image.png",
    "cam_T_world": [
      [
        0.5832400659244812,
        0.6916652692581752,
        0.42349326902490025,
        -0.4767429747081033
      ],
      [
        -0.6916652692581751,
        0.6955584505441592,
        -0.18532231331787788,
        0.1771804041104579
      ],
      [
        -0.4234932690249003,
        -0.18532231331787782,
        0.887191879649142,
        0.08979225776053278
      ],
      [
        0.0,
        0.0,
        0.0,
        1.0
      ]
    ],
    "K": [
      [
        487.5914306640625,
        0.0,
        259.0
      ],
      [
        0.0,
        487.5914306640625,
        259.0
      ],
      [
        0.0,
        0.0,
        1.0
      ]
    ],
    "image_size": [
      518,
      518
    ]
  },
  {
    "index": 4,
    "file": "pose_5_image.png",
    "cam_T_world": [
      [
        0.3051364815594165,
        0.8154670783763339,
        0.4907845378314134,
        -0.5631167389064874
      ],
      [
        -0.8123510585926188,
        0.4886195542387086,
        -0.31044361539053034,
        0.31411534097683863
      ],
      [
        -0.4920530484367586,
        -0.3060743326374672,
        0.814557548179427,
        0.16948304103020762
      ],
      [
        0.0,
        0.0,
        0.0,
        1.0
      ]
    ],
    "K": [
      [
        489.89862060546875,
        0.0,
        259.0
      ],
      [
        0.0,
        492.2229309082031,
        259.0
      ],
      [
        0.0,
        0.0,
        1.0
      ]
    ],
    "image_size": [
      518,
      518
    ]
  },
  {
    "index": 5,
    "file": "pose_6_image.png",
    "cam_T_world": [
      [
        0.003712882533783836,
        0.8676576078384336,
        0.5029496056974124,
        -0.5832619825860074
      ],
      [
        -0.8557429142112833,
        0.2625462955222994,
        -0.44621184854902474,
        0.4655608442274787
      ],
      [
        -0.5186272783030148,
        -0.426930526217758,
        0.74079119756007,
        0.26051982196283224
      ],
      [
        0.0,
        0.0,
        0.0,
        1.0
      ]
    ],
    "K": [
      [
        478.5296936035156,
        0.0,
        259.0
      ],
      [
        0.0,
        480.7704772949219,
        259.0
      ],
      [
        0.0,
        0.0,
        1.0
      ]
    ],
    "image_size": [
      518,
      518
    ]
  }
]