[
  {
    "index": 0,
    "file": "pose_1_image.png",
    "cam_T_world": [
      [
        0.9999999988967819,
        -7.815561149774452e-05,
        0.00023366550086418385,
        -7.527404822451977e-05
      ],
      [
        7.824697024239035e-05,
        0.9999999556630444,
        -0.00019548495542623943,
        -0.00014596392061818104
      ],
      [
        -0.00023363492365169013,
        0.00019552149892409777,
        0.9999999667907089,
        0.0002345929471971011
      ],
      [
        0.0,
        0.0,
        0.0,
        1.0
      ]
    ],
    "K": [
      [
        483.0275573730469,
        0.0,
        259.0
      ],
      [
        0.0,
        485.3011169433594,
        259.0
      ],
      [
        0.0,
        0.0,
        1.0
      ]
    ],
    "image_size": [
      518,
      518
    ]
  },
  {
    "index": 1,
    "file": "pose_2_image.png",
    "cam_T_world": [
      [
        0.9517073676140644,
        0.2652500293210571,
        0.15722674331989614,
        -0.16858996554798295
      ],
      [
        -0.26183212827819,
        0.9645947760345773,
        -0.031718124465052115,
        0.024445440040319455
      ],
      [
        -0.1609363814762494,
        -0.011010212477348742,
        0.9870093619549068,
        0.02558263042973468
      ],
      [
        0.0,
        0.0,
        0.0,
        1.0
      ]
    ],
    "K": [
      [
        474.0963134765625,
        0.0,
        259.0
      ],
      [
        0.0,
        476.3050537109375,
        259.0
      ],
      [
        0.0,
        0.0,
        1.0
      ]
    ],
    "image_size": [
      518,
      518
    ]
  },
  {
    "index": 2,
    "file": "pose_3_image.png",
    "cam_T_world": [
      [
        0.8095857955289996,
        0.5024850769522734,
        0.30491133854641844,
        -0.3408903404505529
      ],
      [
        -0.49889020087374514,
        0.8620952331041628,
        -0.09291142167380856,
        0.08401196455049059
      ],
      [
        -0.31003381574589933,
        -0.07687498121687765,
        0.9475880576905131,
        0.03981419471112329
      ],
      [
        0.0,
        0.0,
        0.0,
        1.0
      ]
    ],
    "K": [
      [
        485.3011169433594,
        0.0,
        259.0
      ],
      [
        0.0,
        489.89862060546875,
        259.0
      ],
      [
        0.0,
        0.0,
        1.0
      ]
    ],
    "image_size": [
      518,
      518
    ]
  },
  {
    "index": 3,
    "file": "pose_4_image.png",
    "cam_T_world": [
      [
        0.5848715011257396,
        0.6967641863934345,
        0.4159383286229528,
        -0.46503734411252595
      ],
      [
        -0.693175393981199,
        0.6967558082263813,
        -0.19597213159815768,
        0.18666511140230932
      ],
      [
        -0.4269539803607509,
        -0.17452394248137976,
        0.887330168214462,
        0.11217131237100407
      ],
      [
        0.0,
        0.0,
        0.0,
        1.0
      ]
    ],
    "K": [
      [
        485.3011169433594,
        0.0,
        259.0
      ],
      [
        0.0,
        487.5914306640625,
        259.0
      ],
      [
        0.0,
        0.0,
        1.0
      ]
    ],
    "image_size": [
      518,
      518
    ]
  },
  {
    "index": 4,
    "file": "pose_5_image.png",
    "cam_T_world": [
      [
        0.3099860638397146,
        0.8224632495555758,
        0.4750564517690009,
        -0.5223866672842346
      ],
      [
        -0.8108911060127405,
        0.4871154702296641,
        -0.31540208019421917,
        0.304015563720427
      ],
      [
        -0.4922014487571943,
        -0.29031216189627956,
        0.8213691410922831,
        0.22292421741092905
      ],
      [
        0.0,
        0.0,
        0.0,
        1.0
      ]
    ],
    "K": [
      [
        465.41693115234375,
        0.0,
        259.0
      ],
      [
        0.0,
        465.41693115234375,
        259.0
      ],
      [
        0.0,
        0.0,
        1.0
      ]
    ],
    "image_size": [
      518,
      518
    ]
  },
  {
    "index": 5,
    "file": "pose_6_image.png",
    "cam_T_world": [
      [
        0.00883804989058987,
        0.8672256089585083,
        0.5006858842518251,
        -0.5430476497169738
      ],
      [
        -0.8563030849388814,
        0.2637836259694896,
        -0.44366335988981703,
        0.4264910385052846
      ],
      [
        -0.5167747253337901,
        -0.426076659734975,
        0.7427544449344015,
        0.3296463468741374
      ],
      [
        0.0,
        0.0,
        0.0,
        1.0
      ]
    ],
    "K": [
      [
        444.746337890625,
        0.0,
        259.0
      ],
      [
        0.0,
        452.84503173828125,
        259.0
      ],
      [
        0.0,
        0.0,
        1.0
      ]
    ],
    "image_size": [
      518,
      518
    ]
  }
]