{
  "note": "Per-image joint positions and camera pose at capture time.",
  "prompt": "blue object .",
  "created_at": "2026-01-22T14:51:09.030343",
  "joint_names": [
    "shoulder_lift_joint",
    "elbow_joint",
    "wrist_1_joint",
    "wrist_2_joint",
    "wrist_3_joint",
    "shoulder_pan_joint"
  ],
  "shots": {
    "image_1": {
      "image_file": "pose_1_image.png",
      "image_stamp_ns": 1769089882491864996,
      "joint_stamp_ns": 1769089882681608961,
      "position": [
        -1.0463588398746033,
        1.3863242308246058,
        -1.910757680932516,
        -1.5708144346820276,
        -1.1009185949908655,
        0.469854474067688
      ],
      "camera_pose": {
        "parent_frame": "base_link",
        "child_frame": "camera_optical",
        "stamp": {
          "sec": 1769089882,
          "nanosec": 491864996,
          "stamp_ns": 1769089882491864996
        },
        "R": [
          [
            -0.002219147855,
            -0.999977548967,
            -0.006322732432
          ],
          [
            -0.999989311672,
            0.002244730986,
            -0.004041995134
          ],
          [
            0.004056097221,
            0.006313695068,
            -0.999971842269
          ]
        ],
        "t": [
          0.5479507278616972,
          0.4869352750553783,
          0.3038772382743889
        ]
      }
    },
    "image_2": {
      "image_file": "pose_2_image.png",
      "image_stamp_ns": 1769089885491807072,
      "joint_stamp_ns": 1769089885575610990,
      "position": [
        -1.108028606777527,
        1.4818709532367151,
        -1.9446007213988246,
        -1.5707905928241175,
        -1.4003236929522913,
        0.4845734238624573
      ],
      "camera_pose": {
        "parent_frame": "base_link",
        "child_frame": "camera_optical",
        "stamp": {
          "sec": 1769089885,
          "nanosec": 491807072,
          "stamp_ns": 1769089885491807072
        },
        "R": [
          [
            0.306880212655,
            -0.951736092335,
            -0.00479015937
          ],
          [
            -0.951739602314,
            -0.306852243941,
            -0.005781848799
          ],
          [
            0.004032923031,
            0.006333319363,
            -0.999971811902
          ]
        ],
        "t": [
          0.49882127952207894,
          0.47911762331100355,
          0.3038332532575612
        ]
      }
    },
    "image_3": {
      "image_file": "pose_3_image.png",
      "image_stamp_ns": 1769089888291863555,
      "joint_stamp_ns": 1769089888481614759,
      "position": [
        -1.175959752207138,
        1.5829008261310022,
        -1.9776917896666468,
        -1.5708263556109827,
        -1.7138021628009241,
        0.4852401316165924
      ],
      "camera_pose": {
        "parent_frame": "base_link",
        "child_frame": "camera_optical",
        "stamp": {
          "sec": 1769089888,
          "nanosec": 291863555,
          "stamp_ns": 1769089888291863555
        },
        "R": [
          [
            0.586042391544,
            -0.810275456995,
            -0.002828268875
          ],
          [
            -0.8102707458,
            -0.586014811464,
            -0.006925261394
          ],
          [
            0.003953961889,
            0.00635016028,
            -0.999972020433
          ]
        ],
        "t": [
          0.4544215098228145,
          0.4565382586348502,
          0.30384286923248016
        ]
      }
    },
    "image_4": {
      "image_file": "pose_4_image.png",
      "image_stamp_ns": 1769089891091864313,
      "joint_stamp_ns": 1769089891331608172,
      "position": [
        -1.2445608538440247,
        1.680246655141012,
        -2.0064131222166957,
        -1.5707867781268519,
        -2.043596092854635,
        0.46963512897491455
      ],
      "camera_pose": {
        "parent_frame": "base_link",
        "child_frame": "camera_optical",
        "stamp": {
          "sec": 1769089891,
          "nanosec": 91864313,
          "stamp_ns": 1769089891091864313
        },
        "R": [
          [
            0.807939935158,
            -0.589264626398,
            -0.000511129595
          ],
          [
            -0.589251399022,
            -0.8079153309,
            -0.007456999861
          ],
          [
            0.003981196802,
            0.006325991813,
            -0.99997206556
          ]
        ],
        "t": [
          0.4191240938042837,
          0.4213482488017832,
          0.3038740031420339
        ]
      }
    },
    "image_5": {
      "image_file": "pose_5_image.png",
      "image_stamp_ns": 1769089894091867522,
      "joint_stamp_ns": 1769089894181623468,
      "position": [
        -1.30759813011203,
        1.7651961485492151,
        -2.0284139118590296,
        -1.5707634131061,
        -2.390423361455099,
        0.43700432777404785
      ],
      "camera_pose": {
        "parent_frame": "base_link",
        "child_frame": "camera_optical",
        "stamp": {
          "sec": 1769089894,
          "nanosec": 91867522,
          "stamp_ns": 1769089894091867522
        },
        "R": [
          [
            0.950382884964,
            -0.311077551031,
            0.001768957867
          ],
          [
            -0.311057849081,
            -0.950363666235,
            -0.007205305413
          ],
          [
            0.003922562047,
            0.006297550717,
            -0.999972476802
          ]
        ],
        "t": [
          0.39658996866744395,
          0.37695339878740447,
          0.3038543629601566
        ]
      }
    },
    "image_6": {
      "image_file": "pose_6_image.png",
      "image_stamp_ns": 1769089896891944940,
      "joint_stamp_ns": 1769089897031608702,
      "position": [
        -1.357818604712822,
        1.829803768788473,
        -2.0427423916258753,
        -1.5707605520831507,
        -2.752415720616476,
        0.3891183137893677
      ],
      "camera_pose": {
        "parent_frame": "base_link",
        "child_frame": "camera_optical",
        "stamp": {
          "sec": 1769089896,
          "nanosec": 891944940,
          "stamp_ns": 1769089896891944940
        },
        "R": [
          [
            0.999989829723,
            -0.002186551701,
            0.003944545994
          ],
          [
            -0.002161887447,
            -0.999978155291,
            -0.006246213518
          ],
          [
            0.003958117495,
            0.006237622328,
            -0.999972712314
          ]
        ],
        "t": [
          0.3888290091334532,
          0.32774428595961663,
          0.3038869424359302
        ]
      }
    }
  }
}