{
  "note": "Per-image joint positions and camera pose at capture time.",
  "prompt": "blue object.",
  "created_at": "2026-01-28T15:54:12.813960",
  "joint_names": [
    "shoulder_lift_joint",
    "elbow_joint",
    "wrist_1_joint",
    "wrist_2_joint",
    "wrist_3_joint",
    "shoulder_pan_joint"
  ],
  "shots": {
    "image_1": {
      "image_file": "pose_1_image.png",
      "image_stamp_ns": 1769612066124044060,
      "joint_stamp_ns": 1769612066332487103,
      "position": [
        -0.5841022294810791,
        0.5770953337298792,
        -1.5638196508264919,
        -1.5707758108722132,
        -0.8834512869464319,
        0.6874560117721558
      ],
      "camera_pose": {
        "parent_frame": "base_link",
        "child_frame": "camera_optical",
        "stamp": {
          "sec": 1769612066,
          "nanosec": 124044060,
          "stamp_ns": 1769612066124044060
        },
        "R": [
          [
            -0.002053525934,
            -0.99997864589,
            -0.00620409496
          ],
          [
            -0.999989862452,
            0.002078331368,
            -0.003994437688
          ],
          [
            0.004007246556,
            0.006195829384,
            -0.999972776466
          ]
        ],
        "t": [
          0.5695610925185609,
          0.6993294926555312,
          0.3039695914666501
        ]
      }
    },
    "image_2": {
      "image_file": "pose_2_image.png",
      "image_stamp_ns": 1769612068924138707,
      "joint_stamp_ns": 1769612069182486291,
      "position": [
        -0.6766258043101807,
        0.7509263197528284,
        -1.6449476681151332,
        -1.5707758108722132,
        -1.1783536116229456,
        0.7066445350646973
      ],
      "camera_pose": {
        "parent_frame": "base_link",
        "child_frame": "camera_optical",
        "stamp": {
          "sec": 1769612068,
          "nanosec": 924138707,
          "stamp_ns": 1769612068924138707
        },
        "R": [
          [
            0.30723524156,
            -0.951621835537,
            -0.004731645863
          ],
          [
            -0.951625098704,
            -0.307207684384,
            -0.005754143828
          ],
          [
            0.004022170943,
            0.00627062873,
            -0.999972250293
          ]
        ],
        "t": [
          0.5204137631627748,
          0.6914606784640812,
          0.30386992125080253
        ]
      }
    },
    "image_3": {
      "image_file": "pose_3_image.png",
      "image_stamp_ns": 1769612071924105867,
      "joint_stamp_ns": 1769612072082437378,
      "position": [
        -0.7687054437449952,
        0.9182351271258753,
        -1.720231672326559,
        -1.5708335081683558,
        -1.4832847754107874,
        0.7158940434455872
      ],
      "camera_pose": {
        "parent_frame": "base_link",
        "child_frame": "camera_optical",
        "stamp": {
          "sec": 1769612071,
          "nanosec": 924105867,
          "stamp_ns": 1769612071924105867
        },
        "R": [
          [
            0.586095735875,
            -0.810237040636,
            -0.002779634799
          ],
          [
            -0.810231836691,
            -0.586068053364,
            -0.006971917878
          ],
          [
            0.004019850954,
            0.006338359948,
            -0.999971832599
          ]
        ],
        "t": [
          0.4761014291447816,
          0.6688791842004971,
          0.30380242261867774
        ]
      }
    },
    "image_4": {
      "image_file": "pose_4_image.png",
      "image_stamp_ns": 1769612074724127369,
      "joint_stamp_ns": 1769612074982487225,
      "position": [
        -0.8558565539172669,
        1.07145864168276,
        -1.7863055668272914,
        -1.5707796255694788,
        -1.8003128210650843,
        0.7130460143089294
      ],
      "camera_pose": {
        "parent_frame": "base_link",
        "child_frame": "camera_optical",
        "stamp": {
          "sec": 1769612074,
          "nanosec": 724127369,
          "stamp_ns": 1769612074724127369
        },
        "R": [
          [
            0.80790420472,
            -0.589313607194,
            -0.0005180449
          ],
          [
            -0.589300363011,
            -0.807879479718,
            -0.00747184079
          ],
          [
            0.003984739604,
            0.006341815639,
            -0.999971951219
          ]
        ],
        "t": [
          0.44079411884923186,
          0.6336608850193484,
          0.3038460756632602
        ]
      }
    },
    "image_5": {
      "image_file": "pose_5_image.png",
      "image_stamp_ns": 1769612077724134326,
      "joint_stamp_ns": 1769612077882442209,
      "position": [
        -0.9340233963778992,
        1.2041080633746546,
        -1.8408037624754847,
        -1.5707915464984339,
        -2.130568329487936,
        0.6969107389450073
      ],
      "camera_pose": {
        "parent_frame": "base_link",
        "child_frame": "camera_optical",
        "stamp": {
          "sec": 1769612077,
          "nanosec": 724134326,
          "stamp_ns": 1769612077724134326
        },
        "R": [
          [
            0.950453405944,
            -0.310861917808,
            0.001786389131
          ],
          [
            -0.310841887105,
            -0.950433893535,
            -0.007261903376
          ],
          [
            0.003955293987,
            0.006346816228,
            -0.999972036396
          ]
        ],
        "t": [
          0.4181796744035898,
          0.5893412470429046,
          0.3037973591490885
        ]
      }
    },
    "image_6": {
      "image_file": "pose_6_image.png",
      "image_stamp_ns": 1769612080524182545,
      "joint_stamp_ns": 1769612080782468912,
      "position": [
        -0.9984094661525269,
        1.309936825429098,
        -1.882233282128805,
        -1.5707867781268519,
        -2.4739280382739466,
        0.6678245067596436
      ],
      "camera_pose": {
        "parent_frame": "base_link",
        "child_frame": "camera_optical",
        "stamp": {
          "sec": 1769612080,
          "nanosec": 524182545,
          "stamp_ns": 1769612080524182545
        },
        "R": [
          [
            0.999990696725,
            -0.001755499524,
            0.003940137736
          ],
          [
            -0.001730826276,
            -0.999978928591,
            -0.006256725469
          ],
          [
            0.00395103839,
            0.006249847567,
            -0.999972663977
          ]
        ],
        "t": [
          0.41039478296451803,
          0.5400891379880021,
          0.30389026678598485
        ]
      }
    }
  }
}