[
  {
    "index": 0,
    "file": "pose_1_image.png",
    "cam_T_world": [
      [
        0.999999998799465,
        -0.00022314669377025638,
        0.00010493205269320015,
        1.4324130282423437e-05
      ],
      [
        0.00022317290540868322,
        0.9999999941965121,
        -0.0001249079229547006,
        -8.773417402785431e-05
      ],
      [
        -0.00010487629338963758,
        0.00012495474374395164,
        0.999999973387276,
        -5.376881438378062e-06
      ],
      [
        0.0,
        0.0,
        0.0,
        1.0
      ]
    ],
    "K": [
      [
        508.9901123046875,
        0.0,
        259.0
      ],
      [
        0.0,
        508.9901123046875,
        259.0
      ],
      [
        0.0,
        0.0,
        1.0
      ]
    ],
    "image_size": [
      518,
      518
    ]
  },
  {
    "index": 1,
    "file": "pose_2_image.png",
    "cam_T_world": [
      [
        0.9511844098929897,
        0.2702883724649155,
        0.15149900492485396,
        -0.14212737740538925
      ],
      [
        -0.26836342872318736,
        0.9629421652316702,
        -0.027035430095519043,
        0.017754121607954705
      ],
      [
        -0.15295305764192108,
        -0.014740086101016243,
        0.9881033298437036,
        0.004694338933992187
      ],
      [
        0.0,
        0.0,
        0.0,
        1.0
      ]
    ],
    "K": [
      [
        508.9901123046875,
        0.0,
        259.0
      ],
      [
        0.0,
        508.9901123046875,
        259.0
      ],
      [
        0.0,
        0.0,
        1.0
      ]
    ],
    "image_size": [
      518,
      518
    ]
  },
  {
    "index": 2,
    "file": "pose_3_image.png",
    "cam_T_world": [
      [
        0.8095124997951291,
        0.5080562226208919,
        0.2969116574898726,
        -0.2883453739435624
      ],
      [
        -0.5024480041144083,
        0.8587481175831418,
        -0.0917530612531842,
        0.07029758959840245
      ],
      [
        -0.30245125274105267,
        -0.07551402904674719,
        0.9503611146181723,
        0.028301237010473906
      ],
      [
        0.0,
        0.0,
        0.0,
        1.0
      ]
    ],
    "K": [
      [
        511.4591064453125,
        0.0,
        259.0
      ],
      [
        0.0,
        513.9472045898438,
        259.0
      ],
      [
        0.0,
        0.0,
        1.0
      ]
    ],
    "image_size": [
      518,
      518
    ]
  },
  {
    "index": 3,
    "file": "pose_4_image.png",
    "cam_T_world": [
      [
        0.5895203602590643,
        0.7024119522314056,
        0.405740679467644,
        -0.38497359115634155
      ],
      [
        -0.6919183115271547,
        0.6953627328559365,
        -0.19900734670210493,
        0.15762680125875042
      ],
      [
        -0.4209355219865114,
        -0.16385223481898467,
        0.8923789717007946,
        0.1061039298899195
      ],
      [
        0.0,
        0.0,
        0.0,
        1.0
      ]
    ],
    "K": [
      [
        496.9236755371094,
        0.0,
        259.0
      ],
      [
        0.0,
        499.3006286621094,
        259.0
      ],
      [
        0.0,
        0.0,
        1.0
      ]
    ],
    "image_size": [
      518,
      518
    ]
  },
  {
    "index": 4,
    "file": "pose_5_image.png",
    "cam_T_world": [
      [
        0.3085462036899678,
        0.8245111211271201,
        0.47119035618596294,
        -0.44389149060592475
      ],
      [
        -0.8056088082609827,
        0.4886745712766125,
        -0.32631616301863064,
        0.2690730821626015
      ],
      [
        -0.4999159985527057,
        -0.28023198043000574,
        0.8191950082816472,
        0.1858295950651376
      ],
      [
        0.0,
        0.0,
        0.0,
        1.0
      ]
    ],
    "K": [
      [
        485.3011169433594,
        0.0,
        259.0
      ],
      [
        0.0,
        487.5914306640625,
        259.0
      ],
      [
        0.0,
        0.0,
        1.0
      ]
    ],
    "image_size": [
      518,
      518
    ]
  },
  {
    "index": 5,
    "file": "pose_6_image.png",
    "cam_T_world": [
      [
        0.011798977914602733,
        0.8640962930577273,
        0.495596429706308,
        -0.47220385205438636
      ],
      [
        -0.8447043212347803,
        0.2738233483775426,
        -0.45654194871970505,
        0.3786990487382832
      ],
      [
        -0.533542497089856,
        -0.41549218192315285,
        0.7362249035384298,
        0.2670254135692018
      ],
      [
        0.0,
        0.0,
        0.0,
        1.0
      ]
    ],
    "K": [
      [
        478.5296936035156,
        0.0,
        259.0
      ],
      [
        0.0,
        480.7704772949219,
        259.0
      ],
      [
        0.0,
        0.0,
        1.0
      ]
    ],
    "image_size": [
      518,
      518
    ]
  }
]