[
  {
    "index": 0,
    "file": "pose_1_image.png",
    "cam_T_world": [
      [
        0.9999999425772325,
        -8.291806858175743e-05,
        0.0003318915523579386,
        -1.3363938744846598e-06
      ],
      [
        8.302124893441601e-05,
        0.9999999689516723,
        -0.00015542136503060222,
        -0.00011972566863861695
      ],
      [
        -0.00033186575726977394,
        0.00015547643675257333,
        0.9999999252968337,
        0.00025365921557882426
      ],
      [
        0.0,
        0.0,
        0.0,
        1.0
      ]
    ],
    "K": [
      [
        489.89862060546875,
        0.0,
        259.0
      ],
      [
        0.0,
        492.2229309082031,
        259.0
      ],
      [
        0.0,
        0.0,
        1.0
      ]
    ],
    "image_size": [
      518,
      518
    ]
  },
  {
    "index": 1,
    "file": "pose_2_image.png",
    "cam_T_world": [
      [
        0.9511494111778053,
        0.26612575018452456,
        0.15884358222977144,
        -0.17720697147839704
      ],
      [
        -0.2647259937645055,
        0.9641264853745626,
        -0.025871528862181113,
        0.017863778928052115
      ],
      [
        -0.15922800648600197,
        -0.01723612516534104,
        0.9870460893673396,
        0.034341448686343194
      ],
      [
        0.0,
        0.0,
        0.0,
        1.0
      ]
    ],
    "K": [
      [
        476.3050537109375,
        0.0,
        259.0
      ],
      [
        0.0,
        478.5296936035156,
        259.0
      ],
      [
        0.0,
        0.0,
        1.0
      ]
    ],
    "image_size": [
      518,
      518
    ]
  },
  {
    "index": 2,
    "file": "pose_3_image.png",
    "cam_T_world": [
      [
        0.8064092544724722,
        0.5062503941706477,
        0.30796060185470703,
        -0.3469582223364001
      ],
      [
        -0.4978325295812578,
        0.860554141779118,
        -0.10758123894713435,
        0.09689027870343686
      ],
      [
        -0.31907605475350115,
        -0.0664179241456653,
        0.945158004828493,
        0.07406140670772118
      ],
      [
        0.0,
        0.0,
        0.0,
        1.0
      ]
    ],
    "K": [
      [
        476.3050537109375,
        0.0,
        259.0
      ],
      [
        0.0,
        478.5296936035156,
        259.0
      ],
      [
        0.0,
        0.0,
        1.0
      ]
    ],
    "image_size": [
      518,
      518
    ]
  },
  {
    "index": 3,
    "file": "pose_4_image.png",
    "cam_T_world": [
      [
        0.5775503552208389,
        0.7038644454228626,
        0.41908575157557026,
        -0.46627399317347995
      ],
      [
        -0.6969108422001141,
        0.6915579390660836,
        -0.20088098447219105,
        0.19093973271900821
      ],
      [
        -0.4316940613633082,
        -0.1733439918194688,
        0.8860056626404571,
        0.16856695003050748
      ],
      [
        0.0,
        0.0,
        0.0,
        1.0
      ]
    ],
    "K": [
      [
        461.1679992675781,
        0.0,
        259.0
      ],
      [
        0.0,
        465.41693115234375,
        259.0
      ],
      [
        0.0,
        0.0,
        1.0
      ]
    ],
    "image_size": [
      518,
      518
    ]
  },
  {
    "index": 4,
    "file": "pose_5_image.png",
    "cam_T_world": [
      [
        0.29519528074726376,
        0.8277302643730575,
        0.4769264782828679,
        -0.5307891382848735
      ],
      [
        -0.8179904965942625,
        0.4769779959691389,
        -0.3183404003413523,
        0.30941930867632916
      ],
      [
        -0.4911574539216403,
        -0.29477770105838497,
        0.8187672451326047,
        0.2673307865669766
      ],
      [
        0.0,
        0.0,
        0.0,
        1.0
      ]
    ],
    "K": [
      [
        440.77801513671875,
        0.0,
        259.0
      ],
      [
        0.0,
        444.746337890625,
        259.0
      ],
      [
        0.0,
        0.0,
        1.0
      ]
    ],
    "image_size": [
      518,
      518
    ]
  },
  {
    "index": 5,
    "file": "pose_6_image.png",
    "cam_T_world": [
      [
        -0.005718475409374971,
        0.8779050298576716,
        0.4776031008675183,
        -0.541450934738736
      ],
      [
        -0.8580138304549519,
        0.24157188303236363,
        -0.4546392314138746,
        0.4574357026824066
      ],
      [
        -0.516278500266149,
        -0.41080420522643446,
        0.7517882070658687,
        0.3453912275138166
      ],
      [
        0.0,
        0.0,
        0.0,
        1.0
      ]
    ],
    "K": [
      [
        440.77801513671875,
        0.0,
        259.0
      ],
      [
        0.0,
        444.746337890625,
        259.0
      ],
      [
        0.0,
        0.0,
        1.0
      ]
    ],
    "image_size": [
      518,
      518
    ]
  }
]