[
  {
    "index": 0,
    "file": "pose_1_image.png",
    "cam_T_world": [
      [
        0.999999995313374,
        2.1946568315243962e-05,
        6.484577188538357e-05,
        3.88574091585838e-05
      ],
      [
        -2.1922448516700133e-05,
        0.9999999649353426,
        -0.00018596790684594246,
        -0.00016498306669749852
      ],
      [
        -6.48539300525381e-05,
        0.000185965061946627,
        0.999999961210962,
        -1.8510641099766536e-05
      ],
      [
        0.0,
        0.0,
        0.0,
        1.0
      ]
    ],
    "K": [
      [
        499.3006286621094,
        0.0,
        259.0
      ],
      [
        0.0,
        499.3006286621094,
        259.0
      ],
      [
        0.0,
        0.0,
        1.0
      ]
    ],
    "image_size": [
      518,
      518
    ]
  },
  {
    "index": 1,
    "file": "pose_2_image.png",
    "cam_T_world": [
      [
        0.9528749003850475,
        0.2639417321090922,
        0.15051492362762256,
        -0.14974987406472845
      ],
      [
        -0.26345458455389303,
        0.9644802934733718,
        -0.03463252520015848,
        0.021542496084476934
      ],
      [
        -0.15421281547663881,
        -0.0063306949295048685,
        0.9880496555478374,
        0.026720433526505653
      ],
      [
        0.0,
        0.0,
        0.0,
        1.0
      ]
    ],
    "K": [
      [
        489.89862060546875,
        0.0,
        259.0
      ],
      [
        0.0,
        492.2229309082031,
        259.0
      ],
      [
        0.0,
        0.0,
        1.0
      ]
    ],
    "image_size": [
      518,
      518
    ]
  },
  {
    "index": 2,
    "file": "pose_3_image.png",
    "cam_T_world": [
      [
        0.8111264708062286,
        0.503714165340794,
        0.29492959687499615,
        -0.3026731874260058
      ],
      [
        -0.501356165312346,
        0.8599827602947957,
        -0.09535550834249666,
        0.07245284502307639
      ],
      [
        -0.30098614537658475,
        -0.0697865219491831,
        0.9507976856801015,
        0.049506155545481295
      ],
      [
        0.0,
        0.0,
        0.0,
        1.0
      ]
    ],
    "K": [
      [
        492.2229309082031,
        0.0,
        259.0
      ],
      [
        0.0,
        494.5645446777344,
        259.0
      ],
      [
        0.0,
        0.0,
        1.0
      ]
    ],
    "image_size": [
      518,
      518
    ]
  },
  {
    "index": 3,
    "file": "pose_4_image.png",
    "cam_T_world": [
      [
        0.5943743945604902,
        0.6994010876211759,
        0.3991382475474265,
        -0.416192205141905
      ],
      [
        -0.6924013683080378,
        0.6970948306628153,
        -0.1922090513387274,
        0.16212633962367884
      ],
      [
        -0.41278908586902746,
        -0.16338032652006232,
        0.8957657269767958,
        0.10211487188165168
      ],
      [
        0.0,
        0.0,
        0.0,
        1.0
      ]
    ],
    "K": [
      [
        499.3006286621094,
        0.0,
        259.0
      ],
      [
        0.0,
        499.3006286621094,
        259.0
      ],
      [
        0.0,
        0.0,
        1.0
      ]
    ],
    "image_size": [
      518,
      518
    ]
  },
  {
    "index": 4,
    "file": "pose_5_image.png",
    "cam_T_world": [
      [
        0.3194933536865823,
        0.8177915048383417,
        0.47800612480964105,
        -0.4997019412947258
      ],
      [
        -0.8147291162985103,
        0.49389671521981493,
        -0.2995282735136571,
        0.270107637291965
      ],
      [
        -0.47928405574429894,
        -0.2950398749623533,
        0.8255838250938863,
        0.16581165772095083
      ],
      [
        0.0,
        0.0,
        0.0,
        1.0
      ]
    ],
    "K": [
      [
        504.1084899902344,
        0.0,
        259.0
      ],
      [
        0.0,
        506.5399475097656,
        259.0
      ],
      [
        0.0,
        0.0,
        1.0
      ]
    ],
    "image_size": [
      518,
      518
    ]
  },
  {
    "index": 5,
    "file": "pose_6_image.png",
    "cam_T_world": [
      [
        0.015645793808609195,
        0.867690167103736,
        0.4983840240476767,
        -0.5422719726565499
      ],
      [
        -0.8676901671037359,
        0.26030161154414116,
        -0.4252616261198958,
        0.4141809858361552
      ],
      [
        -0.4983840240476767,
        -0.42526162611989576,
        0.7553446100248515,
        0.22335228863321774
      ],
      [
        0.0,
        0.0,
        0.0,
        1.0
      ]
    ],
    "K": [
      [
        513.9472045898438,
        0.0,
        259.0
      ],
      [
        0.0,
        513.9472045898438,
        259.0
      ],
      [
        0.0,
        0.0,
        1.0
      ]
    ],
    "image_size": [
      518,
      518
    ]
  }
]