[
  {
    "index": 0,
    "file": "pose_1_image.png",
    "cam_T_world": [
      [
        0.9999999475367044,
        0.00010872188587910543,
        0.0003166188384552044,
        5.87133453287167e-05
      ],
      [
        -0.00010871584683424307,
        0.999999988089258,
        -9.571165218581556e-06,
        -0.00013447678088407175
      ],
      [
        -0.00031662091210313915,
        9.502320107150767e-06,
        0.9999999592655481,
        0.00024316709289501695
      ],
      [
        0.0,
        0.0,
        0.0,
        1.0
      ]
    ],
    "K": [
      [
        452.84503173828125,
        0.0,
        259.0
      ],
      [
        0.0,
        452.84503173828125,
        259.0
      ],
      [
        0.0,
        0.0,
        1.0
      ]
    ],
    "image_size": [
      518,
      518
    ]
  },
  {
    "index": 1,
    "file": "pose_2_image.png",
    "cam_T_world": [
      [
        0.952728342977527,
        0.26648313146114927,
        0.14888458777438376,
        -0.16236883449435344
      ],
      [
        -0.2648025454009658,
        0.9640837437484108,
        -0.025748815000850363,
        0.01847853695460506
      ],
      [
        -0.14991933000719782,
        -0.014768798529145005,
        0.9885828829799542,
        -0.002190881805138062
      ],
      [
        0.0,
        0.0,
        0.0,
        1.0
      ]
    ],
    "K": [
      [
        456.9778747558594,
        0.0,
        259.0
      ],
      [
        0.0,
        461.1679992675781,
        259.0
      ],
      [
        0.0,
        0.0,
        1.0
      ]
    ],
    "image_size": [
      518,
      518
    ]
  },
  {
    "index": 2,
    "file": "pose_3_image.png",
    "cam_T_world": [
      [
        0.812802757444108,
        0.5063906368117901,
        0.288419558598528,
        -0.3291220041381933
      ],
      [
        -0.5061077123654145,
        0.8585467702800547,
        -0.0806116425247669,
        0.0700332658566853
      ],
      [
        -0.28891611985863075,
        -0.07981435362377623,
        0.9542559335150886,
        0.006170581608137415
      ],
      [
        0.0,
        0.0,
        0.0,
        1.0
      ]
    ],
    "K": [
      [
        469.72589111328125,
        0.0,
        259.0
      ],
      [
        0.0,
        474.0963134765625,
        259.0
      ],
      [
        0.0,
        0.0,
        1.0
      ]
    ],
    "image_size": [
      518,
      518
    ]
  },
  {
    "index": 3,
    "file": "pose_4_image.png",
    "cam_T_world": [
      [
        0.5874802431852457,
        0.7085945338721898,
        0.39225748116984893,
        -0.4469694959923054
      ],
      [
        -0.7056064811718838,
        0.6842783785006841,
        -0.17836572482028804,
        0.1705263003212201
      ],
      [
        -0.3937285946641882,
        -0.17215462123621983,
        0.9031795428527732,
        0.07796079555998925
      ],
      [
        0.0,
        0.0,
        0.0,
        1.0
      ]
    ],
    "K": [
      [
        469.72589111328125,
        0.0,
        259.0
      ],
      [
        0.0,
        469.72589111328125,
        259.0
      ],
      [
        0.0,
        0.0,
        1.0
      ]
    ],
    "image_size": [
      518,
      518
    ]
  },
  {
    "index": 4,
    "file": "pose_5_image.png",
    "cam_T_world": [
      [
        0.29156547470471295,
        0.8368696974780572,
        0.4662461183038246,
        -0.5315771957543987
      ],
      [
        -0.827403188480792,
        0.46464942477119814,
        -0.3158222772551074,
        0.3179819127640567
      ],
      [
        -0.4809733209852104,
        -0.29210726582499685,
        0.8264835023633413,
        0.16306914171452866
      ],
      [
        0.0,
        0.0,
        0.0,
        1.0
      ]
    ],
    "K": [
      [
        465.41693115234375,
        0.0,
        259.0
      ],
      [
        0.0,
        469.72589111328125,
        259.0
      ],
      [
        0.0,
        0.0,
        1.0
      ]
    ],
    "image_size": [
      518,
      518
    ]
  },
  {
    "index": 5,
    "file": "pose_6_image.png",
    "cam_T_world": [
      [
        -0.012514842805295764,
        0.8778636528963923,
        0.4792524431335701,
        -0.5552665681285891
      ],
      [
        -0.8675535452503274,
        0.22723101278943558,
        -0.44027500331883984,
        0.4606508090613865
      ],
      [
        -0.4960861053699617,
        -0.42311288099396166,
        0.7599152983020914,
        0.2478399145110649
      ],
      [
        0.0,
        0.0,
        0.0,
        1.0
      ]
    ],
    "K": [
      [
        452.84503173828125,
        0.0,
        259.0
      ],
      [
        0.0,
        456.9778747558594,
        259.0
      ],
      [
        0.0,
        0.0,
        1.0
      ]
    ],
    "image_size": [
      518,
      518
    ]
  }
]