[
  {
    "index": 0,
    "file": "pose_1_image.png",
    "cam_T_world": [
      [
        0.9999999506324023,
        0.00019071290386342988,
        0.0001140008145400548,
        -0.000146872869838562
      ],
      [
        -0.00019075681244746205,
        0.9999999861138359,
        0.00019262046981421223,
        -0.000104377552418399
      ],
      [
        -0.00011392732737012643,
        -0.00019266394365978864,
        0.9999999499011686,
        0.00011304725224831984
      ],
      [
        0.0,
        0.0,
        0.0,
        1.0
      ]
    ],
    "K": [
      [
        476.3050537109375,
        0.0,
        259.0
      ],
      [
        0.0,
        478.5296936035156,
        259.0
      ],
      [
        0.0,
        0.0,
        1.0
      ]
    ],
    "image_size": [
      518,
      518
    ]
  },
  {
    "index": 1,
    "file": "pose_2_image.png",
    "cam_T_world": [
      [
        0.9522333045669107,
        0.26716464719186345,
        0.1504926222703522,
        -0.16639528871133927
      ],
      [
        -0.2677642046611876,
        0.9633379743131713,
        -0.005413941315170188,
        -0.0015106119095594534
      ],
      [
        -0.14627817645273852,
        -0.035146351587920364,
        0.9886286461583929,
        0.014791119809907653
      ],
      [
        0.0,
        0.0,
        0.0,
        1.0
      ]
    ],
    "K": [
      [
        478.5296936035156,
        0.0,
        259.0
      ],
      [
        0.0,
        483.0275573730469,
        259.0
      ],
      [
        0.0,
        0.0,
        1.0
      ]
    ],
    "image_size": [
      518,
      518
    ]
  },
  {
    "index": 2,
    "file": "pose_3_image.png",
    "cam_T_world": [
      [
        0.8111872421350068,
        0.5022739985705548,
        0.2962230394730466,
        -0.3392080830403476
      ],
      [
        -0.5092580371207555,
        0.8585424305204479,
        -0.0711967094289059,
        0.05952000489360478
      ],
      [
        -0.2920541948071941,
        -0.09264340743420518,
        0.9521445284588403,
        0.0388097215523009
      ],
      [
        0.0,
        0.0,
        0.0,
        1.0
      ]
    ],
    "K": [
      [
        483.0275573730469,
        0.0,
        259.0
      ],
      [
        0.0,
        487.5914306640625,
        259.0
      ],
      [
        0.0,
        0.0,
        1.0
      ]
    ],
    "image_size": [
      518,
      518
    ]
  },
  {
    "index": 3,
    "file": "pose_4_image.png",
    "cam_T_world": [
      [
        0.5946441460823113,
        0.6957450383307688,
        0.3999551256862602,
        -0.45073459573041524
      ],
      [
        -0.7018794248321851,
        0.6936538316303978,
        -0.16836941199123523,
        0.15367774526524305
      ],
      [
        -0.3930699108457122,
        -0.1792961090840824,
        0.9013856694496553,
        0.12655478407042509
      ],
      [
        0.0,
        0.0,
        0.0,
        1.0
      ]
    ],
    "K": [
      [
        474.0963134765625,
        0.0,
        259.0
      ],
      [
        0.0,
        476.3050537109375,
        259.0
      ],
      [
        0.0,
        0.0,
        1.0
      ]
    ],
    "image_size": [
      518,
      518
    ]
  },
  {
    "index": 4,
    "file": "pose_5_image.png",
    "cam_T_world": [
      [
        0.31470932672372276,
        0.8184858097282253,
        0.4762368224624698,
        -0.5313815220941952
      ],
      [
        -0.8324153842323254,
        0.4815666435165267,
        -0.27925106709769054,
        0.2648797059201976
      ],
      [
        -0.4573963533497194,
        -0.3090866406135595,
        0.8334124193343276,
        0.22414765386277058
      ],
      [
        0.0,
        0.0,
        0.0,
        1.0
      ]
    ],
    "K": [
      [
        461.1679992675781,
        0.0,
        259.0
      ],
      [
        0.0,
        461.1679992675781,
        259.0
      ],
      [
        0.0,
        0.0,
        1.0
      ]
    ],
    "image_size": [
      518,
      518
    ]
  },
  {
    "index": 5,
    "file": "pose_6_image.png",
    "cam_T_world": [
      [
        0.03986600823637712,
        0.8601639482020694,
        0.5084801770329057,
        -0.5595061281488349
      ],
      [
        -0.890028389165511,
        0.26064333459255284,
        -0.3708451067223525,
        0.3638565259916232
      ],
      [
        -0.4515947928196695,
        -0.4368197428031313,
        0.7779286466642682,
        0.29407165641386557
      ],
      [
        0.0,
        0.0,
        0.0,
        1.0
      ]
    ],
    "K": [
      [
        456.9778747558594,
        0.0,
        259.0
      ],
      [
        0.0,
        456.9778747558594,
        259.0
      ],
      [
        0.0,
        0.0,
        1.0
      ]
    ],
    "image_size": [
      518,
      518
    ]
  }
]