[
  {
    "index": 0,
    "file": "pose_1_image.png",
    "cam_T_world": [
      [
        0.9999999488281932,
        -0.0001353740507873301,
        0.0001812337540078007,
        -1.078373309519298e-05
      ],
      [
        0.00013546943859153339,
        0.9999999719839248,
        -0.00026318957283361354,
        -0.00012786209561779083
      ],
      [
        -0.00018116246417518563,
        0.0002632386491676601,
        0.9999999574902172,
        0.00025936772840631545
      ],
      [
        0.0,
        0.0,
        0.0,
        1.0
      ]
    ],
    "K": [
      [
        499.3006286621094,
        0.0,
        259.0
      ],
      [
        0.0,
        499.3006286621094,
        259.0
      ],
      [
        0.0,
        0.0,
        1.0
      ]
    ],
    "image_size": [
      518,
      518
    ]
  },
  {
    "index": 1,
    "file": "pose_2_image.png",
    "cam_T_world": [
      [
        0.9506355650547753,
        0.27423075924903545,
        0.14459850561418744,
        -0.13387084118230452
      ],
      [
        -0.27225968054339145,
        0.9614786148633172,
        -0.02706685466784648,
        0.015762159228807
      ],
      [
        -0.14633516793052362,
        -0.013909569563202643,
        0.9890674304442424,
        0.02139655405259416
      ],
      [
        0.0,
        0.0,
        0.0,
        1.0
      ]
    ],
    "K": [
      [
        489.89862060546875,
        0.0,
        259.0
      ],
      [
        0.0,
        492.2229309082031,
        259.0
      ],
      [
        0.0,
        0.0,
        1.0
      ]
    ],
    "image_size": [
      518,
      518
    ]
  },
  {
    "index": 2,
    "file": "pose_3_image.png",
    "cam_T_world": [
      [
        0.8107604283147545,
        0.5170605616858842,
        0.2801680065002133,
        -0.26966391786097266
      ],
      [
        -0.5103481533022853,
        0.8545461424353273,
        -0.09051829112629861,
        0.06581160840508153
      ],
      [
        -0.28453774450375535,
        -0.0690267473697654,
        0.9559585503332956,
        0.04693714896244529
      ],
      [
        0.0,
        0.0,
        0.0,
        1.0
      ]
    ],
    "K": [
      [
        489.89862060546875,
        0.0,
        259.0
      ],
      [
        0.0,
        492.2229309082031,
        259.0
      ],
      [
        0.0,
        0.0,
        1.0
      ]
    ],
    "image_size": [
      518,
      518
    ]
  },
  {
    "index": 3,
    "file": "pose_4_image.png",
    "cam_T_world": [
      [
        0.593504266694039,
        0.7101390691642028,
        0.37417686808944056,
        -0.36502844943351886
      ],
      [
        -0.6998684397745512,
        0.6858179293129681,
        -0.19863246516463434,
        0.15891731050857855
      ],
      [
        -0.39805529246532806,
        -0.1445594586206678,
        0.9058898057668227,
        0.09404550234252503
      ],
      [
        0.0,
        0.0,
        0.0,
        1.0
      ]
    ],
    "K": [
      [
        496.9236755371094,
        0.0,
        259.0
      ],
      [
        0.0,
        496.9236755371094,
        259.0
      ],
      [
        0.0,
        0.0,
        1.0
      ]
    ],
    "image_size": [
      518,
      518
    ]
  },
  {
    "index": 4,
    "file": "pose_5_image.png",
    "cam_T_world": [
      [
        0.31771180280951705,
        0.8405551572571394,
        0.4342905165425266,
        -0.434678110537857
      ],
      [
        -0.8266045210970827,
        0.4691964933239417,
        -0.30710037767470744,
        0.2633621374316844
      ],
      [
        -0.4619656462661906,
        -0.2632844830580612,
        0.8460904578881014,
        0.14590376261429017
      ],
      [
        0.0,
        0.0,
        0.0,
        1.0
      ]
    ],
    "K": [
      [
        496.9236755371094,
        0.0,
        259.0
      ],
      [
        0.0,
        499.3006286621094,
        259.0
      ],
      [
        0.0,
        0.0,
        1.0
      ]
    ],
    "image_size": [
      518,
      518
    ]
  },
  {
    "index": 5,
    "file": "pose_6_image.png",
    "cam_T_world": [
      [
        0.014230195566913862,
        0.8872589252539604,
        0.46180489406211966,
        -0.4737919560440223
      ],
      [
        -0.8654979445418577,
        0.2407335921230003,
        -0.4422357354289791,
        0.399607733185753
      ],
      [
        -0.5029144528484113,
        -0.3941942978318131,
        0.7702767421843755,
        0.2164731722690348
      ],
      [
        0.0,
        0.0,
        0.0,
        1.0
      ]
    ],
    "K": [
      [
        492.2229309082031,
        0.0,
        259.0
      ],
      [
        0.0,
        492.2229309082031,
        259.0
      ],
      [
        0.0,
        0.0,
        1.0
      ]
    ],
    "image_size": [
      518,
      518
    ]
  }
]