[
  {
    "index": 0,
    "file": "pose_1_image.png",
    "cam_T_world": [
      [
        0.9999998850498771,
        0.00041770897479073964,
        8.600197268834017e-06,
        4.19227455798918e-05
      ],
      [
        -0.0004177096787395986,
        0.9999998834418907,
        4.1004405594723364e-05,
        -9.918767905779762e-05
      ],
      [
        -8.565938424361317e-06,
        -4.101157605054323e-05,
        0.9999999982446754,
        0.0002918280484824078
      ],
      [
        0.0,
        0.0,
        0.0,
        1.0
      ]
    ],
    "K": [
      [
        456.9778747558594,
        0.0,
        259.0
      ],
      [
        0.0,
        456.9778747558594,
        259.0
      ],
      [
        0.0,
        0.0,
        1.0
      ]
    ],
    "image_size": [
      518,
      518
    ]
  },
  {
    "index": 1,
    "file": "pose_2_image.png",
    "cam_T_world": [
      [
        0.9520406264797184,
        0.2639353886311971,
        0.15497629520550116,
        -0.17679921656831
      ],
      [
        -0.2670792077972905,
        0.964038008977866,
        -0.010920714630930393,
        0.003197693445184511
      ],
      [
        -0.15148163029588743,
        -0.030716431026083058,
        0.9879801801475026,
        -0.020318319837840656
      ],
      [
        0.0,
        0.0,
        0.0,
        1.0
      ]
    ],
    "K": [
      [
        469.72589111328125,
        0.0,
        259.0
      ],
      [
        0.0,
        474.0963134765625,
        259.0
      ],
      [
        0.0,
        0.0,
        1.0
      ]
    ],
    "image_size": [
      518,
      518
    ]
  },
  {
    "index": 2,
    "file": "pose_3_image.png",
    "cam_T_world": [
      [
        0.8111983320240767,
        0.5043404720930998,
        0.2993473680286844,
        -0.352753013151625
      ],
      [
        -0.507029990196517,
        0.8584181679962422,
        -0.06568517511912327,
        0.05719755725119951
      ],
      [
        -0.2890821852661985,
        -0.09817932021040351,
        0.9521999424289451,
        -0.009248517724757729
      ],
      [
        0.0,
        0.0,
        0.0,
        1.0
      ]
    ],
    "K": [
      [
        485.3011169433594,
        0.0,
        259.0
      ],
      [
        0.0,
        485.3011169433594,
        259.0
      ],
      [
        0.0,
        0.0,
        1.0
      ]
    ],
    "image_size": [
      518,
      518
    ]
  },
  {
    "index": 3,
    "file": "pose_4_image.png",
    "cam_T_world": [
      [
        0.5941808011161503,
        0.6966619683747385,
        0.4034009055370145,
        -0.4826257002076491
      ],
      [
        -0.7010370635767563,
        0.6931873957334783,
        -0.1621169225241516,
        0.16093074110305372
      ],
      [
        -0.3937383106607274,
        -0.18745922118002098,
        0.900127571640193,
        0.05174550011967115
      ],
      [
        0.0,
        0.0,
        0.0,
        1.0
      ]
    ],
    "K": [
      [
        489.89862060546875,
        0.0,
        259.0
      ],
      [
        0.0,
        492.2229309082031,
        259.0
      ],
      [
        0.0,
        0.0,
        1.0
      ]
    ],
    "image_size": [
      518,
      518
    ]
  },
  {
    "index": 4,
    "file": "pose_5_image.png",
    "cam_T_world": [
      [
        0.31723856225208036,
        0.8182011880815202,
        0.4768286503208948,
        -0.5628064552410004
      ],
      [
        -0.8244039342703541,
        0.484277557514155,
        -0.2848101277466929,
        0.2951940541967438
      ],
      [
        -0.4640448093890101,
        -0.3044845232426233,
        0.8316851138264798,
        0.14814533674716232
      ],
      [
        0.0,
        0.0,
        0.0,
        1.0
      ]
    ],
    "K": [
      [
        478.5296936035156,
        0.0,
        259.0
      ],
      [
        0.0,
        478.5296936035156,
        259.0
      ],
      [
        0.0,
        0.0,
        1.0
      ]
    ],
    "image_size": [
      518,
      518
    ]
  },
  {
    "index": 5,
    "file": "pose_6_image.png",
    "cam_T_world": [
      [
        0.029759329219061863,
        0.8809254860398746,
        0.47794939403137815,
        -0.5834088035616576
      ],
      [
        -0.8739347289242307,
        0.25309874013841244,
        -0.4122743445881976,
        0.4393846630561526
      ],
      [
        -0.4828521733592363,
        -0.40514435833207907,
        0.7766058317872475,
        0.21853513974982147
      ],
      [
        0.0,
        0.0,
        0.0,
        1.0
      ]
    ],
    "K": [
      [
        474.0963134765625,
        0.0,
        259.0
      ],
      [
        0.0,
        474.0963134765625,
        259.0
      ],
      [
        0.0,
        0.0,
        1.0
      ]
    ],
    "image_size": [
      518,
      518
    ]
  }
]