[
  {
    "index": 0,
    "file": "pose_1_image.png",
    "cam_T_world": [
      [
        0.999999977891094,
        0.00012873872174595937,
        7.439924084076419e-05,
        -7.440230288753887e-05
      ],
      [
        -0.00012875333550636337,
        0.9999999737756305,
        9.8218874491425e-05,
        -0.00013922394187092276
      ],
      [
        -7.437394779391115e-05,
        -9.823802844923603e-05,
        0.9999999848178054,
        2.9821532674444136e-05
      ],
      [
        0.0,
        0.0,
        0.0,
        1.0
      ]
    ],
    "K": [
      [
        478.5296936035156,
        0.0,
        259.0
      ],
      [
        0.0,
        478.5296936035156,
        259.0
      ],
      [
        0.0,
        0.0,
        1.0
      ]
    ],
    "image_size": [
      518,
      518
    ]
  },
  {
    "index": 1,
    "file": "pose_2_image.png",
    "cam_T_world": [
      [
        0.9458227875548839,
        0.2741262248909263,
        0.17445370126092152,
        -0.17885743987192865
      ],
      [
        -0.2749830458297446,
        0.9610593754644366,
        -0.010804562950116328,
        0.002849047766659099
      ],
      [
        -0.17077371214275494,
        -0.03789635199829856,
        0.984635656155725,
        0.022447057012567172
      ],
      [
        0.0,
        0.0,
        0.0,
        1.0
      ]
    ],
    "K": [
      [
        474.0963134765625,
        0.0,
        259.0
      ],
      [
        0.0,
        476.3050537109375,
        259.0
      ],
      [
        0.0,
        0.0,
        1.0
      ]
    ],
    "image_size": [
      518,
      518
    ]
  },
  {
    "index": 2,
    "file": "pose_3_image.png",
    "cam_T_world": [
      [
        0.7998788290916552,
        0.5078744243042425,
        0.31880320559107767,
        -0.34072946893348816
      ],
      [
        -0.5129242572385445,
        0.8542626136968741,
        -0.07066624037605042,
        0.052288827679128215
      ],
      [
        -0.30962018220501963,
        -0.10823007160489045,
        0.9448576529780898,
        0.03521912000990442
      ],
      [
        0.0,
        0.0,
        0.0,
        1.0
      ]
    ],
    "K": [
      [
        492.2229309082031,
        0.0,
        259.0
      ],
      [
        0.0,
        492.2229309082031,
        259.0
      ],
      [
        0.0,
        0.0,
        1.0
      ]
    ],
    "image_size": [
      518,
      518
    ]
  },
  {
    "index": 3,
    "file": "pose_4_image.png",
    "cam_T_world": [
      [
        0.565361290144569,
        0.7222096983706708,
        0.39629635717822914,
        -0.4197599785899526
      ],
      [
        -0.7252456036338428,
        0.6652409077515073,
        -0.17956213257137668,
        0.16090495047247935
      ],
      [
        -0.3946511254180865,
        -0.185715796712869,
        0.9005867340999697,
        0.11816759151850673
      ],
      [
        0.0,
        0.0,
        0.0,
        1.0
      ]
    ],
    "K": [
      [
        469.72589111328125,
        0.0,
        259.0
      ],
      [
        0.0,
        469.72589111328125,
        259.0
      ],
      [
        0.0,
        0.0,
        1.0
      ]
    ],
    "image_size": [
      518,
      518
    ]
  },
  {
    "index": 4,
    "file": "pose_5_image.png",
    "cam_T_world": [
      [
        0.3115784431304474,
        0.8226028007644286,
        0.48253996757230216,
        -0.5222583699482236
      ],
      [
        -0.8566213455216831,
        0.46323708245423373,
        -0.23370054312892138,
        0.20703413333721313
      ],
      [
        -0.4120172853843582,
        -0.3411391452762819,
        0.8444551877264447,
        0.15287349986548512
      ],
      [
        0.0,
        0.0,
        0.0,
        1.0
      ]
    ],
    "K": [
      [
        485.3011169433594,
        0.0,
        259.0
      ],
      [
        0.0,
        483.0275573730469,
        259.0
      ],
      [
        0.0,
        0.0,
        1.0
      ]
    ],
    "image_size": [
      518,
      518
    ]
  },
  {
    "index": 5,
    "file": "pose_6_image.png",
    "cam_T_world": [
      [
        0.014559837489011181,
        0.8591406731095554,
        0.5067910155440014,
        -0.5711487497834474
      ],
      [
        -0.8939615651535786,
        0.23218133898965151,
        -0.3727287463219895,
        0.3605457355294002
      ],
      [
        -0.4380677346436738,
        -0.45225605160103927,
        0.7752517790685113,
        0.1907098748172595
      ],
      [
        0.0,
        0.0,
        0.0,
        1.0
      ]
    ],
    "K": [
      [
        499.3006286621094,
        0.0,
        259.0
      ],
      [
        0.0,
        499.3006286621094,
        259.0
      ],
      [
        0.0,
        0.0,
        1.0
      ]
    ],
    "image_size": [
      518,
      518
    ]
  }
]