[
  {
    "index": 0,
    "file": "pose_1_image.png",
    "cam_T_world": [
      [
        0.9999999624005765,
        -8.675537221076453e-05,
        0.00029946213968319336,
        -5.884674553137572e-05
      ],
      [
        8.681334522277745e-05,
        0.9999999830986335,
        -9.677195066676926e-05,
        -5.6999333965014335e-05
      ],
      [
        -0.0002994453385873552,
        9.682392647064291e-05,
        0.9999999605622603,
        0.0001258971217291541
      ],
      [
        0.0,
        0.0,
        0.0,
        1.0
      ]
    ],
    "K": [
      [
        483.0275573730469,
        0.0,
        259.0
      ],
      [
        0.0,
        485.3011169433594,
        259.0
      ],
      [
        0.0,
        0.0,
        1.0
      ]
    ],
    "image_size": [
      518,
      518
    ]
  },
  {
    "index": 1,
    "file": "pose_2_image.png",
    "cam_T_world": [
      [
        0.9514661257829634,
        0.2679084563562004,
        0.1523363148962258,
        -0.1604947233085076
      ],
      [
        -0.2668995231164571,
        0.9635569095963562,
        -0.02401357204609345,
        0.01602253592253385
      ],
      [
        -0.1540971282884891,
        -0.01774748434366949,
        0.9880099984735379,
        0.027316229032021393
      ],
      [
        0.0,
        0.0,
        0.0,
        1.0
      ]
    ],
    "K": [
      [
        478.5296936035156,
        0.0,
        259.0
      ],
      [
        0.0,
        480.7704772949219,
        259.0
      ],
      [
        0.0,
        0.0,
        1.0
      ]
    ],
    "image_size": [
      518,
      518
    ]
  },
  {
    "index": 2,
    "file": "pose_3_image.png",
    "cam_T_world": [
      [
        0.8071248504507815,
        0.5064407045002453,
        0.30075599558198973,
        -0.32464490413027075
      ],
      [
        -0.5021208642946589,
        0.8588703563865381,
        -0.10356165236042356,
        0.08754198839636215
      ],
      [
        -0.3091026050247226,
        -0.06682149062986337,
        0.9482716466078308,
        0.06405655503591311
      ],
      [
        0.0,
        0.0,
        0.0,
        1.0
      ]
    ],
    "K": [
      [
        478.5296936035156,
        0.0,
        259.0
      ],
      [
        0.0,
        480.7704772949219,
        259.0
      ],
      [
        0.0,
        0.0,
        1.0
      ]
    ],
    "image_size": [
      518,
      518
    ]
  },
  {
    "index": 3,
    "file": "pose_4_image.png",
    "cam_T_world": [
      [
        0.5878838933646722,
        0.7018897891689816,
        0.4035626565924828,
        -0.44433890207753096
      ],
      [
        -0.6899183434851591,
        0.694267745496985,
        -0.19938335335806973,
        0.18541255220063055
      ],
      [
        -0.42131590875142766,
        -0.16231924979770848,
        0.8922139017590233,
        0.12381207048050531
      ],
      [
        0.0,
        0.0,
        0.0,
        1.0
      ]
    ],
    "K": [
      [
        476.3050537109375,
        0.0,
        259.0
      ],
      [
        0.0,
        476.3050537109375,
        259.0
      ],
      [
        0.0,
        0.0,
        1.0
      ]
    ],
    "image_size": [
      518,
      518
    ]
  },
  {
    "index": 4,
    "file": "pose_5_image.png",
    "cam_T_world": [
      [
        0.304021669851182,
        0.8331059185143129,
        0.4611824338245553,
        -0.5136033639936955
      ],
      [
        -0.82199792462493,
        0.4745168252288541,
        -0.3116528170211801,
        0.2987099954784616
      ],
      [
        -0.4788394362771871,
        -0.2865863987407109,
        0.8299570451215967,
        0.20257946991732756
      ],
      [
        0.0,
        0.0,
        0.0,
        1.0
      ]
    ],
    "K": [
      [
        465.41693115234375,
        0.0,
        259.0
      ],
      [
        0.0,
        465.41693115234375,
        259.0
      ],
      [
        0.0,
        0.0,
        1.0
      ]
    ],
    "image_size": [
      518,
      518
    ]
  },
  {
    "index": 5,
    "file": "pose_6_image.png",
    "cam_T_world": [
      [
        0.026028094809625688,
        0.8701460257269079,
        0.48934944405409486,
        -0.5654128896887946
      ],
      [
        -0.8670089639713405,
        0.26490889406980644,
        -0.42492240347729393,
        0.42808168483098125
      ],
      [
        -0.5007602446056657,
        -0.41393844878156233,
        0.7619723477425747,
        0.2623886611748513
      ],
      [
        0.0,
        0.0,
        0.0,
        1.0
      ]
    ],
    "K": [
      [
        465.41693115234375,
        0.0,
        259.0
      ],
      [
        0.0,
        469.72589111328125,
        259.0
      ],
      [
        0.0,
        0.0,
        1.0
      ]
    ],
    "image_size": [
      518,
      518
    ]
  }
]