{
  "note": "Per-image joint positions and camera pose at capture time.",
  "prompt": "yellow object.",
  "created_at": "2026-01-28T13:55:46.894926",
  "joint_names": [
    "shoulder_lift_joint",
    "elbow_joint",
    "wrist_1_joint",
    "wrist_2_joint",
    "wrist_3_joint",
    "shoulder_pan_joint"
  ],
  "shots": {
    "image_1": {
      "image_file": "pose_1_image.png",
      "image_stamp_ns": 1769604959977330348,
      "joint_stamp_ns": 1769604960146490370,
      "position": [
        -1.0703697365573426,
        1.4238961378680628,
        -1.9242927036681117,
        -1.5707634131061,
        -0.8221858183490198,
        0.7486878037452698
      ],
      "camera_pose": {
        "parent_frame": "base_link",
        "child_frame": "camera_optical",
        "stamp": {
          "sec": 1769604959,
          "nanosec": 977330348,
          "stamp_ns": 1769604959977330348
        },
        "R": [
          [
            -0.002107300246,
            -0.999978200808,
            -0.006257571007
          ],
          [
            -0.999989541292,
            0.002132642076,
            -0.004045879807
          ],
          [
            0.004059136769,
            0.006248979678,
            -0.999972236445
          ]
        ],
        "t": [
          0.401225483377596,
          0.613946783254379,
          0.3039179453797099
        ]
      }
    },
    "image_2": {
      "image_file": "pose_2_image.png",
      "image_stamp_ns": 1769604962777351472,
      "joint_stamp_ns": 1769604962996441197,
      "position": [
        -1.1192155939391633,
        1.4988730589496058,
        -1.9503370724120082,
        -1.5708215872394007,
        -1.109391991292135,
        0.7755443453788757
      ],
      "camera_pose": {
        "parent_frame": "base_link",
        "child_frame": "camera_optical",
        "stamp": {
          "sec": 1769604962,
          "nanosec": 777351472,
          "stamp_ns": 1769604962777351472
        },
        "R": [
          [
            0.307025451539,
            -0.95168907953,
            -0.004823692581
          ],
          [
            -0.951692378448,
            -0.306996677066,
            -0.005887025921
          ],
          [
            0.004121760687,
            0.006398138257,
            -0.999971037038
          ]
        ],
        "t": [
          0.3521201110262473,
          0.6061159183958668,
          0.3038045573889626
        ]
      }
    },
    "image_3": {
      "image_file": "pose_3_image.png",
      "image_stamp_ns": 1769604965577389886,
      "joint_stamp_ns": 1769604965846485383,
      "position": [
        -1.1795929235270997,
        1.5882237593280237,
        -1.9793344936766566,
        -1.5707796255694788,
        -1.408440891896383,
        0.7907117605209351
      ],
      "camera_pose": {
        "parent_frame": "base_link",
        "child_frame": "camera_optical",
        "stamp": {
          "sec": 1769604965,
          "nanosec": 577389886,
          "stamp_ns": 1769604965577389886
        },
        "R": [
          [
            0.586226520585,
            -0.810142415427,
            -0.002780879075
          ],
          [
            -0.810137234384,
            -0.586198848876,
            -0.006969292682
          ],
          [
            0.004015971494,
            0.006338477883,
            -0.999971847439
          ]
        ],
        "t": [
          0.30771047716153027,
          0.5834612647197255,
          0.30388027171916066
        ]
      }
    },
    "image_4": {
      "image_file": "pose_4_image.png",
      "image_stamp_ns": 1769604968577434219,
      "joint_stamp_ns": 1769604968696437167,
      "position": [
        -1.246807263498642,
        1.6833017508136194,
        -2.007252355615133,
        -1.57084829012026,
        -1.7223270575152796,
        0.7909557819366455
      ],
      "camera_pose": {
        "parent_frame": "base_link",
        "child_frame": "camera_optical",
        "stamp": {
          "sec": 1769604968,
          "nanosec": 577434219,
          "stamp_ns": 1769604968577434219
        },
        "R": [
          [
            0.807777618886,
            -0.589487178224,
            -0.000430274575
          ],
          [
            -0.589473664685,
            -0.807753699901,
            -0.007399928324
          ],
          [
            0.004014606987,
            0.006231132012,
            -0.999972527585
          ]
        ],
        "t": [
          0.2724924723746369,
          0.5483080381277682,
          0.3039052691227246
        ]
      }
    },
    "image_5": {
      "image_file": "pose_5_image.png",
      "image_stamp_ns": 1769604971377410458,
      "joint_stamp_ns": 1769604971546486279,
      "position": [
        -1.3155092161944886,
        1.775637451802389,
        -2.0308710537352503,
        -1.570817772542135,
        -2.053479019795553,
        0.7740087509155273
      ],
      "camera_pose": {
        "parent_frame": "base_link",
        "child_frame": "camera_optical",
        "stamp": {
          "sec": 1769604971,
          "nanosec": 377410458,
          "stamp_ns": 1769604971377410458
        },
        "R": [
          [
            0.950441749473,
            -0.310897578141,
            0.00178234827
          ],
          [
            -0.310877526612,
            -0.950422148329,
            -0.007273473271
          ],
          [
            0.003955288496,
            0.006358920639,
            -0.999971959517
          ]
        ],
        "t": [
          0.24982838385931574,
          0.503961870246012,
          0.30384622938118966
        ]
      }
    },
    "image_6": {
      "image_file": "pose_6_image.png",
      "image_stamp_ns": 1769604974177433637,
      "joint_stamp_ns": 1769604974446448693,
      "position": [
        -1.3792937111905594,
        1.8565376440631312,
        -2.048001905480856,
        -1.5707901159869593,
        -2.4028268496142786,
        0.7388378977775574
      ],
      "camera_pose": {
        "parent_frame": "base_link",
        "child_frame": "camera_optical",
        "stamp": {
          "sec": 1769604974,
          "nanosec": 177433637,
          "stamp_ns": 1769604974177433637
        },
        "R": [
          [
            0.999990840747,
            -0.00178814165,
            0.003888569359
          ],
          [
            -0.001763364921,
            -0.999978183306,
            -0.00636580367
          ],
          [
            0.003899867482,
            0.006358888397,
            -0.999972177399
          ]
        ],
        "t": [
          0.24204425740788948,
          0.4546782845301524,
          0.3038687373642741
        ]
      }
    }
  }
}