{
  "note": "Per-image joint positions and camera pose at capture time.",
  "prompt": "yellow object.",
  "created_at": "2026-01-28T14:08:23.973024",
  "joint_names": [
    "shoulder_lift_joint",
    "elbow_joint",
    "wrist_1_joint",
    "wrist_2_joint",
    "wrist_3_joint",
    "shoulder_pan_joint"
  ],
  "shots": {
    "image_1": {
      "image_file": "pose_1_image.png",
      "image_stamp_ns": 1769605717181936830,
      "joint_stamp_ns": 1769605717390441227,
      "position": [
        -0.9727227252772828,
        1.268017594014303,
        -1.8660513363280238,
        -1.5707867781268519,
        -0.9901998678790491,
        0.5806311964988708
      ],
      "camera_pose": {
        "parent_frame": "base_link",
        "child_frame": "camera_optical",
        "stamp": {
          "sec": 1769605717,
          "nanosec": 181936830,
          "stamp_ns": 1769605717181936830
        },
        "R": [
          [
            -0.002149722283,
            -0.999978424824,
            -0.006207139433
          ],
          [
            -0.999989606166,
            0.002174620828,
            -0.004007316269
          ],
          [
            0.004020727985,
            0.0061984603,
            -0.999972706046
          ]
        ],
        "t": [
          0.5240310634706913,
          0.5624294824405093,
          0.3039490902225734
        ]
      }
    },
    "image_2": {
      "image_file": "pose_2_image.png",
      "image_stamp_ns": 1769605719981891800,
      "joint_stamp_ns": 1769605720240482194,
      "position": [
        -1.032586471443512,
        1.3646677176104944,
        -1.9027840099730433,
        -1.5708068052874964,
        -1.2856500784503382,
        0.5992981791496277
      ],
      "camera_pose": {
        "parent_frame": "base_link",
        "child_frame": "camera_optical",
        "stamp": {
          "sec": 1769605719,
          "nanosec": 981891800,
          "stamp_ns": 1769605719981891800
        },
        "R": [
          [
            0.30733133928,
            -0.951590374887,
            -0.004817293633
          ],
          [
            -0.951593976934,
            -0.307303115514,
            -0.005805020038
          ],
          [
            0.004043631852,
            0.006368172189,
            -0.999971547307
          ]
        ],
        "t": [
          0.474854144799449,
          0.5545932206313945,
          0.3038272135752938
        ]
      }
    },
    "image_3": {
      "image_file": "pose_3_image.png",
      "image_stamp_ns": 1769605722981905188,
      "joint_stamp_ns": 1769605723090441973,
      "position": [
        -1.1001234215549012,
        1.4698856512652796,
        -1.9404407940306605,
        -1.5708144346820276,
        -1.5937231222735804,
        0.6053898334503174
      ],
      "camera_pose": {
        "parent_frame": "base_link",
        "child_frame": "camera_optical",
        "stamp": {
          "sec": 1769605722,
          "nanosec": 981905188,
          "stamp_ns": 1769605722981905188
        },
        "R": [
          [
            0.586047038207,
            -0.810272178016,
            -0.002804735658
          ],
          [
            -0.810267140921,
            -0.586019269833,
            -0.006969628925
          ],
          [
            0.004003667266,
            0.006357115532,
            -0.999971778467
          ]
        ],
        "t": [
          0.43051199978423005,
          0.5320022044100662,
          0.30382581999760816
        ]
      }
    },
    "image_4": {
      "image_file": "pose_4_image.png",
      "image_stamp_ns": 1769605725781936544,
      "joint_stamp_ns": 1769605725940438715,
      "position": [
        -1.1698866051486512,
        1.5740063826190394,
        -1.9749018154540003,
        -1.5708335081683558,
        -1.916818920766012,
        0.5964903831481934
      ],
      "camera_pose": {
        "parent_frame": "base_link",
        "child_frame": "camera_optical",
        "stamp": {
          "sec": 1769605725,
          "nanosec": 781936544,
          "stamp_ns": 1769605725781936544
        },
        "R": [
          [
            0.807788718192,
            -0.589471845983,
            -0.000574069192
          ],
          [
            -0.589458945402,
            -0.807763761235,
            -0.007473802293
          ],
          [
            0.003941883744,
            0.006375643395,
            -0.999971905967
          ]
        ],
        "t": [
          0.3952876820221744,
          0.4968007101273334,
          0.30381352252205335
        ]
      }
    },
    "image_5": {
      "image_file": "pose_5_image.png",
      "image_stamp_ns": 1769605728581990823,
      "joint_stamp_ns": 1769605728840440667,
      "position": [
        -1.2357040506652375,
        1.6679680983172815,
        -2.002960821191305,
        -1.5707915464984339,
        -2.2562382856952112,
        0.5712563991546631
      ],
      "camera_pose": {
        "parent_frame": "base_link",
        "child_frame": "camera_optical",
        "stamp": {
          "sec": 1769605728,
          "nanosec": 581990823,
          "stamp_ns": 1769605728581990823
        },
        "R": [
          [
            0.950509434451,
            -0.310690467984,
            0.001802254969
          ],
          [
            -0.310670447167,
            -0.950490152157,
            -0.007234909095
          ],
          [
            0.003960842893,
            0.006316941995,
            -0.999972203597
          ]
        ],
        "t": [
          0.37261615670729675,
          0.4523807123678905,
          0.30388481250556365
        ]
      }
    },
    "image_6": {
      "image_file": "pose_6_image.png",
      "image_stamp_ns": 1769605731581953330,
      "joint_stamp_ns": 1769605731690483935,
      "position": [
        -1.2910719972899933,
        1.7434170881854456,
        -2.0230447254576625,
        -1.5707829634295862,
        -2.611198965703146,
        0.5304521322250366
      ],
      "camera_pose": {
        "parent_frame": "base_link",
        "child_frame": "camera_optical",
        "stamp": {
          "sec": 1769605731,
          "nanosec": 581953330,
          "stamp_ns": 1769605731581953330
        },
        "R": [
          [
            0.999990206965,
            -0.002097717767,
            0.003896864695
          ],
          [
            -0.002073196057,
            -0.999978093199,
            -0.00628609424
          ],
          [
            0.003909965779,
            0.006277953715,
            -0.999972649358
          ]
        ],
        "t": [
          0.3648714454843126,
          0.4032491664404486,
          0.30384917863485994
        ]
      }
    }
  }
}