[
  {
    "index": 0,
    "file": "pose_1_image.png",
    "cam_T_world": [
      [
        0.9999999798244521,
        -0.00010394620559907494,
        9.680255074571824e-05,
        -5.290450603155735e-05
      ],
      [
        0.00010395479077412222,
        0.9999999872277388,
        -4.433579253656987e-05,
        -0.0001840670635699885
      ],
      [
        -9.67933311981305e-05,
        4.43559169253904e-05,
        0.9999999886636036,
        5.459481305018063e-05
      ],
      [
        0.0,
        0.0,
        0.0,
        1.0
      ]
    ],
    "K": [
      [
        474.0963134765625,
        0.0,
        259.0
      ],
      [
        0.0,
        476.3050537109375,
        259.0
      ],
      [
        0.0,
        0.0,
        1.0
      ]
    ],
    "image_size": [
      518,
      518
    ]
  },
  {
    "index": 1,
    "file": "pose_2_image.png",
    "cam_T_world": [
      [
        0.9515402646025354,
        0.26429244100670146,
        0.1608196032585932,
        -0.17692232338194727
      ],
      [
        -0.2628359428994271,
        0.9646750087429439,
        -0.026085451967379075,
        0.015752909793329717
      ],
      [
        -0.16125102843222133,
        -0.01721913478177485,
        0.9867033301452394,
        -0.009002085861265807
      ],
      [
        0.0,
        0.0,
        0.0,
        1.0
      ]
    ],
    "K": [
      [
        483.0275573730469,
        0.0,
        259.0
      ],
      [
        0.0,
        485.3011169433594,
        259.0
      ],
      [
        0.0,
        0.0,
        1.0
      ]
    ],
    "image_size": [
      518,
      518
    ]
  },
  {
    "index": 2,
    "file": "pose_3_image.png",
    "cam_T_world": [
      [
        0.8080187867800811,
        0.5031327617662535,
        0.3035140336603556,
        -0.34127642131454844
      ],
      [
        -0.49991462393744707,
        0.8602980489772958,
        -0.09886264796128251,
        0.08481856474811704
      ],
      [
        -0.3105326606346016,
        -0.07177766850280373,
        0.9475693735379898,
        0.030990468196833574
      ],
      [
        0.0,
        0.0,
        0.0,
        1.0
      ]
    ],
    "K": [
      [
        483.0275573730469,
        0.0,
        259.0
      ],
      [
        0.0,
        485.3011169433594,
        259.0
      ],
      [
        0.0,
        0.0,
        1.0
      ]
    ],
    "image_size": [
      518,
      518
    ]
  },
  {
    "index": 3,
    "file": "pose_4_image.png",
    "cam_T_world": [
      [
        0.5830287868165377,
        0.700641550784374,
        0.41126840474936893,
        -0.46486785513617324
      ],
      [
        -0.6939734053386112,
        0.6927481351627978,
        -0.19745828243754854,
        0.18786718886820775
      ],
      [
        -0.42374348795946043,
        -0.16988212827883667,
        0.8893083990217603,
        0.09537904661912591
      ],
      [
        0.0,
        0.0,
        0.0,
        1.0
      ]
    ],
    "K": [
      [
        480.7704772949219,
        0.0,
        259.0
      ],
      [
        0.0,
        483.0275573730469,
        259.0
      ],
      [
        0.0,
        0.0,
        1.0
      ]
    ],
    "image_size": [
      518,
      518
    ]
  },
  {
    "index": 4,
    "file": "pose_5_image.png",
    "cam_T_world": [
      [
        0.30236210133810215,
        0.8158810051154514,
        0.4929594150746062,
        -0.5562685293892368
      ],
      [
        -0.8257026066974212,
        0.4845381620160366,
        -0.2943558037086602,
        0.2985881366185481
      ],
      [
        -0.47884093551416723,
        -0.31816021549916146,
        0.8183758036051375,
        0.16362809881858187
      ],
      [
        0.0,
        0.0,
        0.0,
        1.0
      ]
    ],
    "K": [
      [
        485.3011169433594,
        0.0,
        259.0
      ],
      [
        0.0,
        485.3011169433594,
        259.0
      ],
      [
        0.0,
        0.0,
        1.0
      ]
    ],
    "image_size": [
      518,
      518
    ]
  },
  {
    "index": 5,
    "file": "pose_6_image.png",
    "cam_T_world": [
      [
        0.0029809333869117416,
        0.8544099085434957,
        0.5232249335415421,
        -0.6085889246832369
      ],
      [
        -0.8652241323245272,
        0.26501277776780846,
        -0.42580071279200915,
        0.45661401760129067
      ],
      [
        -0.5023793574909537,
        -0.4540857813070503,
        0.7372997852910717,
        0.23067302630079328
      ],
      [
        0.0,
        0.0,
        0.0,
        1.0
      ]
    ],
    "K": [
      [
        489.89862060546875,
        0.0,
        259.0
      ],
      [
        0.0,
        492.2229309082031,
        259.0
      ],
      [
        0.0,
        0.0,
        1.0
      ]
    ],
    "image_size": [
      518,
      518
    ]
  }
]