{
  "note": "Per-image joint positions and camera pose at capture time.",
  "prompt": "yellow object.",
  "created_at": "2026-01-28T14:38:26.370588",
  "joint_names": [
    "shoulder_lift_joint",
    "elbow_joint",
    "wrist_1_joint",
    "wrist_2_joint",
    "wrist_3_joint",
    "shoulder_pan_joint"
  ],
  "shots": {
    "image_1": {
      "image_file": "pose_1_image.png",
      "image_stamp_ns": 1769607519641534127,
      "joint_stamp_ns": 1769607519816442222,
      "position": [
        -0.9011392158320923,
        1.148701016102926,
        -1.8183437786498011,
        -1.5707867781268519,
        -0.7791169325457972,
        0.7917410135269165
      ],
      "camera_pose": {
        "parent_frame": "base_link",
        "child_frame": "camera_optical",
        "stamp": {
          "sec": 1769607519,
          "nanosec": 641534127,
          "stamp_ns": 1769607519641534127
        },
        "R": [
          [
            -0.002110623986,
            -0.999978259829,
            -0.006247010169
          ],
          [
            -0.9999894546,
            0.002136045163,
            -0.004065464197
          ],
          [
            0.004078719709,
            0.006238363625,
            -0.999972223047
          ]
        ],
        "t": [
          0.42768347990512784,
          0.6820700129759762,
          0.30390719543024475
        ]
      }
    },
    "image_2": {
      "image_file": "pose_2_image.png",
      "image_stamp_ns": 1769607522441576441,
      "joint_stamp_ns": 1769607522716491576,
      "position": [
        -0.9536388677409668,
        1.2366283575641077,
        -1.8538061581053675,
        -1.5707672278033655,
        -1.0675442854510706,
        0.8174313306808472
      ],
      "camera_pose": {
        "parent_frame": "base_link",
        "child_frame": "camera_optical",
        "stamp": {
          "sec": 1769607522,
          "nanosec": 441576441,
          "stamp_ns": 1769607522441576441
        },
        "R": [
          [
            0.307163486359,
            -0.951645200716,
            -0.004690906392
          ],
          [
            -0.951648314117,
            -0.307136258689,
            -0.005727550723
          ],
          [
            0.004009848718,
            0.006223387608,
            -0.999972594904
          ]
        ],
        "t": [
          0.37854594843092393,
          0.6742600566682526,
          0.3039196055346891
        ]
      }
    },
    "image_3": {
      "image_file": "pose_3_image.png",
      "image_stamp_ns": 1769607525441589994,
      "joint_stamp_ns": 1769607525566440617,
      "position": [
        -1.0174945157817383,
        1.3406427542315882,
        -1.8938309154906214,
        -1.570793930684225,
        -1.3663995901690882,
        0.8327634334564209
      ],
      "camera_pose": {
        "parent_frame": "base_link",
        "child_frame": "camera_optical",
        "stamp": {
          "sec": 1769607525,
          "nanosec": 441589994,
          "stamp_ns": 1769607525441589994
        },
        "R": [
          [
            0.586064001625,
            -0.810259929217,
            -0.002798768338
          ],
          [
            -0.810254682466,
            -0.586035984512,
            -0.007012446052
          ],
          [
            0.004041725083,
            0.006377457345,
            -0.999971495842
          ]
        ],
        "t": [
          0.3342026526230469,
          0.6516528701965727,
          0.3038001740012621
        ]
      }
    },
    "image_4": {
      "image_file": "pose_4_image.png",
      "image_stamp_ns": 1769607528241608168,
      "joint_stamp_ns": 1769607528466483329,
      "position": [
        -1.087177352314331,
        1.450029198323385,
        -1.933568616906637,
        -1.5708263556109827,
        -1.6783130804644983,
        0.8349792957305908
      ],
      "camera_pose": {
        "parent_frame": "base_link",
        "child_frame": "camera_optical",
        "stamp": {
          "sec": 1769607528,
          "nanosec": 241608168,
          "stamp_ns": 1769607528241608168
        },
        "R": [
          [
            0.807847924844,
            -0.589390805564,
            -0.000456773178
          ],
          [
            -0.589377141341,
            -0.80782339957,
            -0.007479329604
          ],
          [
            0.004039256039,
            0.006311372569,
            -0.999971925099
          ]
        ],
        "t": [
          0.2989545270061148,
          0.6164318483965706,
          0.3038512296562358
        ]
      }
    },
    "image_5": {
      "image_file": "pose_5_image.png",
      "image_stamp_ns": 1769607531041636300,
      "joint_stamp_ns": 1769607531316444780,
      "position": [
        -1.1569498938373108,
        1.5551360289203089,
        -1.9688917599120082,
        -1.570772949849264,
        -2.0054076353656214,
        0.8220669031143188
      ],
      "camera_pose": {
        "parent_frame": "base_link",
        "child_frame": "camera_optical",
        "stamp": {
          "sec": 1769607531,
          "nanosec": 41636300,
          "stamp_ns": 1769607531041636300
        },
        "R": [
          [
            0.95047443325,
            -0.310797506684,
            0.00180598361
          ],
          [
            -0.310777469799,
            -0.950455183362,
            -0.007232474335
          ],
          [
            0.003964341474,
            0.006313022928,
            -0.999972214483
          ]
        ],
        "t": [
          0.2762859912113451,
          0.5720650533756853,
          0.30387060286508166
        ]
      }
    },
    "image_6": {
      "image_file": "pose_6_image.png",
      "image_stamp_ns": 1769607534041674241,
      "joint_stamp_ns": 1769607534216483580,
      "position": [
        -1.2207486790469666,
        1.646984879170553,
        -1.9969712696471156,
        -1.570780102406637,
        -2.3484471479998987,
        0.7932021021842957
      ],
      "camera_pose": {
        "parent_frame": "base_link",
        "child_frame": "camera_optical",
        "stamp": {
          "sec": 1769607534,
          "nanosec": 41674241,
          "stamp_ns": 1769607534041674241
        },
        "R": [
          [
            0.999990247041,
            -0.002050337548,
            0.003911769394
          ],
          [
            -0.002025618099,
            -0.999978022593,
            -0.006312780868
          ],
          [
            0.003924626755,
            0.006304795549,
            -0.999972423049
          ]
        ],
        "t": [
          0.2685618486065527,
          0.5229000507378453,
          0.3038498996046552
        ]
      }
    }
  }
}