{
  "note": "Per-image joint positions and camera pose at capture time.",
  "prompt": "yellow object.",
  "created_at": "2026-01-28T14:29:08.414874",
  "joint_names": [
    "shoulder_lift_joint",
    "elbow_joint",
    "wrist_1_joint",
    "wrist_2_joint",
    "wrist_3_joint",
    "shoulder_pan_joint"
  ],
  "shots": {
    "image_1": {
      "image_file": "pose_1_image.png",
      "image_stamp_ns": 1769606961589316185,
      "joint_stamp_ns": 1769606961792487054,
      "position": [
        -1.005222813492157,
        1.3207886854754847,
        -1.8863431415953578,
        -1.570810619984762,
        -0.7209146658526819,
        0.8499159812927246
      ],
      "camera_pose": {
        "parent_frame": "base_link",
        "child_frame": "camera_optical",
        "stamp": {
          "sec": 1769606961,
          "nanosec": 589316185,
          "stamp_ns": 1769606961589316185
        },
        "R": [
          [
            -0.002156982295,
            -0.999978142262,
            -0.006249994102
          ],
          [
            -0.999989461694,
            0.002182251576,
            -0.004039093821
          ],
          [
            0.004052644595,
            0.006241215984,
            -0.999972311264
          ]
        ],
        "t": [
          0.36208207519288554,
          0.6732253800139008,
          0.3039297541903086
        ]
      }
    },
    "image_2": {
      "image_file": "pose_2_image.png",
      "image_stamp_ns": 1769606964389308354,
      "joint_stamp_ns": 1769606964642434557,
      "position": [
        -1.0503742855838318,
        1.3927767912494105,
        -1.9131237469115199,
        -1.5707867781268519,
        -1.0056336561786097,
        0.8792822957038879
      ],
      "camera_pose": {
        "parent_frame": "base_link",
        "child_frame": "camera_optical",
        "stamp": {
          "sec": 1769606964,
          "nanosec": 389308354,
          "stamp_ns": 1769606964389308354
        },
        "R": [
          [
            0.307247671843,
            -0.951617686188,
            -0.004758936888
          ],
          [
            -0.951620860875,
            -0.307219599107,
            -0.005818511108
          ],
          [
            0.004074959395,
            0.00631642761,
            -0.999971748325
          ]
        ],
        "t": [
          0.31292298133310065,
          0.6654191656092673,
          0.30385079673181714
        ]
      }
    },
    "image_3": {
      "image_file": "pose_3_image.png",
      "image_stamp_ns": 1769606967389316701,
      "joint_stamp_ns": 1769606967492485731,
      "position": [
        -1.1083292824080964,
        1.4823482672320765,
        -1.9447719059386195,
        -1.5707796255694788,
        -1.300774399434225,
        0.8983398079872131
      ],
      "camera_pose": {
        "parent_frame": "base_link",
        "child_frame": "camera_optical",
        "stamp": {
          "sec": 1769606967,
          "nanosec": 389316701,
          "stamp_ns": 1769606967389316701
        },
        "R": [
          [
            0.585990367474,
            -0.810313253158,
            -0.002778665889
          ],
          [
            -0.810307784875,
            -0.585962289684,
            -0.007034830435
          ],
          [
            0.004072222909,
            0.006373917474,
            -0.999971394679
          ]
        ],
        "t": [
          0.2685973628599152,
          0.6428205923722606,
          0.30381494662861186
        ]
      }
    },
    "image_4": {
      "image_file": "pose_4_image.png",
      "image_stamp_ns": 1769606970189339851,
      "joint_stamp_ns": 1769606970392439968,
      "position": [
        -1.1743919414332886,
        1.580609146748678,
        -1.9769770107665003,
        -1.570810619984762,
        -1.609272305165426,
        0.9039955735206604
      ],
      "camera_pose": {
        "parent_frame": "base_link",
        "child_frame": "camera_optical",
        "stamp": {
          "sec": 1769606970,
          "nanosec": 189339851,
          "stamp_ns": 1769606970189339851
        },
        "R": [
          [
            0.807756663137,
            -0.589515859962,
            -0.000473298284
          ],
          [
            -0.589502364957,
            -0.807732181089,
            -0.007462261284
          ],
          [
            0.004016823123,
            0.006306701732,
            -0.999972044932
          ]
        ],
        "t": [
          0.233371699881407,
          0.6076156562722906,
          0.303866152715749
        ]
      }
    },
    "image_5": {
      "image_file": "pose_5_image.png",
      "image_stamp_ns": 1769606972989338170,
      "joint_stamp_ns": 1769606973242446213,
      "position": [
        -1.2433195871165772,
        1.6784403959857386,
        -2.0059219799437464,
        -1.5707867781268519,
        -1.9337008635150355,
        0.893759548664093
      ],
      "camera_pose": {
        "parent_frame": "base_link",
        "child_frame": "camera_optical",
        "stamp": {
          "sec": 1769606972,
          "nanosec": 989338170,
          "stamp_ns": 1769606972989338170
        },
        "R": [
          [
            0.95049046801,
            -0.31074841432,
            0.001814723214
          ],
          [
            -0.310728376762,
            -0.950471336712,
            -0.007219000223
          ],
          [
            0.003968135271,
            0.006297704902,
            -0.999972296024
          ]
        ],
        "t": [
          0.21066086894773034,
          0.5632350735025192,
          0.30388391050806257
        ]
      }
    },
    "image_6": {
      "image_file": "pose_6_image.png",
      "image_stamp_ns": 1769606975989373638,
      "joint_stamp_ns": 1769606976142487902,
      "position": [
        -1.3091078263572236,
        1.7671712080584925,
        -2.0288502178587855,
        -1.57080585161318,
        -2.2754691282855433,
        0.8661924600601196
      ],
      "camera_pose": {
        "parent_frame": "base_link",
        "child_frame": "camera_optical",
        "stamp": {
          "sec": 1769606975,
          "nanosec": 989373638,
          "stamp_ns": 1769606975989373638
        },
        "R": [
          [
            0.999990065867,
            -0.002032416142,
            0.003967045702
          ],
          [
            -0.002007644467,
            -0.999978525701,
            -0.006238389248
          ],
          [
            0.003979639516,
            0.006230362858,
            -0.999972672151
          ]
        ],
        "t": [
          0.20290358509193113,
          0.5140762234066141,
          0.30389449859784806
        ]
      }
    }
  }
}