{
  "note": "Per-image joint positions and camera pose at capture time.",
  "prompt": "yellow object.",
  "created_at": "2026-01-28T14:24:31.613203",
  "joint_names": [
    "shoulder_lift_joint",
    "elbow_joint",
    "wrist_1_joint",
    "wrist_2_joint",
    "wrist_3_joint",
    "shoulder_pan_joint"
  ],
  "shots": {
    "image_1": {
      "image_file": "pose_1_image.png",
      "image_stamp_ns": 1769606684787617630,
      "joint_stamp_ns": 1769606684956502230,
      "position": [
        -1.0645677012256165,
        1.4149673620807093,
        -1.9211303196349085,
        -1.5708139578448694,
        -0.808270279561178,
        0.7625911235809326
      ],
      "camera_pose": {
        "parent_frame": "base_link",
        "child_frame": "camera_optical",
        "stamp": {
          "sec": 1769606684,
          "nanosec": 787617630,
          "stamp_ns": 1769606684787617630
        },
        "R": [
          [
            -0.002125382729,
            -0.999977907148,
            -0.006298250918
          ],
          [
            -0.999989463271,
            0.002150950164,
            -0.004055460685
          ],
          [
            0.004068918312,
            0.006289565149,
            -0.999971942243
          ]
        ],
        "t": [
          0.3953415958128835,
          0.6212405018851024,
          0.3038874937842056
        ]
      }
    },
    "image_2": {
      "image_file": "pose_2_image.png",
      "image_stamp_ns": 1769606687587647126,
      "joint_stamp_ns": 1769606687806499081,
      "position": [
        -1.1129253965667267,
        1.4892872015582483,
        -1.9471427402892054,
        -1.570777718220846,
        -1.095062557850973,
        0.789918065071106
      ],
      "camera_pose": {
        "parent_frame": "base_link",
        "child_frame": "camera_optical",
        "stamp": {
          "sec": 1769606687,
          "nanosec": 587647126,
          "stamp_ns": 1769606687587647126
        },
        "R": [
          [
            0.307126458143,
            -0.95165677998,
            -0.004765692704
          ],
          [
            -0.951660071925,
            -0.307098478967,
            -0.005799286216
          ],
          [
            0.004055393066,
            0.006316433696,
            -0.999971827829
          ]
        ],
        "t": [
          0.3461870434057774,
          0.6134567159086808,
          0.30385527458865935
        ]
      }
    },
    "image_3": {
      "image_file": "pose_3_image.png",
      "image_stamp_ns": 1769606690387653643,
      "joint_stamp_ns": 1769606690656437911,
      "position": [
        -1.1728949707797547,
        1.5784066359149378,
        -1.9762574634947718,
        -1.5708368460284632,
        -1.3935201803790491,
        0.8056496381759644
      ],
      "camera_pose": {
        "parent_frame": "base_link",
        "child_frame": "camera_optical",
        "stamp": {
          "sec": 1769606690,
          "nanosec": 387653643,
          "stamp_ns": 1769606690387653643
        },
        "R": [
          [
            0.585968471531,
            -0.810329174532,
            -0.00275304817
          ],
          [
            -0.810323863232,
            -0.585940999074,
            -0.006955737256
          ],
          [
            0.004023313034,
            0.006306703357,
            -0.999972018831
          ]
        ],
        "t": [
          0.3018642518275889,
          0.5908071310098812,
          0.3038829267259419
        ]
      }
    },
    "image_4": {
      "image_file": "pose_4_image.png",
      "image_stamp_ns": 1769606693387692276,
      "joint_stamp_ns": 1769606693506486442,
      "position": [
        -1.2399048966220398,
        1.6737220923053187,
        -2.0046149692931117,
        -1.5708344618426722,
        -1.706599537526266,
        0.8067073822021484
      ],
      "camera_pose": {
        "parent_frame": "base_link",
        "child_frame": "camera_optical",
        "stamp": {
          "sec": 1769606693,
          "nanosec": 387692276,
          "stamp_ns": 1769606693387692276
        },
        "R": [
          [
            0.807806979645,
            -0.589446892418,
            -0.000494627001
          ],
          [
            -0.589433262477,
            -0.807781981915,
            -0.007529859159
          ],
          [
            0.004038901303,
            0.006374222391,
            -0.999971527877
          ]
        ],
        "t": [
          0.26658867126151176,
          0.55562063086356,
          0.3038352580840522
        ]
      }
    },
    "image_5": {
      "image_file": "pose_5_image.png",
      "image_stamp_ns": 1769606696187704873,
      "joint_stamp_ns": 1769606696356435913,
      "position": [
        -1.3086838287166138,
        1.7666428724872034,
        -2.028757234612936,
        -1.570751969014303,
        -2.0368107000934046,
        0.7906888127326965
      ],
      "camera_pose": {
        "parent_frame": "base_link",
        "child_frame": "camera_optical",
        "stamp": {
          "sec": 1769606696,
          "nanosec": 187704873,
          "stamp_ns": 1769606696187704873
        },
        "R": [
          [
            0.950443604044,
            -0.310891719796,
            0.001814963921
          ],
          [
            -0.310871850399,
            -0.950424750046,
            -0.007175453287
          ],
          [
            0.003955775643,
            0.00625564249,
            -0.999972609013
          ]
        ],
        "t": [
          0.24392326180273247,
          0.5112643319401277,
          0.3038855867744988
        ]
      }
    },
    "image_6": {
      "image_file": "pose_6_image.png",
      "image_stamp_ns": 1769606698987701331,
      "joint_stamp_ns": 1769606699256484990,
      "position": [
        -1.3727750194123765,
        1.8484862486468714,
        -2.0464683971800746,
        -1.5707600752459925,
        -2.385148350392477,
        0.7564956545829773
      ],
      "camera_pose": {
        "parent_frame": "base_link",
        "child_frame": "camera_optical",
        "stamp": {
          "sec": 1769606698,
          "nanosec": 987701331,
          "stamp_ns": 1769606698987701331
        },
        "R": [
          [
            0.999989962367,
            -0.002028403243,
            0.003995090286
          ],
          [
            -0.002003394773,
            -0.999978437424,
            -0.006253886437
          ],
          [
            0.004007689545,
            0.006245819919,
            -0.9999724637
          ]
        ],
        "t": [
          0.2361599369193612,
          0.4620566366025635,
          0.30392620431576534
        ]
      }
    }
  }
}