{
  "note": "Per-image joint positions and camera pose at capture time.",
  "prompt": "blue object.",
  "created_at": "2026-01-28T16:01:24.496481",
  "joint_names": [
    "shoulder_lift_joint",
    "elbow_joint",
    "wrist_1_joint",
    "wrist_2_joint",
    "wrist_3_joint",
    "shoulder_pan_joint"
  ],
  "shots": {
    "image_1": {
      "image_file": "pose_1_image.png",
      "image_stamp_ns": 1769612497726963750,
      "joint_stamp_ns": 1769612497900492715,
      "position": [
        -1.3912037026933213,
        1.8711569944964808,
        -2.0506802997984828,
        -1.5708335081683558,
        -0.7638638655291956,
        0.8069745302200317
      ],
      "camera_pose": {
        "parent_frame": "base_link",
        "child_frame": "camera_optical",
        "stamp": {
          "sec": 1769612497,
          "nanosec": 726963750,
          "stamp_ns": 1769612497726963750
        },
        "R": [
          [
            -0.00215412046,
            -0.999978208974,
            -0.006240299922
          ],
          [
            -0.999989472387,
            0.002179343705,
            -0.004038016273
          ],
          [
            0.004051528039,
            0.006231535853,
            -0.999972376159
          ]
        ],
        "t": [
          0.2658266718692745,
          0.5294529510764941,
          0.30389051759746666
        ]
      }
    },
    "image_2": {
      "image_file": "pose_2_image.png",
      "image_stamp_ns": 1769612500526947057,
      "joint_stamp_ns": 1769612500750490028,
      "position": [
        -1.4341019254973908,
        1.922251049672262,
        -2.058970113793844,
        -1.570740048085348,
        -1.0402606169330042,
        0.8446864485740662
      ],
      "camera_pose": {
        "parent_frame": "base_link",
        "child_frame": "camera_optical",
        "stamp": {
          "sec": 1769612500,
          "nanosec": 526947057,
          "stamp_ns": 1769612500526947057
        },
        "R": [
          [
            0.307061928062,
            -0.951677924205,
            -0.004701161122
          ],
          [
            -0.951680819704,
            -0.307034228024,
            -0.005796570512
          ],
          [
            0.004073050817,
            0.006253910988,
            -0.999972149039
          ]
        ],
        "t": [
          0.21667012305666736,
          0.5216639474360558,
          0.3038776136439607
        ]
      }
    },
    "image_3": {
      "image_file": "pose_3_image.png",
      "image_stamp_ns": 1769612503326991447,
      "joint_stamp_ns": 1769612503600493513,
      "position": [
        -1.4918056291392823,
        1.9876230398761194,
        -2.0665699444212855,
        -1.5707743803607386,
        -1.3304627577411097,
        0.868646502494812
      ],
      "camera_pose": {
        "parent_frame": "base_link",
        "child_frame": "camera_optical",
        "stamp": {
          "sec": 1769612503,
          "nanosec": 326991447,
          "stamp_ns": 1769612503326991447
        },
        "R": [
          [
            0.586303432036,
            -0.810086904571,
            -0.002737265981
          ],
          [
            -0.810081621301,
            -0.586276202616,
            -0.006926837467
          ],
          [
            0.004006546417,
            0.006278637444,
            -0.999972262764
          ]
        ],
        "t": [
          0.17225950025527828,
          0.4990159789361894,
          0.3038991303539619
        ]
      }
    },
    "image_4": {
      "image_file": "pose_4_image.png",
      "image_stamp_ns": 1769612506327025244,
      "joint_stamp_ns": 1769612506450449133,
      "position": [
        -1.5617515177330752,
        2.061387364064352,
        -2.0703946552672328,
        -1.5707867781268519,
        -1.6388075987445276,
        0.8744852542877197
      ],
      "camera_pose": {
        "parent_frame": "base_link",
        "child_frame": "camera_optical",
        "stamp": {
          "sec": 1769612506,
          "nanosec": 327025244,
          "stamp_ns": 1769612506327025244
        },
        "R": [
          [
            0.807747142061,
            -0.58952892006,
            -0.000454868024
          ],
          [
            -0.589515313571,
            -0.807722742278,
            -0.007461010143
          ],
          [
            0.004031074004,
            0.006294761286,
            -0.999972062821
          ]
        ],
        "t": [
          0.13708779105765856,
          0.46383971494502607,
          0.3038824224599582
        ]
      }
    },
    "image_5": {
      "image_file": "pose_5_image.png",
      "image_stamp_ns": 1769612509127006900,
      "joint_stamp_ns": 1769612509300443475,
      "position": [
        -1.6399480305113734,
        2.1366685072528284,
        -2.0674601993956507,
        -1.570817772542135,
        -1.96973163286318,
        0.8577495813369751
      ],
      "camera_pose": {
        "parent_frame": "base_link",
        "child_frame": "camera_optical",
        "stamp": {
          "sec": 1769612509,
          "nanosec": 127006900,
          "stamp_ns": 1769612509127006900
        },
        "R": [
          [
            0.950433858743,
            -0.3109214291,
            0.001828956382
          ],
          [
            -0.310901188952,
            -0.950414614488,
            -0.007246466468
          ],
          [
            0.003991348585,
            0.006318662373,
            -0.999972071431
          ]
        ],
        "t": [
          0.11442125083727,
          0.41946791841718706,
          0.30388344745223067
        ]
      }
    },
    "image_6": {
      "image_file": "pose_6_image.png",
      "image_stamp_ns": 1769612511927055080,
      "joint_stamp_ns": 1769612512200443158,
      "position": [
        -1.720264574090475,
        2.2062533537494105,
        -2.0566593609251917,
        -1.5708296934710901,
        -2.3266857306109827,
        0.8149988055229187
      ],
      "camera_pose": {
        "parent_frame": "base_link",
        "child_frame": "camera_optical",
        "stamp": {
          "sec": 1769612511,
          "nanosec": 927055080,
          "stamp_ns": 1769612511927055080
        },
        "R": [
          [
            0.999990506238,
            -0.001671815129,
            0.004023986553
          ],
          [
            -0.00164691138,
            -0.999979521451,
            -0.006184202541
          ],
          [
            0.004034242991,
            0.00617751668,
            -0.999972781215
          ]
        ],
        "t": [
          0.10662568270084995,
          0.3702104191520693,
          0.3039200547547219
        ]
      }
    }
  }
}