[
  {
    "index": 0,
    "file": "pose_1_image.png",
    "cam_T_world": [
      [
        0.9999998872044811,
        0.0002707618369889767,
        0.00031478274314027896,
        7.344115112556953e-05
      ],
      [
        -0.0002709251094678999,
        0.9999999189603961,
        0.0002593141449720739,
        -0.00013254426077805826
      ],
      [
        -0.00031464222985538756,
        -0.00025948462064859663,
        0.9999998932726294,
        0.00014020140192189007
      ],
      [
        0.0,
        0.0,
        0.0,
        1.0
      ]
    ],
    "K": [
      [
        448.7682800292969,
        0.0,
        259.0
      ],
      [
        0.0,
        448.7682800292969,
        259.0
      ],
      [
        0.0,
        0.0,
        1.0
      ]
    ],
    "image_size": [
      518,
      518
    ]
  },
  {
    "index": 1,
    "file": "pose_2_image.png",
    "cam_T_world": [
      [
        0.9512721114483685,
        0.2655632721085219,
        0.1573366574332825,
        -0.14829844778893017
      ],
      [
        -0.26552458099754744,
        0.9638687113187993,
        -0.021556737900546033,
        0.015173368889813405
      ],
      [
        -0.15740194868190677,
        -0.021322868262939654,
        0.9874033706396123,
        -0.015848856888781748
      ],
      [
        0.0,
        0.0,
        0.0,
        1.0
      ]
    ],
    "K": [
      [
        465.41693115234375,
        0.0,
        259.0
      ],
      [
        0.0,
        465.41693115234375,
        259.0
      ],
      [
        0.0,
        0.0,
        1.0
      ]
    ],
    "image_size": [
      518,
      518
    ]
  },
  {
    "index": 2,
    "file": "pose_3_image.png",
    "cam_T_world": [
      [
        0.8103487788548189,
        0.5091221522348677,
        0.2910325104715738,
        -0.2963509078393302
      ],
      [
        -0.5102584960384019,
        0.8572017318739407,
        -0.07984152732166963,
        0.06312949291081932
      ],
      [
        -0.2890362307188213,
        -0.08301734320540095,
        0.9536301341975446,
        -0.04289870553647096
      ],
      [
        0.0,
        0.0,
        0.0,
        1.0
      ]
    ],
    "K": [
      [
        489.89862060546875,
        0.0,
        259.0
      ],
      [
        0.0,
        489.89862060546875,
        259.0
      ],
      [
        0.0,
        0.0,
        1.0
      ]
    ],
    "image_size": [
      518,
      518
    ]
  },
  {
    "index": 3,
    "file": "pose_4_image.png",
    "cam_T_world": [
      [
        0.5829173788022673,
        0.7018992970422808,
        0.4071791465575939,
        -0.4219250459711192
      ],
      [
        -0.7002096114252928,
        0.6903144876757366,
        -0.19172257544117483,
        0.16924119699093707
      ],
      [
        -0.41560099493663855,
        -0.1726290966593365,
        0.8933734368593658,
        0.01754060052150424
      ],
      [
        0.0,
        0.0,
        0.0,
        1.0
      ]
    ],
    "K": [
      [
        492.2229309082031,
        0.0,
        259.0
      ],
      [
        0.0,
        492.2229309082031,
        259.0
      ],
      [
        0.0,
        0.0,
        1.0
      ]
    ],
    "image_size": [
      518,
      518
    ]
  },
  {
    "index": 4,
    "file": "pose_5_image.png",
    "cam_T_world": [
      [
        0.3102093258275908,
        0.8274805715161279,
        0.46782178666745583,
        -0.48847596523388886
      ],
      [
        -0.8180936074167872,
        0.4829104298430072,
        -0.31174285710126787,
        0.2848168433468007
      ],
      [
        -0.481955816789594,
        -0.28781982249855814,
        0.8268722123549554,
        0.08467223974514608
      ],
      [
        0.0,
        0.0,
        0.0,
        1.0
      ]
    ],
    "K": [
      [
        487.5914306640625,
        0.0,
        259.0
      ],
      [
        0.0,
        487.5914306640625,
        259.0
      ],
      [
        0.0,
        0.0,
        1.0
      ]
    ],
    "image_size": [
      518,
      518
    ]
  },
  {
    "index": 5,
    "file": "pose_6_image.png",
    "cam_T_world": [
      [
        0.003366787234434831,
        0.8753836897277008,
        0.4862661425858037,
        -0.5157115304068459
      ],
      [
        -0.8668872391426093,
        0.24538331414214432,
        -0.43773381563249314,
        0.4139549331342661
      ],
      [
        -0.4994177708047337,
        -0.4201867344496494,
        0.7577095248256183,
        0.16045052333279833
      ],
      [
        0.0,
        0.0,
        0.0,
        1.0
      ]
    ],
    "K": [
      [
        483.0275573730469,
        0.0,
        259.0
      ],
      [
        0.0,
        485.3011169433594,
        259.0
      ],
      [
        0.0,
        0.0,
        1.0
      ]
    ],
    "image_size": [
      518,
      518
    ]
  },
  {
    "index": 6,
    "file": "pose_7_image.png",
    "cam_T_world": [
      [
        -0.2949009607139828,
        0.8375270620325036,
        0.453972780816094,
        -0.47285958749924883
      ],
      [
        -0.8249914013475116,
        0.008760899363219147,
        -0.5578127908611753,
        0.5114319287208141
      ],
      [
        -0.4710533279501579,
        -0.5426048837827256,
        0.6921056939262044,
        0.24721570684675778
      ],
      [
        0.0,
        0.0,
        0.0,
        1.0
      ]
    ],
    "K": [
      [
        461.1679992675781,
        0.0,
        259.0
      ],
      [
        0.0,
        461.1679992675781,
        259.0
      ],
      [
        0.0,
        0.0,
        1.0
      ]
    ],
    "image_size": [
      518,
      518
    ]
  },
  {
    "index": 7,
    "file": "pose_8_image.png",
    "cam_T_world": [
      [
        -0.578488356318478,
        0.7185590360949913,
        0.39154070236242394,
        -0.4153315685519982
      ],
      [
        -0.7159693147141272,
        -0.21504657847130407,
        -0.6636865472208417,
        0.6133583987886427
      ],
      [
        -0.3923861683432951,
        -0.6608835546783959,
        0.6404588843721544,
        0.2991306354737788
      ],
      [
        0.0,
        0.0,
        0.0,
        1.0
      ]
    ],
    "K": [
      [
        456.9778747558594,
        0.0,
        259.0
      ],
      [
        0.0,
        456.9778747558594,
        259.0
      ],
      [
        0.0,
        0.0,
        1.0
      ]
    ],
    "image_size": [
      518,
      518
    ]
  },
  {
    "index": 8,
    "file": "pose_9_image.png",
    "cam_T_world": [
      [
        -0.7918722730552115,
        0.5422715099402421,
        0.2794039838494098,
        -0.3092568196050715
      ],
      [
        -0.5301659080704494,
        -0.3935797588380056,
        -0.7520724004162322,
        0.6957819997987323
      ],
      [
        -0.2969986710812138,
        -0.7455862008145905,
        0.5995190795475482,
        0.3401179924451225
      ],
      [
        0.0,
        0.0,
        0.0,
        1.0
      ]
    ],
    "K": [
      [
        452.84503173828125,
        0.0,
        259.0
      ],
      [
        0.0,
        456.9778747558594,
        259.0
      ],
      [
        0.0,
        0.0,
        1.0
      ]
    ],
    "image_size": [
      518,
      518
    ]
  },
  {
    "index": 9,
    "file": "pose_10_image.png",
    "cam_T_world": [
      [
        -0.9364841934995072,
        0.32092750440674733,
        0.14474643142854082,
        -0.18838824189311165
      ],
      [
        -0.2997367812919922,
        -0.5142333662094393,
        -0.8027962931138953,
        0.7434607501510031
      ],
      [
        -0.18280722083179002,
        -0.7948025273900504,
        0.5767692896228933,
        0.3712879503158341
      ],
      [
        0.0,
        0.0,
        0.0,
        1.0
      ]
    ],
    "K": [
      [
        461.1679992675781,
        0.0,
        259.0
      ],
      [
        0.0,
        461.1679992675781,
        259.0
      ],
      [
        0.0,
        0.0,
        1.0
      ]
    ],
    "image_size": [
      518,
      518
    ]
  },
  {
    "index": 10,
    "file": "pose_11_image.png",
    "cam_T_world": [
      [
        -0.9085430729779925,
        0.38836809851462795,
        0.16732952271207183,
        -0.22262770560891748
      ],
      [
        -0.3768893043460856,
        -0.5600441240259106,
        -0.7360607453524902,
        0.6891004578799991
      ],
      [
        -0.19322688898755577,
        -0.731876229193645,
        0.6531434584506857,
        0.3042683630536624
      ],
      [
        0.0,
        0.0,
        0.0,
        1.0
      ]
    ],
    "K": [
      [
        461.1679992675781,
        0.0,
        259.0
      ],
      [
        0.0,
        456.9778747558594,
        259.0
      ],
      [
        0.0,
        0.0,
        1.0
      ]
    ],
    "image_size": [
      518,
      518
    ]
  },
  {
    "index": 11,
    "file": "pose_12_image.png",
    "cam_T_world": [
      [
        -0.47405261928170433,
        0.8095068239532469,
        0.342062394166851,
        -0.45368339101721483
      ],
      [
        -0.772295211146918,
        -0.19382611837920322,
        -0.6050976990114676,
        0.571259280795061
      ],
      [
        -0.4259354443092023,
        -0.548979889507538,
        0.7183182894423769,
        0.17612303543928137
      ],
      [
        0.0,
        0.0,
        0.0,
        1.0
      ]
    ],
    "K": [
      [
        440.77801513671875,
        0.0,
        259.0
      ],
      [
        0.0,
        436.8620910644531,
        259.0
      ],
      [
        0.0,
        0.0,
        1.0
      ]
    ],
    "image_size": [
      518,
      518
    ]
  },
  {
    "index": 12,
    "file": "pose_13_image.png",
    "cam_T_world": [
      [
        -0.1609612811699782,
        0.8753239424301241,
        0.44675962034012756,
        -0.5500689522820161
      ],
      [
        -0.8559820631907046,
        0.09771886942227022,
        -0.506247879102499,
        0.4984273604113644
      ],
      [
        -0.487352981113002,
        -0.4644470387278782,
        0.7373527157151948,
        0.1321707075454539
      ],
      [
        0.0,
        0.0,
        0.0,
        1.0
      ]
    ],
    "K": [
      [
        436.8620910644531,
        0.0,
        259.0
      ],
      [
        0.0,
        440.77801513671875,
        259.0
      ],
      [
        0.0,
        0.0,
        1.0
      ]
    ],
    "image_size": [
      518,
      518
    ]
  }
]