{
  "samples": [
    {
      "image": "000001.png",
      "stamp": {
        "sec": 1769705517,
        "nanosec": 223390783
      },
      "joint_state": {
        "name": [
          "shoulder_lift_joint",
          "elbow_joint",
          "wrist_1_joint",
          "wrist_2_joint",
          "wrist_3_joint",
          "shoulder_pan_joint"
        ],
        "position": [
          -1.6230446300902308,
          1.6025217215167444,
          -1.7733684978880824,
          -1.1266563574420374,
          -0.9449327627765101,
          0.4767530858516693
        ],
        "velocity": [
          0.0,
          -0.0,
          0.0,
          0.0,
          0.0,
          0.0
        ],
        "effort": [
          -2.1910078525543213,
          -2.1337406635284424,
          -0.5413447618484497,
          0.12627294659614563,
          -0.005540274083614349,
          0.038617346435785294
        ]
      },
      "frames": {
        "base": "base_link",
        "tool": "tool0"
      },
      "T_base_tool": [
        [
          0.994459532674176,
          -0.10325971495522081,
          -0.0196893153975966,
          0.351901251520193
        ],
        [
          -0.0816895213696101,
          -0.8770068132711983,
          0.47348270462003356,
          0.3799736845372222
        ],
        [
          -0.06615935286762939,
          -0.4692509784148185,
          -0.8805830223691986,
          0.5293425073785682
        ],
        [
          0.0,
          0.0,
          0.0,
          1.0
        ]
      ]
    },
    {
      "image": "000002.png",
      "stamp": {
        "sec": 1769705533,
        "nanosec": 23519924
      },
      "joint_state": {
        "name": [
          "shoulder_lift_joint",
          "elbow_joint",
          "wrist_1_joint",
          "wrist_2_joint",
          "wrist_3_joint",
          "shoulder_pan_joint"
        ],
        "position": [
          -1.6125771007933558,
          1.5938380400287073,
          -1.7804137669005335,
          -1.1291707197772425,
          -0.9324844519244593,
          0.4882698059082031
        ],
        "velocity": [
          0.0,
          -0.0,
          0.0,
          0.0,
          0.0,
          0.0
        ],
        "effort": [
          -2.0294501781463623,
          -2.837728977203369,
          -0.5138343572616577,
          0.13596536219120026,
          0.022543061524629593,
          0.136572003364563
        ]
      },
      "frames": {
        "base": "base_link",
        "tool": "tool0"
      },
      "T_base_tool": [
        [
          0.9944466705108779,
          -0.10336836327052373,
          -0.01976868697214088,
          0.35190926409549844
        ],
        [
          -0.08175106245886657,
          -0.8770227747680654,
          0.4734425163892335,
          0.38605291040395673
        ],
        [
          -0.06627656672366149,
          -0.4691972229381758,
          -0.8806028518523137,
          0.5293168796972288
        ],
        [
          0.0,
          0.0,
          0.0,
          1.0
        ]
      ]
    },
    {
      "image": "000003.png",
      "stamp": {
        "sec": 1769705540,
        "nanosec": 23628324
      },
      "joint_state": {
        "name": [
          "shoulder_lift_joint",
          "elbow_joint",
          "wrist_1_joint",
          "wrist_2_joint",
          "wrist_3_joint",
          "shoulder_pan_joint"
        ],
        "position": [
          -1.6803037128844203,
          1.6468632856952112,
          -1.7285176716246546,
          -1.1125806013690394,
          -1.0190852324115198,
          0.4086570739746094
        ],
        "velocity": [
          0.0,
          -0.0,
          -0.0,
          -0.0,
          0.0,
          0.0
        ],
        "effort": [
          -2.0031423568725586,
          -2.510223388671875,
          -0.4380802810192108,
          0.20808807015419006,
          -0.008922824636101723,
          0.08172336220741272
        ]
      },
      "frames": {
        "base": "base_link",
        "tool": "tool0"
      },
      "T_base_tool": [
        [
          0.9944869188913981,
          -0.10303990641581358,
          -0.01945625451401723,
          0.3520046159740652
        ],
        [
          -0.08159603568157174,
          -0.8769493160257895,
          0.4736053041119279,
          0.3457022629004343
        ],
        [
          -0.06586239530221707,
          -0.46940672641933934,
          -0.8805222711989369,
          0.5292880047175139
        ],
        [
          0.0,
          0.0,
          0.0,
          1.0
        ]
      ]
    },
    {
      "image": "000004.png",
      "stamp": {
        "sec": 1769705544,
        "nanosec": 623600156
      },
      "joint_state": {
        "name": [
          "shoulder_lift_joint",
          "elbow_joint",
          "wrist_1_joint",
          "wrist_2_joint",
          "wrist_3_joint",
          "shoulder_pan_joint"
        ],
        "position": [
          -1.639200826684469,
          1.6074560324298304,
          -1.721243520776266,
          -1.109072510396139,
          -1.0395901838885706,
          0.38998132944107056
        ],
        "velocity": [
          2.2193555196281523e-05,
          -0.0,
          0.0,
          0.0,
          -0.0,
          0.0
        ],
        "effort": [
          -1.8555101156234741,
          -2.6576719284057617,
          -0.32073310017585754,
          0.1842791885137558,
          -0.09356663376092911,
          -0.3092476725578308
        ]
      },
      "frames": {
        "base": "base_link",
        "tool": "tool0"
      },
      "T_base_tool": [
        [
          0.9944988141116394,
          -0.10295486559586722,
          -0.01929778175541655,
          0.373791569577377
        ],
        [
          -0.08158758776818556,
          -0.8768924969360481,
          0.4737119529201599,
          0.3457275996372142
        ],
        [
          -0.06569303047288497,
          -0.46953151594690645,
          -0.8804683874392589,
          0.5293383149151928
        ],
        [
          0.0,
          0.0,
          0.0,
          1.0
        ]
      ]
    },
    {
      "image": "000005.png",
      "stamp": {
        "sec": 1769705547,
        "nanosec": 823623833
      },
      "joint_state": {
        "name": [
          "shoulder_lift_joint",
          "elbow_joint",
          "wrist_1_joint",
          "wrist_2_joint",
          "wrist_3_joint",
          "shoulder_pan_joint"
        ],
        "position": [
          -1.7157541714110316,
          1.6795175711261194,
          -1.7341720066466273,
          -1.1160734335528772,
          -0.9996851126300257,
          0.426419734954834
        ],
        "velocity": [
          0.0,
          -0.0,
          0.0,
          0.0,
          -0.0,
          0.0
        ],
        "effort": [
          -2.2110464572906494,
          -1.9573450088500977,
          -0.551042914390564,
          0.14931076765060425,
          0.006138740107417107,
          0.2972789406776428
        ]
      },
      "frames": {
        "base": "base_link",
        "tool": "tool0"
      },
      "T_base_tool": [
        [
          0.9944978175332935,
          -0.10295949355472843,
          -0.019324430353052476,
          0.3737974241864728
        ],
        [
          -0.08157618331085671,
          -0.8768721729771105,
          0.47375153675195,
          0.3457291274491192
        ],
        [
          -0.06572227352998103,
          -0.4695684560799996,
          -0.8804465048012267,
          0.5293364942085894
        ],
        [
          0.0,
          0.0,
          0.0,
          1.0
        ]
      ]
    },
    {
      "image": "000006.png",
      "stamp": {
        "sec": 1769705553,
        "nanosec": 23667611
      },
      "joint_state": {
        "name": [
          "shoulder_lift_joint",
          "elbow_joint",
          "wrist_1_joint",
          "wrist_2_joint",
          "wrist_3_joint",
          "shoulder_pan_joint"
        ],
        "position": [
          -1.7328292332091273,
          1.7063501516925257,
          -1.7944990597166957,
          -1.141043488179342,
          -0.8798578421222132,
          0.4372800588607788
        ],
        "velocity": [
          -0.00014841028314549476,
          -3.8850972487125546e-05,
          -0.0009179627522826195,
          -0.00043032236862927675,
          0.000744361081160605,
          0.0
        ],
        "effort": [
          -2.0618038177490234,
          -2.3084781169891357,
          -0.7288411259651184,
          -0.015232453122735023,
          0.17639200389385223,
          0.3140549957752228
        ]
      },
      "frames": {
        "base": "base_link",
        "tool": "tool0"
      },
      "T_base_tool": [
        [
          0.9815510113624377,
          -0.18931624945534534,
          0.02677629148215289,
          0.3268456341427234
        ],
        [
          -0.1792978421807864,
          -0.8627376457999223,
          0.4727959795820201,
          0.345747654265623
        ],
        [
          -0.06640704693546898,
          -0.46887430321118,
          -0.880765003792465,
          0.5292813846826993
        ],
        [
          0.0,
          0.0,
          0.0,
          1.0
        ]
      ]
    },
    {
      "image": "000007.png",
      "stamp": {
        "sec": 1769705554,
        "nanosec": 623619806
      },
      "joint_state": {
        "name": [
          "shoulder_lift_joint",
          "elbow_joint",
          "wrist_1_joint",
          "wrist_2_joint",
          "wrist_3_joint",
          "shoulder_pan_joint"
        ],
        "position": [
          -1.7423840961852015,
          1.721489731465475,
          -1.8303858242430628,
          -1.1597326437579554,
          -0.804812256489889,
          0.44564011693000793
        ],
        "velocity": [
          -0.026784708723425865,
          0.04660707712173462,
          -0.11288367211818695,
          -0.06333579868078232,
          0.23764051496982574,
          0.02806389145553112
        ],
        "effort": [
          -2.5209782123565674,
          -1.6428242921829224,
          -0.8201468586921692,
          -0.0722283348441124,
          0.26724597811698914,
          0.5597909688949585
        ]
      },
      "frames": {
        "base": "base_link",
        "tool": "tool0"
      },
      "T_base_tool": [
        [
          0.9813065992081473,
          -0.1904752973413232,
          0.02750489871413885,
          0.3267761442974862
        ],
        [
          -0.1806599092975756,
          -0.8624711134887311,
          0.4727637629621169,
          0.3457592004339166
        ],
        [
          -0.06632763770203397,
          -0.468895232968137,
          -0.8807598452340029,
          0.5293116442176592
        ],
        [
          0.0,
          0.0,
          0.0,
          1.0
        ]
      ]
    },
    {
      "image": "000008.png",
      "stamp": {
        "sec": 1769705557,
        "nanosec": 23920430
      },
      "joint_state": {
        "name": [
          "shoulder_lift_joint",
          "elbow_joint",
          "wrist_1_joint",
          "wrist_2_joint",
          "wrist_3_joint",
          "shoulder_pan_joint"
        ],
        "position": [
          -1.759623189965719,
          1.7505877653705042,
          -1.9048458538451136,
          -1.2105782667743128,
          -0.635775391255514,
          0.4682791829109192
        ],
        "velocity": [
          0.0,
          -0.0,
          -0.0,
          -0.0,
          0.0,
          0.0
        ],
        "effort": [
          -2.028597116470337,
          -1.9899753332138062,
          -0.600348949432373,
          0.05682167410850525,
          0.03822934627532959,
          0.2915165424346924
        ]
      },
      "frames": {
        "base": "base_link",
        "tool": "tool0"
      },
      "T_base_tool": [
        [
          0.9239731914862671,
          -0.362566042150223,
          0.12173498467657005,
          0.31461992328782606
        ],
        [
          -0.376470795515694,
          -0.8061115974144075,
          0.4565674458804231,
          0.34781373252476605
        ],
        [
          -0.06740386886865286,
          -0.46768574662214724,
          -0.8813210316723541,
          0.5292122167444195
        ],
        [
          0.0,
          0.0,
          0.0,
          1.0
        ]
      ]
    },
    {
      "image": "000009.png",
      "stamp": {
        "sec": 1769705561,
        "nanosec": 223714976
      },
      "joint_state": {
        "name": [
          "shoulder_lift_joint",
          "elbow_joint",
          "wrist_1_joint",
          "wrist_2_joint",
          "wrist_3_joint",
          "shoulder_pan_joint"
        ],
        "position": [
          -1.7703238926329554,
          1.7707517782794397,
          -1.9635092220702113,
          -1.2668870131122034,
          -0.48193055788149053,
          0.4935767650604248
        ],
        "velocity": [
          0.0,
          -0.0,
          -0.0,
          -0.0,
          -1.1692765137605405e-34,
          0.0
        ],
        "effort": [
          -1.8998115062713623,
          -1.957058310508728,
          -0.6452745199203491,
          0.04659760743379593,
          0.016178684309124947,
          0.20566044747829437
        ]
      },
      "frames": {
        "base": "base_link",
        "tool": "tool0"
      },
      "T_base_tool": [
        [
          0.9194006795103346,
          -0.3721702796028464,
          0.12724650681364225,
          0.3136724733208306
        ],
        [
          -0.3875077498868554,
          -0.8016746790548688,
          0.45514333208331115,
          0.3479906087783988
        ],
        [
          -0.06738051865013726,
          -0.46776809632831107,
          -0.8812791122929364,
          0.5292754911428594
        ],
        [
          0.0,
          0.0,
          0.0,
          1.0
        ]
      ]
    },
    {
      "image": "000010.png",
      "stamp": {
        "sec": 1769705565,
        "nanosec": 423770916
      },
      "joint_state": {
        "name": [
          "shoulder_lift_joint",
          "elbow_joint",
          "wrist_1_joint",
          "wrist_2_joint",
          "wrist_3_joint",
          "shoulder_pan_joint"
        ],
        "position": [
          -1.7458368740477503,
          1.7272337118731897,
          -1.8442493877806605,
          -1.16787034669985,
          -0.7748902479754847,
          0.4492572546005249
        ],
        "velocity": [
          0.0,
          -0.0,
          -0.0,
          0.0,
          7.92251230450347e-05,
          0.0
        ],
        "effort": [
          -1.2416142225265503,
          -2.7359087467193604,
          -0.4302304685115814,
          0.1870613396167755,
          -0.011873817071318626,
          -0.255178838968277
        ]
      },
      "frames": {
        "base": "base_link",
        "tool": "tool0"
      },
      "T_base_tool": [
        [
          0.9508679904409747,
          -0.2974794809106794,
          0.08576726177193227,
          0.31919270355868623
        ],
        [
          -0.3022582887373096,
          -0.8320376392241342,
          0.46513792987018715,
          0.3467219915781723
        ],
        [
          -0.0670073999222144,
          -0.468208634426409,
          -0.8810735968148302,
          0.5292707882548973
        ],
        [
          0.0,
          0.0,
          0.0,
          1.0
        ]
      ]
    },
    {
      "image": "000011.png",
      "stamp": {
        "sec": 1769705568,
        "nanosec": 223766278
      },
      "joint_state": {
        "name": [
          "shoulder_lift_joint",
          "elbow_joint",
          "wrist_1_joint",
          "wrist_2_joint",
          "wrist_3_joint",
          "shoulder_pan_joint"
        ],
        "position": [
          -1.731274744073385,
          1.700085465108053,
          -1.8154365024962367,
          -1.2105186621295374,
          -0.7670372168170374,
          0.4683367908000946
        ],
        "velocity": [
          0.0,
          -0.0,
          -0.0,
          0.0,
          -0.0,
          0.0
        ],
        "effort": [
          -1.5800457000732422,
          -2.7038702964782715,
          -0.4272206127643585,
          0.1016681045293808,
          0.025749841704964638,
          0.28590863943099976
        ]
      },
      "frames": {
        "base": "base_link",
        "tool": "tool0"
      },
      "T_base_tool": [
        [
          0.9616308072362181,
          -0.26570300169044014,
          0.06832353523427795,
          0.32146921184266664
        ],
        [
          -0.2660790912222706,
          -0.8425878215297535,
          0.4682389136157679,
          0.3463314781760752
        ],
        [
          -0.0668439061437186,
          -0.46845242864397013,
          -0.8809564202098852,
          0.5292800223139789
        ],
        [
          0.0,
          0.0,
          0.0,
          1.0
        ]
      ]
    },
    {
      "image": "000012.png",
      "stamp": {
        "sec": 1769705573,
        "nanosec": 423854150
      },
      "joint_state": {
        "name": [
          "shoulder_lift_joint",
          "elbow_joint",
          "wrist_1_joint",
          "wrist_2_joint",
          "wrist_3_joint",
          "shoulder_pan_joint"
        ],
        "position": [
          -1.7289396725096644,
          1.6958053747760218,
          -1.8108593426146449,
          -1.2171443144427698,
          -0.7657635847674769,
          0.4713650941848755
        ],
        "velocity": [
          0.0,
          -0.0,
          0.0,
          -0.0,
          -3.923635700109488e-44,
          0.0
        ],
        "effort": [
          -1.5791395902633667,
          -2.81634259223938,
          -0.4143523871898651,
          0.09824106097221375,
          0.007853792980313301,
          0.3187122941017151
        ]
      },
      "frames": {
        "base": "base_link",
        "tool": "tool0"
      },
      "T_base_tool": [
        [
          0.9616904391878056,
          -0.26551485105051165,
          0.06821556308050424,
          0.32140717318930956
        ],
        [
          -0.26888279096943224,
          -0.8650976547475953,
          0.423447862753727,
          0.35213308694056566
        ],
        [
          -0.05341857256848245,
          -0.42556775209340664,
          -0.9033485177288503,
          0.532084578366057
        ],
        [
          0.0,
          0.0,
          0.0,
          1.0
        ]
      ]
    },
    {
      "image": "000013.png",
      "stamp": {
        "sec": 1769705576,
        "nanosec": 23916772
      },
      "joint_state": {
        "name": [
          "shoulder_lift_joint",
          "elbow_joint",
          "wrist_1_joint",
          "wrist_2_joint",
          "wrist_3_joint",
          "shoulder_pan_joint"
        ],
        "position": [
          -1.7168928585448207,
          1.6759799162494105,
          -1.7683378658690394,
          -1.1989095846759241,
          -0.7699745337115687,
          0.4631936252117157
        ],
        "velocity": [
          0.0,
          -0.0,
          0.0,
          0.0,
          0.0,
          0.0
        ],
        "effort": [
          -1.6416149139404297,
          -2.662310838699341,
          -0.373180091381073,
          0.20570746064186096,
          -0.028306975960731506,
          -0.24507875740528107
        ]
      },
      "frames": {
        "base": "base_link",
        "tool": "tool0"
      },
      "T_base_tool": [
        [
          0.9591447998630463,
          -0.28081039663609997,
          0.034449586887986716,
          0.3257463115942517
        ],
        [
          -0.26852779139572935,
          -0.8652556935479496,
          0.4233502214845156,
          0.3521821866300995
        ],
        [
          -0.08907344241584228,
          -0.4153048349392684,
          -0.9053108946280601,
          0.5323765972119273
        ],
        [
          0.0,
          0.0,
          0.0,
          1.0
        ]
      ]
    },
    {
      "image": "000014.png",
      "stamp": {
        "sec": 1769705578,
        "nanosec": 623853547
      },
      "joint_state": {
        "name": [
          "shoulder_lift_joint",
          "elbow_joint",
          "wrist_1_joint",
          "wrist_2_joint",
          "wrist_3_joint",
          "shoulder_pan_joint"
        ],
        "position": [
          -1.734321733514303,
          1.7050183455096644,
          -1.8305264912047328,
          -1.2257450262652796,
          -0.7640154997455042,
          0.47520172595977783
        ],
        "velocity": [
          0.0,
          -0.0,
          -0.0,
          0.0,
          -0.0,
          0.0
        ],
        "effort": [
          -2.0415966510772705,
          -2.0186712741851807,
          -0.5775115489959717,
          0.11917424947023392,
          0.03509267419576645,
          0.2219010591506958
        ]
      },
      "frames": {
        "base": "base_link",
        "tool": "tool0"
      },
      "T_base_tool": [
        [
          0.9623829866753616,
          -0.25896018786597935,
          0.08221075390864316,
          0.319620569784897
        ],
        [
          -0.26894817268930443,
          -0.8650618345549357,
          0.4234795187533082,
          0.3521433205738663
        ],
        [
          -0.03854695013739602,
          -0.42965991609279325,
          -0.9021676613236806,
          0.531940306125301
        ],
        [
          0.0,
          0.0,
          0.0,
          1.0
        ]
      ]
    },
    {
      "image": "000015.png",
      "stamp": {
        "sec": 1769705582,
        "nanosec": 23877393
      },
      "joint_state": {
        "name": [
          "shoulder_lift_joint",
          "elbow_joint",
          "wrist_1_joint",
          "wrist_2_joint",
          "wrist_3_joint",
          "shoulder_pan_joint"
        ],
        "position": [
          -1.7505856953062953,
          1.7336519400226038,
          -1.8920427761473597,
          -1.2531288305865687,
          -0.7593534628497522,
          0.48746994137763977
        ],
        "velocity": [
          0.0,
          -0.0,
          0.0,
          -0.0,
          -0.0,
          0.0
        ],
        "effort": [
          -1.919535756111145,
          -2.042693614959717,
          -0.5990170836448669,
          0.08277691900730133,
          0.05560585856437683,
          0.266027569770813
        ]
      },
      "frames": {
        "base": "base_link",
        "tool": "tool0"
      },
      "T_base_tool": [
        [
          0.9629406124547214,
          -0.23513525459279175,
          0.132124142127429,
          0.31314228348035295
        ],
        [
          -0.2693136738749268,
          -0.8649074548415809,
          0.42356255691863076,
          0.3520996361952364
        ],
        [
          0.014680665833525855,
          -0.443448426096025,
          -0.8961796535537072,
          0.5311023973769853
        ],
        [
          0.0,
          0.0,
          0.0,
          1.0
        ]
      ]
    },
    {
      "image": "000016.png",
      "stamp": {
        "sec": 1769705585,
        "nanosec": 424118838
      },
      "joint_state": {
        "name": [
          "shoulder_lift_joint",
          "elbow_joint",
          "wrist_1_joint",
          "wrist_2_joint",
          "wrist_3_joint",
          "shoulder_pan_joint"
        ],
        "position": [
          -1.728091379205221,
          1.6937983671771448,
          -1.8464199505248011,
          -1.315409008656637,
          -0.7503765265094202,
          0.5157845616340637
        ],
        "velocity": [
          4.510499496968721e-40,
          -0.0,
          -0.0,
          1.6114020881234787e-27,
          -0.0,
          0.0
        ],
        "effort": [
          -1.4980087280273438,
          -2.7379612922668457,
          -0.4446500241756439,
          0.04865486919879913,
          0.058861102908849716,
          0.21891669929027557
        ]
      },
      "frames": {
        "base": "base_link",
        "tool": "tool0"
      },
      "T_base_tool": [
        [
          0.9630118312068018,
          -0.23488695079615318,
          0.13204670878673155,
          0.3130839303246786
        ],
        [
          -0.26755863852432493,
          -0.891633595336506,
          0.3652422574378624,
          0.3596644746931129
        ],
        [
          0.03194664155638291,
          -0.38706285279393793,
          -0.9214997341726618,
          0.534304426696906
        ],
        [
          0.0,
          0.0,
          0.0,
          1.0
        ]
      ]
    },
    {
      "image": "000017.png",
      "stamp": {
        "sec": 1769705588,
        "nanosec": 223947331
      },
      "joint_state": {
        "name": [
          "shoulder_lift_joint",
          "elbow_joint",
          "wrist_1_joint",
          "wrist_2_joint",
          "wrist_3_joint",
          "shoulder_pan_joint"
        ],
        "position": [
          -1.7106133900084437,
          1.6633341948138636,
          -1.783133169213766,
          -1.2856658140765589,
          -0.7562812010394495,
          0.5023554563522339
        ],
        "velocity": [
          5.2802305984620684e-15,
          -0.0,
          -0.0,
          0.0,
          0.0,
          0.0
        ],
        "effort": [
          -1.584052324295044,
          -2.7243783473968506,
          -0.41026896238327026,
          0.15681317448616028,
          -0.015147201716899872,
          -0.2651755213737488
        ]
      },
      "frames": {
        "base": "base_link",
        "tool": "tool0"
      },
      "T_base_tool": [
        [
          0.963426575575164,
          -0.25560423435708374,
          0.08047178918255637,
          0.31971644341613686
        ],
        [
          -0.2671027129121712,
          -0.8918023309883523,
          0.36516399493748014,
          0.35971411695517275
        ],
        [
          -0.02157253416896159,
          -0.37330293036952017,
          -0.9274586502626727,
          0.5351189861774679
        ],
        [
          0.0,
          0.0,
          0.0,
          1.0
        ]
      ]
    },
    {
      "image": "000018.png",
      "stamp": {
        "sec": 1769705590,
        "nanosec": 624037731
      },
      "joint_state": {
        "name": [
          "shoulder_lift_joint",
          "elbow_joint",
          "wrist_1_joint",
          "wrist_2_joint",
          "wrist_3_joint",
          "shoulder_pan_joint"
        ],
        "position": [
          -1.7228037319579066,
          1.6843746344195765,
          -1.8268548450865687,
          -1.3061297575580042,
          -0.7520526091205042,
          0.5115891695022583
        ],
        "velocity": [
          0.0,
          -0.0,
          -0.0,
          -0.0,
          -1.2653699467578885e-17,
          0.0
        ],
        "effort": [
          -2.173604726791382,
          -2.321659803390503,
          -0.5671166777610779,
          0.03792256489396095,
          0.03409506380558014,
          0.24245202541351318
        ]
      },
      "frames": {
        "base": "base_link",
        "tool": "tool0"
      },
      "T_base_tool": [
        [
          0.9634814515483132,
          -0.2413322111953897,
          0.1160269639432968,
          0.3151472802362843
        ],
        [
          -0.26733598811889314,
          -0.8917172558202064,
          0.3652010475463836,
          0.35967549257274506
        ],
        [
          0.015328469553425247,
          -0.38288261845117066,
          -0.923669821153168,
          0.534568213474147
        ],
        [
          0.0,
          0.0,
          0.0,
          1.0
        ]
      ]
    },
    {
      "image": "000019.png",
      "stamp": {
        "sec": 1769705592,
        "nanosec": 823973137
      },
      "joint_state": {
        "name": [
          "shoulder_lift_joint",
          "elbow_joint",
          "wrist_1_joint",
          "wrist_2_joint",
          "wrist_3_joint",
          "shoulder_pan_joint"
        ],
        "position": [
          -1.7408472500243128,
          1.7160700003253382,
          -1.8626095257201136,
          -1.2567508856402796,
          -0.7600835005389612,
          0.48918455839157104
        ],
        "velocity": [
          2.2939255860997255e-39,
          -0.0,
          -0.0,
          0.0,
          0.0,
          0.0
        ],
        "effort": [
          -2.070255994796753,
          -2.141143798828125,
          -0.6541491150856018,
          0.13921625912189484,
          -0.028954284265637398,
          -0.14418292045593262
        ]
      },
      "frames": {
        "base": "base_link",
        "tool": "tool0"
      },
      "T_base_tool": [
        [
          0.9633934160722476,
          -0.24156883660277073,
          0.11626531318939878,
          0.31518853766437216
        ],
        [
          -0.26808575096857634,
          -0.8709378371423964,
          0.41182194448734616,
          0.3536372488981919
        ],
        [
          0.0017765123865592647,
          -0.4279156237111566,
          -0.9038169410824473,
          0.5321227903476535
        ],
        [
          0.0,
          0.0,
          0.0,
          1.0
        ]
      ]
    },
    {
      "image": "000020.png",
      "stamp": {
        "sec": 1769705597,
        "nanosec": 224403413
      },
      "joint_state": {
        "name": [
          "shoulder_lift_joint",
          "elbow_joint",
          "wrist_1_joint",
          "wrist_2_joint",
          "wrist_3_joint",
          "shoulder_pan_joint"
        ],
        "position": [
          -1.7090794048705042,
          1.6612842718707483,
          -1.8004957638182582,
          -1.3416755835162562,
          -0.7456010023700159,
          0.5278172492980957
        ],
        "velocity": [
          0.0,
          -0.0,
          -0.0,
          0.0,
          -0.0,
          0.0
        ],
        "effort": [
          -1.5050077438354492,
          -2.7464518547058105,
          -0.4638388156890869,
          0.04132048785686493,
          0.007250044494867325,
          0.3116878271102905
        ]
      },
      "frames": {
        "base": "base_link",
        "tool": "tool0"
      },
      "T_base_tool": [
        [
          0.963503921478361,
          -0.24120950345399236,
          0.11609551558651532,
          0.31509050529728516
        ],
        [
          -0.26648780744514505,
          -0.9053929002304237,
          0.3305267685005586,
          0.36417224966057876
        ],
        [
          0.02538585785234903,
          -0.34940187700672276,
          -0.9366290015610663,
          0.5361977180805702
        ],
        [
          0.0,
          0.0,
          0.0,
          1.0
        ]
      ]
    },
    {
      "image": "000021.png",
      "stamp": {
        "sec": 1769705609,
        "nanosec": 224094599
      },
      "joint_state": {
        "name": [
          "shoulder_lift_joint",
          "elbow_joint",
          "wrist_1_joint",
          "wrist_2_joint",
          "wrist_3_joint",
          "shoulder_pan_joint"
        ],
        "position": [
          -1.7349263630309046,
          1.7066500822650355,
          -1.875469823876852,
          -1.335046116505758,
          -0.6456149260150355,
          0.5246913433074951
        ],
        "velocity": [
          0.0,
          -0.0,
          -0.0,
          0.0,
          7.280139107024297e-05,
          0.0
        ],
        "effort": [
          -2.113447666168213,
          -2.164203643798828,
          -0.6498895883560181,
          0.15951941907405853,
          -0.0327330157160759,
          -0.27456334233283997
        ]
      },
      "frames": {
        "base": "base_link",
        "tool": "tool0"
      },
      "T_base_tool": [
        [
          0.933961817113323,
          -0.3205416577386388,
          0.15801382796624158,
          0.30972513904122856
        ],
        [
          -0.356731351044888,
          -0.8626832090027954,
          0.3584974533889018,
          0.36052056969686724
        ],
        [
          0.021402508172373977,
          -0.3911914193317695,
          -0.9200604361046762,
          0.5340594361964762
        ],
        [
          0.0,
          0.0,
          0.0,
          1.0
        ]
      ]
    },
    {
      "image": "000022.png",
      "stamp": {
        "sec": 1769705611,
        "nanosec": 424164036
      },
      "joint_state": {
        "name": [
          "shoulder_lift_joint",
          "elbow_joint",
          "wrist_1_joint",
          "wrist_2_joint",
          "wrist_3_joint",
          "shoulder_pan_joint"
        ],
        "position": [
          -1.741194864312643,
          1.717501465474264,
          -1.8882447681822718,
          -1.3180964628802698,
          -0.6478646437274378,
          0.516919732093811
        ],
        "velocity": [
          0.0,
          -0.0,
          -0.0,
          1.154995573945983e-36,
          8.559854904888198e-05,
          0.0
        ],
        "effort": [
          -2.1228737831115723,
          -2.3448352813720703,
          -0.6981480121612549,
          0.17817501723766327,
          -0.04204029589891434,
          -0.314673513174057
        ]
      },
      "frames": {
        "base": "base_link",
        "tool": "tool0"
      },
      "T_base_tool": [
        [
          0.9339741706731418,
          -0.32052885705868883,
          0.15796676963231088,
          0.3097346377017327
        ],
        [
          -0.35706656372463164,
          -0.8544247164067287,
          0.37744121802363473,
          0.3581089053621858
        ],
        [
          0.013989910124819246,
          -0.40892500019677447,
          -0.9124607534731386,
          0.5330914105984198
        ],
        [
          0.0,
          0.0,
          0.0,
          1.0
        ]
      ]
    },
    {
      "image": "000023.png",
      "stamp": {
        "sec": 1769705614,
        "nanosec": 224187145
      },
      "joint_state": {
        "name": [
          "shoulder_lift_joint",
          "elbow_joint",
          "wrist_1_joint",
          "wrist_2_joint",
          "wrist_3_joint",
          "shoulder_pan_joint"
        ],
        "position": [
          -1.7274352512755335,
          1.7070167700396937,
          -1.8950935802855433,
          -1.3232582251178187,
          -0.6329787413226526,
          0.5322316884994507
        ],
        "velocity": [
          0.0,
          1.1605840882111806e-05,
          -0.0,
          8.308399713984812e-31,
          0.0,
          0.0
        ],
        "effort": [
          -1.4241479635238647,
          -2.7407515048980713,
          -0.6655918955802917,
          0.06659601628780365,
          0.05502275004982948,
          0.28366151452064514
        ]
      },
      "frames": {
        "base": "base_link",
        "tool": "tool0"
      },
      "T_base_tool": [
        [
          0.9339482000937179,
          -0.320591575794146,
          0.1579930412123613,
          0.30973369424681063
        ],
        [
          -0.35713481709058525,
          -0.854393144593244,
          0.3774481115249385,
          0.3580796365262126
        ],
        [
          0.013981486450974759,
          -0.4089418002624512,
          -0.9124533533472967,
          0.5330930438497853
        ],
        [
          0.0,
          0.0,
          0.0,
          1.0
        ]
      ]
    },
    {
      "image": "000024.png",
      "stamp": {
        "sec": 1769705616,
        "nanosec": 424238811
      },
      "joint_state": {
        "name": [
          "shoulder_lift_joint",
          "elbow_joint",
          "wrist_1_joint",
          "wrist_2_joint",
          "wrist_3_joint",
          "shoulder_pan_joint"
        ],
        "position": [
          -1.760338922540182,
          1.7316282431231897,
          -1.8779775104918421,
          -1.3108332792865198,
          -0.669234577809469,
          0.49511709809303284
        ],
        "velocity": [
          1.3136489542375784e-05,
          -0.0,
          -5.538772310090272e-41,
          -0.0,
          -1.2038718513802155e-24,
          -8.225712919729341e-22
        ],
        "effort": [
          -2.005511522293091,
          -2.125983476638794,
          -0.3925529718399048,
          0.164910227060318,
          -0.026699505746364594,
          -0.16450054943561554
        ]
      },
      "frames": {
        "base": "base_link",
        "tool": "tool0"
      },
      "T_base_tool": [
        [
          0.9339352345119274,
          -0.32054497138665183,
          0.15816415224658772,
          0.30976299255623624
        ],
        [
          -0.3571628831302792,
          -0.8543660588449695,
          0.3774828637273231,
          0.34847588461587686
        ],
        [
          0.0141298496530467,
          -0.4090349114836591,
          -0.912409331679777,
          0.5330967626140877
        ],
        [
          0.0,
          0.0,
          0.0,
          1.0
        ]
      ]
    },
    {
      "image": "000025.png",
      "stamp": {
        "sec": 1769705619,
        "nanosec": 24242881
      },
      "joint_state": {
        "name": [
          "shoulder_lift_joint",
          "elbow_joint",
          "wrist_1_joint",
          "wrist_2_joint",
          "wrist_3_joint",
          "shoulder_pan_joint"
        ],
        "position": [
          -1.7587963543333949,
          1.693082634602682,
          -1.8409391842284144,
          -1.310892407094137,
          -0.6694181601153772,
          0.49517327547073364
        ],
        "velocity": [
          2.3869015511492196e-20,
          -0.0017003521788865328,
          2.4524324238051065e-10,
          -0.0,
          -0.0,
          4.830245961784385e-05
        ],
        "effort": [
          -1.359358549118042,
          -2.975862979888916,
          -0.4028409719467163,
          0.0706004947423935,
          -0.13597892224788666,
          0.23299197852611542
        ]
      },
      "frames": {
        "base": "base_link",
        "tool": "tool0"
      },
      "T_base_tool": [
        [
          0.9339587069811817,
          -0.3204835581977669,
          0.15815000024956655,
          0.30973991524518457
        ],
        [
          -0.3571013537816535,
          -0.8543787904225753,
          0.3775122588782625,
          0.34782161383601895
        ],
        [
          0.014133533929972547,
          -0.4090564403611762,
          -0.9123996228723981,
          0.5346247364302404
        ],
        [
          0.0,
          0.0,
          0.0,
          1.0
        ]
      ]
    },
    {
      "image": "000026.png",
      "stamp": {
        "sec": 1769705621,
        "nanosec": 624255581
      },
      "joint_state": {
        "name": [
          "shoulder_lift_joint",
          "elbow_joint",
          "wrist_1_joint",
          "wrist_2_joint",
          "wrist_3_joint",
          "shoulder_pan_joint"
        ],
        "position": [
          -1.7602225742735804,
          1.7903597990619105,
          -1.9369265041747035,
          -1.310765568410055,
          -0.6689146200763147,
          0.4949253797531128
        ],
        "velocity": [
          3.7382902519311756e-05,
          -0.0,
          -0.0,
          0.0,
          0.0,
          0.0
        ],
        "effort": [
          -1.4270994663238525,
          -2.106729030609131,
          -0.6464634537696838,
          0.18626336753368378,
          0.017132073640823364,
          -0.24028001725673676
        ]
      },
      "frames": {
        "base": "base_link",
        "tool": "tool0"
      },
      "T_base_tool": [
        [
          0.9339958761667775,
          -0.32037488684180737,
          0.15815067241258512,
          0.3097372446865021
        ],
