{
  "note": "Per-image joint positions and camera pose at capture time.",
  "prompt": "red object .",
  "created_at": "2026-01-22T14:02:21.887654",
  "joint_names": [
    "shoulder_lift_joint",
    "elbow_joint",
    "wrist_1_joint",
    "wrist_2_joint",
    "wrist_3_joint",
    "shoulder_pan_joint"
  ],
  "shots": {
    "image_1": {
      "image_file": "pose_1_image.png",
      "image_stamp_ns": 1769086955671373153,
      "joint_stamp_ns": 1769086955791609727,
      "position": [
        -1.1477590066245575,
        1.5414488951312464,
        -1.9644252262511195,
        -1.5707595984088343,
        -0.9799249807940882,
        0.5909392833709717
      ],
      "camera_pose": {
        "parent_frame": "base_link",
        "child_frame": "camera_optical",
        "stamp": {
          "sec": 1769086955,
          "nanosec": 671373153,
          "stamp_ns": 1769086955671373153
        },
        "R": [
          [
            -0.002107747689,
            -0.99997810576,
            -0.006272591155
          ],
          [
            -0.999989593969,
            0.002133067398,
            -0.004032614231
          ],
          [
            0.0040459058,
            0.006264026149,
            -0.999972195925
          ]
        ],
        "t": [
          0.45418136415070065,
          0.5244241034920598,
          0.30388688672068664
        ]
      }
    },
    "image_2": {
      "image_file": "pose_2_image.png",
      "image_stamp_ns": 1769086958871354155,
      "joint_stamp_ns": 1769086959141609306,
      "position": [
        -1.2025182408145447,
        1.6211651007281702,
        -1.9893809757628382,
        -1.5708296934710901,
        -1.272506062184469,
        0.6124748587608337
      ],
      "camera_pose": {
        "parent_frame": "base_link",
        "child_frame": "camera_optical",
        "stamp": {
          "sec": 1769086958,
          "nanosec": 871354155,
          "stamp_ns": 1769086958871354155
        },
        "R": [
          [
            0.307099282088,
            -0.951665505023,
            -0.004774671716
          ],
          [
            -0.951668715379,
            -0.307071052436,
            -0.005833088867
          ],
          [
            0.004084985993,
            0.006335243102,
            -0.999971588389
          ]
        ],
        "t": [
          0.40504659045238117,
          0.516573650307998,
          0.30386561158312664
        ]
      }
    },
    "image_3": {
      "image_file": "pose_3_image.png",
      "image_stamp_ns": 1769086962271411544,
      "joint_stamp_ns": 1769086962491612766,
      "position": [
        -1.2668758791736145,
        1.7107356230365198,
        -2.014677187005514,
        -1.5707796255694788,
        -1.5790942350970667,
        0.6200484037399292
      ],
      "camera_pose": {
        "parent_frame": "base_link",
        "child_frame": "camera_optical",
        "stamp": {
          "sec": 1769086962,
          "nanosec": 271411544,
          "stamp_ns": 1769086962271411544
        },
        "R": [
          [
            0.586102778683,
            -0.8102319969,
            -0.00276478202
          ],
          [
            -0.810226848463,
            -0.586075390868,
            -0.006934713334
          ],
          [
            0.00399835593,
            0.006304555377,
            -0.999972132477
          ]
        ],
        "t": [
          0.3606794344812686,
          0.4940037063284273,
          0.3038794910815586
        ]
      }
    },
    "image_4": {
      "image_file": "pose_4_image.png",
      "image_stamp_ns": 1769086965671341396,
      "joint_stamp_ns": 1769086965841606060,
      "position": [
        -1.3358259809068223,
        1.80190354982485,
        -2.0368086300291957,
        -1.5708335081683558,
        -1.9025943914996546,
        0.6107099056243896
      ],
      "camera_pose": {
        "parent_frame": "base_link",
        "child_frame": "camera_optical",
        "stamp": {
          "sec": 1769086965,
          "nanosec": 671341396,
          "stamp_ns": 1769086965671341396
        },
        "R": [
          [
            0.807817448038,
            -0.589432596084,
            -0.000430487218
          ],
          [
            -0.589419033295,
            -0.807793446272,
            -0.007412917784
          ],
          [
            0.004021670621,
            0.006242021686,
            -0.999972431285
          ]
        ],
        "t": [
          0.3254237414069713,
          0.45882801454705113,
          0.303896528845413
        ]
      }
    },
    "image_5": {
      "image_file": "pose_5_image.png",
      "image_stamp_ns": 1769086969071442401,
      "joint_stamp_ns": 1769086969191614075,
      "position": [
        -1.4036962401917954,
        1.8862126509295862,
        -2.0533276997008265,
        -1.5707867781268519,
        -2.2450440565692347,
        0.5824716687202454
      ],
      "camera_pose": {
        "parent_frame": "base_link",
        "child_frame": "camera_optical",
        "stamp": {
          "sec": 1769086969,
          "nanosec": 71442401,
          "stamp_ns": 1769086969071442401
        },
        "R": [
          [
            0.9504263279,
            -0.310944466006,
            0.001826005295
          ],
          [
            -0.310924495358,
            -0.950407469622,
            -0.007183305125
          ],
          [
            0.003969058048,
            0.006259452537,
            -0.999972532539
          ]
        ],
        "t": [
          0.30278677704831414,
          0.41443278238199527,
          0.30388374357749715
        ]
      }
    },
    "image_6": {
      "image_file": "pose_6_image.png",
      "image_stamp_ns": 1769086972471460708,
      "joint_stamp_ns": 1769086972591608632,
      "position": [
        -1.4629527267864724,
        1.9554436842547815,
        -2.0632792911925257,
        -1.5707586447345179,
        -2.606018129979269,
        0.5356497764587402
      ],
      "camera_pose": {
        "parent_frame": "base_link",
        "child_frame": "camera_optical",
        "stamp": {
          "sec": 1769086972,
          "nanosec": 471460708,
          "stamp_ns": 1769086972471460708
        },
        "R": [
          [
            0.999990103515,
            -0.002068867179,
            0.003938611463
          ],
          [
            -0.002044237456,
            -0.999978396614,
            -0.006247191329
          ],
          [
            0.003951450984,
            0.006239078046,
            -0.999972729598
          ]
        ],
        "t": [
          0.2950379706818998,
          0.3652505011844789,
          0.3038884838058861
        ]
      }
    }
  }
}