{
  "note": "Per-image joint positions and camera pose at capture time.",
  "prompt": "blue object.",
  "created_at": "2026-01-28T16:09:02.884453",
  "joint_names": [
    "shoulder_lift_joint",
    "elbow_joint",
    "wrist_1_joint",
    "wrist_2_joint",
    "wrist_3_joint",
    "shoulder_pan_joint"
  ],
  "shots": {
    "image_1": {
      "image_file": "pose_1_image.png",
      "image_stamp_ns": 1769612956330104596,
      "joint_stamp_ns": 1769612956520442485,
      "position": [
        -1.1232629281333466,
        1.5048945585833948,
        -1.9523521862425746,
        -1.5707481543170374,
        -0.9451573530780237,
        0.6257277727127075
      ],
      "camera_pose": {
        "parent_frame": "base_link",
        "child_frame": "camera_optical",
        "stamp": {
          "sec": 1769612956,
          "nanosec": 330104596,
          "stamp_ns": 1769612956330104596
        },
        "R": [
          [
            -0.002131165637,
            -0.99997832161,
            -0.006230123871
          ],
          [
            -0.999989702876,
            0.002156068457,
            -0.003993183116
          ],
          [
            0.004006529124,
            0.006221549584,
            -0.999972619648
          ]
        ],
        "t": [
          0.44681591790627756,
          0.5465073867436359,
          0.30393953644219635
        ]
      }
    },
    "image_2": {
      "image_file": "pose_2_image.png",
      "image_stamp_ns": 1769612959130126504,
      "joint_stamp_ns": 1769612959370442076,
      "position": [
        -1.1769431990436097,
        1.5843032042132776,
        -1.978135725060934,
        -1.5708368460284632,
        -1.2365463415728968,
        0.648398756980896
      ],
      "camera_pose": {
        "parent_frame": "base_link",
        "child_frame": "camera_optical",
        "stamp": {
          "sec": 1769612959,
          "nanosec": 130126504,
          "stamp_ns": 1769612959130126504
        },
        "R": [
          [
            0.307206491142,
            -0.951630575625,
            -0.004839352823
          ],
          [
            -0.951634335259,
            -0.307178210356,
            -0.00579991707
          ],
          [
            0.004032834681,
            0.006387066479,
            -0.999971470406
          ]
        ],
        "t": [
          0.39766454508725546,
          0.5386952001274173,
          0.30383304198815186
        ]
      }
    },
    "image_3": {
      "image_file": "pose_3_image.png",
      "image_stamp_ns": 1769612962130133273,
      "joint_stamp_ns": 1769612962212443109,
      "position": [
        -1.240471051340439,
        1.6745808760272425,
        -2.004815240899557,
        -1.5707600752459925,
        -1.5414412657367151,
        0.6577539443969727
      ],
      "camera_pose": {
        "parent_frame": "base_link",
        "child_frame": "camera_optical",
        "stamp": {
          "sec": 1769612962,
          "nanosec": 130133273,
          "stamp_ns": 1769612962130133273
        },
        "R": [
          [
            0.586052392639,
            -0.810268552452,
            -0.002732396268
          ],
          [
            -0.810263196752,
            -0.586025132122,
            -0.006935164821
          ],
          [
            0.004018093076,
            0.006278330072,
            -0.999972218364
          ]
        ],
        "t": [
          0.353315218679159,
          0.5160863510102922,
          0.30388077132298963
        ]
      }
    },
    "image_4": {
      "image_file": "pose_4_image.png",
      "image_stamp_ns": 1769612964930174485,
      "joint_stamp_ns": 1769612965120485064,
      "position": [
        -1.3091557186893006,
        1.7672470251666468,
        -2.0288859806456507,
        -1.5708025137530726,
        -1.8626893202411097,
        0.6506068110466003
      ],
      "camera_pose": {
        "parent_frame": "base_link",
        "child_frame": "camera_optical",
        "stamp": {
          "sec": 1769612964,
          "nanosec": 930174485,
          "stamp_ns": 1769612964930174485
        },
        "R": [
          [
            0.80784244331,
            -0.589398366497,
            -0.000390329495
          ],
          [
            -0.589384729143,
            -0.807818871057,
            -0.007369709422
          ],
          [
            0.004028379163,
            0.00618361831,
            -0.999972767142
          ]
        ],
        "t": [
          0.3180715602118981,
          0.4808954548037099,
          0.3039220163051887
        ]
      }
    },
    "image_5": {
      "image_file": "pose_5_image.png",
      "image_stamp_ns": 1769612967930196737,
      "joint_stamp_ns": 1769612968020443581,
      "position": [
        -1.377068580394127,
        1.8538473288165491,
        -2.047490259210104,
        -1.5708139578448694,
        -2.2023900190936487,
        0.6251134276390076
      ],
      "camera_pose": {
        "parent_frame": "base_link",
        "child_frame": "camera_optical",
        "stamp": {
          "sec": 1769612967,
          "nanosec": 930196737,
          "stamp_ns": 1769612967930196737
        },
        "R": [
          [
            0.950417727419,
            -0.310970839695,
            0.001811150762
          ],
          [
            -0.31095094812,
            -0.950398789586,
            -0.00718669726
          ],
          [
            0.003956168773,
            0.006267185431,
            -0.999972535181
          ]
        ],
        "t": [
          0.29544810762737383,
          0.43650875453343707,
          0.3038861252545112
        ]
      }
    },
    "image_6": {
      "image_file": "pose_6_image.png",
      "image_stamp_ns": 1769612970730201341,
      "joint_stamp_ns": 1769612970920442410,
      "position": [
        -1.4372354012778779,
        1.9259966055499476,
        -2.059481760064596,
        -1.5707796255694788,
        -2.5604804197894495,
        0.5812016129493713
      ],
      "camera_pose": {
        "parent_frame": "base_link",
        "child_frame": "camera_optical",
        "stamp": {
          "sec": 1769612970,
          "nanosec": 730201341,
          "stamp_ns": 1769612970730201341
        },
        "R": [
          [
            0.999990313623,
            -0.002029305489,
            0.003905711234
          ],
          [
            -0.002004632911,
            -0.99997807844,
            -0.006310632847
          ],
          [
            0.003918431817,
            0.006302742202,
            -0.999972460287
          ]
        ],
        "t": [
          0.2876727064644201,
          0.38732646759697725,
          0.3038594284981742
        ]
      }
    }
  }
}