[
  {
    "index": 0,
    "file": "pose_1_image.png",
    "cam_T_world": [
      [
        0.9999999794151799,
        -9.630406484779096e-05,
        0.00010635011366623593,
        -6.29076760530815e-05
      ],
      [
        9.633813815572213e-05,
        0.9999999650526677,
        -0.00016020703547138578,
        -6.68060434729929e-05
      ],
      [
        -0.00010631924905546418,
        0.00016022752001960632,
        0.9999999630233578,
        0.0002670247943788304
      ],
      [
        0.0,
        0.0,
        0.0,
        1.0
      ]
    ],
    "K": [
      [
        489.89862060546875,
        0.0,
        259.0
      ],
      [
        0.0,
        492.2229309082031,
        259.0
      ],
      [
        0.0,
        0.0,
        1.0
      ]
    ],
    "image_size": [
      518,
      518
    ]
  },
  {
    "index": 1,
    "file": "pose_2_image.png",
    "cam_T_world": [
      [
        0.9503510805323715,
        0.27008000866165005,
        0.15392308479824393,
        -0.16684222032173848
      ],
      [
        -0.268521090114279,
        0.9627036987639589,
        -0.026297949664425176,
        0.016630549189876685
      ],
      [
        -0.15467813613012737,
        -0.016423410994143253,
        0.9877204666054001,
        -0.00022187036678453118
      ],
      [
        0.0,
        0.0,
        0.0,
        1.0
      ]
    ],
    "K": [
      [
        494.5645446777344,
        0.0,
        259.0
      ],
      [
        0.0,
        494.5645446777344,
        259.0
      ],
      [
        0.0,
        0.0,
        1.0
      ]
    ],
    "image_size": [
      518,
      518
    ]
  },
  {
    "index": 2,
    "file": "pose_3_image.png",
    "cam_T_world": [
      [
        0.8097801334177959,
        0.5038675042494937,
        0.2975202586720158,
        -0.33255864797502704
      ],
      [
        -0.5002252788971691,
        0.8601149071810137,
        -0.09799760473561397,
        0.08412812807701002
      ],
      [
        -0.3055349324491061,
        -0.06928195832027993,
        0.949459229936729,
        0.028137956255424458
      ],
      [
        0.0,
        0.0,
        0.0,
        1.0
      ]
    ],
    "K": [
      [
        494.5645446777344,
        0.0,
        259.0
      ],
      [
        0.0,
        494.5645446777344,
        259.0
      ],
      [
        0.0,
        0.0,
        1.0
      ]
    ],
    "image_size": [
      518,
      518
    ]
  },
  {
    "index": 3,
    "file": "pose_4_image.png",
    "cam_T_world": [
      [
        0.5924507431124162,
        0.700546839140005,
        0.3996223243793327,
        -0.4360400097862408
      ],
      [
        -0.6894684979855162,
        0.6970570364701447,
        -0.2049208408628919,
        0.18320249463143162
      ],
      [
        -0.4214191904640441,
        -0.15200550828130993,
        0.8941887178281275,
        0.12446369375128834
      ],
      [
        0.0,
        0.0,
        0.0,
        1.0
      ]
    ],
    "K": [
      [
        478.5296936035156,
        0.0,
        259.0
      ],
      [
        0.0,
        480.7704772949219,
        259.0
      ],
      [
        0.0,
        0.0,
        1.0
      ]
    ],
    "image_size": [
      518,
      518
    ]
  },
  {
    "index": 4,
    "file": "pose_5_image.png",
    "cam_T_world": [
      [
        0.3160713633711334,
        0.8320756623580209,
        0.4506305490272318,
        -0.48142795456987836
      ],
      [
        -0.8053268430847786,
        0.485801701101026,
        -0.3301332998627887,
        0.29747819289978294
      ],
      [
        -0.4946447152419987,
        -0.2610375522369387,
        0.8285142346860211,
        0.22778911533861204
      ],
      [
        0.0,
        0.0,
        0.0,
        1.0
      ]
    ],
    "K": [
      [
        452.84503173828125,
        0.0,
        259.0
      ],
      [
        0.0,
        456.9778747558594,
        259.0
      ],
      [
        0.0,
        0.0,
        1.0
      ]
    ],
    "image_size": [
      518,
      518
    ]
  },
  {
    "index": 5,
    "file": "pose_6_image.png",
    "cam_T_world": [
      [
        0.013626239514063098,
        0.8825450642818894,
        0.4624112658471443,
        -0.49841324685705696
      ],
      [
        -0.8478933801073646,
        0.25364451840712987,
        -0.4631540133873824,
        0.4301871352169714
      ],
      [
        -0.5269674893460851,
        -0.3869423935295241,
        0.7553584464812484,
        0.3083369614942789
      ],
      [
        0.0,
        0.0,
        0.0,
        1.0
      ]
    ],
    "K": [
      [
        444.746337890625,
        0.0,
        259.0
      ],
      [
        0.0,
        448.7682800292969,
        259.0
      ],
      [
        0.0,
        0.0,
        1.0
      ]
    ],
    "image_size": [
      518,
      518
    ]
  }
]