{
  "note": "Per-image joint positions and camera pose at capture time.",
  "prompt": "red object.",
  "created_at": "2026-02-04T12:14:39.475773",
  "joint_names": [
    "shoulder_lift_joint",
    "elbow_joint",
    "wrist_1_joint",
    "wrist_2_joint",
    "wrist_3_joint",
    "shoulder_pan_joint"
  ],
  "shots": {
    "image_1": {
      "image_file": "pose_1_image.png",
      "image_stamp_ns": 1770203692664267366,
      "joint_stamp_ns": 1770203692857045974,
      "position": [
        -1.0103660386851807,
        1.3290694395648401,
        -1.889461179772848,
        -1.5707624594317835,
        -0.8931849638568323,
        0.6776535511016846
      ],
      "camera_pose": {
        "parent_frame": "base_link",
        "child_frame": "camera_optical",
        "stamp": {
          "sec": 1770203692,
          "nanosec": 664267366,
          "stamp_ns": 1770203692664267366
        },
        "R": [
          [
            -0.002147224541,
            -0.999978482839,
            -0.006198651924
          ],
          [
            -0.999989708987,
            0.002171938652,
            -0.003983039347
          ],
          [
            0.003996416735,
            0.006190035654,
            -0.999972855688
          ]
        ],
        "t": [
          0.46022566678223215,
          0.6006763309973021,
          0.3039583371685526
        ]
      }
    },
    "image_2": {
      "image_file": "pose_2_image.png",
      "image_stamp_ns": 1770203695464305379,
      "joint_stamp_ns": 1770203695707045786,
      "position": [
        -1.0538292092135926,
        1.3982179800616663,
        -1.9151026211180628,
        -1.57080585161318,
        -1.1890061537372034,
        0.6960427165031433
      ],
      "camera_pose": {
        "parent_frame": "base_link",
        "child_frame": "camera_optical",
        "stamp": {
          "sec": 1770203695,
          "nanosec": 464305379,
          "stamp_ns": 1770203695464305379
        },
        "R": [
          [
            0.30712738473,
            -0.951656317574,
            -0.004798204895
          ],
          [
            -0.951659656537,
            -0.307099025491,
            -0.005838378465
          ],
          [
            0.004082605703,
            0.006359383931,
            -0.999971444876
          ]
        ],
        "t": [
          0.4172823440557328,
          0.5938278438354334,
          0.3038442471595886
        ]
      }
    },
    "image_3": {
      "image_file": "pose_3_image.png",
      "image_stamp_ns": 1770203698464341669,
      "joint_stamp_ns": 1770203698557044764,
      "position": [
        -1.1055089694312592,
        1.478082005177633,
        -1.9432741604247035,
        -1.5707481543170374,
        -1.4946211020099085,
        0.7045659422874451
      ],
      "camera_pose": {
        "parent_frame": "base_link",
        "child_frame": "camera_optical",
        "stamp": {
          "sec": 1770203698,
          "nanosec": 464341669,
          "stamp_ns": 1770203698464341669
        },
        "R": [
          [
            0.586079136993,
            -0.810248932803,
            -0.002812840774
          ],
          [
            -0.810243808347,
            -0.586051113586,
            -0.007004519938
          ],
          [
            0.004026936336,
            0.006384289821,
            -0.999971511908
          ]
        ],
        "t": [
          0.3784529034134798,
          0.5741026671520126,
          0.30381254450201184
        ]
      }
    },
    "image_4": {
      "image_file": "pose_4_image.png",
      "image_stamp_ns": 1770203701264336793,
      "joint_stamp_ns": 1770203701457044497,
      "position": [
        -1.160879985695221,
        1.5609071890460413,
        -1.9707066021361292,
        -1.570732895527975,
        -1.8120058218585413,
        0.7013616561889648
      ],
      "camera_pose": {
        "parent_frame": "base_link",
        "child_frame": "camera_optical",
        "stamp": {
          "sec": 1770203701,
          "nanosec": 264336793,
          "stamp_ns": 1770203701264336793
        },
        "R": [
          [
            0.80782551787,
            -0.58942147218,
            -0.000510697185
          ],
          [
            -0.589408141908,
            -0.807800766461,
            -0.007480906168
          ],
          [
            0.00399686515,
            0.006344275978,
            -0.99997188722
          ]
        ],
        "t": [
          0.3476315798157276,
          0.5433281106783814,
          0.30384071959036324
        ]
      }
    },
    "image_5": {
      "image_file": "pose_5_image.png",
      "image_stamp_ns": 1770203704264341951,
      "joint_stamp_ns": 1770203704355045190,
      "position": [
        -1.2150835257819672,
        1.6390002409564417,
        -1.9946643314757289,
        -1.5707710425006312,
        -2.1421683470355433,
        0.6853509545326233
      ],
      "camera_pose": {
        "parent_frame": "base_link",
        "child_frame": "camera_optical",
        "stamp": {
          "sec": 1770203704,
          "nanosec": 264341951,
          "stamp_ns": 1770203704264341951
        },
        "R": [
          [
            0.950433208646,
            -0.310923356363,
            0.001839122098
          ],
          [
            -0.310903268343,
            -0.950414345939,
            -0.007192271295
          ],
          [
            0.003984173157,
            0.006263984414,
            -0.999972444052
          ]
        ],
        "t": [
          0.32783801128570916,
          0.5045463793345007,
          0.3038828788429151
        ]
      }
    },
    "image_6": {
      "image_file": "pose_6_image.png",
      "image_stamp_ns": 1770203707064342527,
      "joint_stamp_ns": 1770203707257046429,
      "position": [
        -1.2628526252559205,
        1.7053373495685022,
        -2.0132199726500453,
        -1.570770565663473,
        -2.484811607991354,
        0.6568729877471924
      ],
      "camera_pose": {
        "parent_frame": "base_link",
        "child_frame": "camera_optical",
        "stamp": {
          "sec": 1770203707,
          "nanosec": 64342527,
          "stamp_ns": 1770203707064342527
        },
        "R": [
          [
            0.999990405037,
            -0.001995676835,
            0.003899629207
          ],
          [
            -0.001970926414,
            -0.99997795693,
            -0.006340433933
          ],
          [
            0.003912196704,
            0.006332687214,
            -0.999972295511
          ]
        ],
        "t": [
          0.32107079258597815,
          0.4615339048711444,
          0.30383445162537503
        ]
      }
    },
    "image_7": {
      "image_file": "pose_7_image.png",
      "image_stamp_ns": 1770203710064343075,
      "joint_stamp_ns": 1770203710157049137,
      "position": [
        -1.298745111828186,
        1.7535489241229456,
        -2.025571962396139,
        -1.570770565663473,
        -2.8376320044146937,
        0.6182594895362854
      ],
      "camera_pose": {
        "parent_frame": "base_link",
        "child_frame": "camera_optical",
        "stamp": {
          "sec": 1770203710,
          "nanosec": 64343075,
          "stamp_ns": 1770203710064343075
        },
        "R": [
          [
            0.951665707306,
            0.307083408323,
            0.005671143584
          ],
          [
            0.307110469774,
            -0.951662080318,
            -0.004737535304
          ],
          [
            0.003942193813,
            0.006250217457,
            -0.999972696572
          ]
        ],
        "t": [
          0.32787587117902284,
          0.4185230385986521,
          0.3038771951661202
        ]
      }
    },
    "image_8": {
      "image_file": "pose_8_image.png",
      "image_stamp_ns": 1770203712864405102,
      "joint_stamp_ns": 1770203713007044203,
      "position": [
        -1.318133906727173,
        1.778984848652975,
        -2.031661172906393,
        -1.5707915464984339,
        -3.1959899107562464,
        0.5740171074867249
      ],
      "camera_pose": {
        "parent_frame": "base_link",
        "child_frame": "camera_optical",
        "stamp": {
          "sec": 1770203712,
          "nanosec": 864405102,
          "stamp_ns": 1770203712864405102
        },
        "R": [
          [
            0.810186398707,
            0.58613282769,
            0.006804972829
          ],
          [
            0.586159297547,
            -0.810191201093,
            -0.002737804078
          ],
          [
            0.003908612264,
            0.00620692972,
            -0.999973098025
          ]
        ],
        "t": [
          0.3476842590230295,
          0.37972565458454455,
          0.30385819378895496
        ]
      }
    },
    "image_9": {
      "image_file": "pose_9_image.png",
      "image_stamp_ns": 1770203715664414635,
      "joint_stamp_ns": 1770203715857046044,
      "position": [
        -1.31828527272258,
        1.7790983358966272,
        -2.0316926441588343,
        -1.570817772542135,
        -3.55385667482485,
        0.5303155183792114
      ],
      "camera_pose": {
        "parent_frame": "base_link",
        "child_frame": "camera_optical",
        "stamp": {
          "sec": 1770203715,
          "nanosec": 664414635,
          "stamp_ns": 1770203715664414635
        },
        "R": [
          [
            0.589387824369,
            0.80781647004,
            0.007385338046
          ],
          [
            0.807840251918,
            -0.589401350814,
            -0.000418378096
          ],
          [
            0.004014955504,
            0.006212760303,
            -0.999972640497
          ]
        ],
        "t": [
          0.37845137003914897,
          0.34891065898517815,
          0.30391845556616043
        ]
      }
    },
    "image_10": {
      "image_file": "pose_10_image.png",
      "image_stamp_ns": 1770203718664424808,
      "joint_stamp_ns": 1770203718757046099,
      "position": [
        -1.2990859311870118,
        1.753960911427633,
        -2.0256391964354457,
        -1.5708144346820276,
        -3.905119005833761,
        0.49321386218070984
      ],
      "camera_pose": {
        "parent_frame": "base_link",
        "child_frame": "camera_optical",
        "stamp": {
          "sec": 1770203718,
          "nanosec": 664424808,
          "stamp_ns": 1770203718664424808
        },
        "R": [
          [
            0.31093421662,
            0.950404635021,
            0.007137413048
          ],
          [
            0.950422884852,
            -0.310954505817,
            0.001906636222
          ],
          [
            0.00403148665,
            0.00619072226,
            -0.999972710664
          ]
        ],
        "t": [
          0.41719552872241256,
          0.32914551174623213,
          0.30392191253910117
        ]
      }
    },
    "image_11": {
      "image_file": "pose_11_image.png",
      "image_stamp_ns": 1770203721464490594,
      "joint_stamp_ns": 1770203721607049212,
      "position": [
        -1.263311044578888,
        1.7058985869037073,
        -2.013327737847799,
        -1.5707915464984339,
        -4.24520451227297,
        0.4673285186290741
      ],
      "camera_pose": {
        "parent_frame": "base_link",
        "child_frame": "camera_optical",
        "stamp": {
          "sec": 1770203721,
          "nanosec": 464490594,
          "stamp_ns": 1770203721464490594
        },
        "R": [
          [
            0.001985577122,
            0.999978909766,
            0.006183648326
          ],
          [
            0.999990076688,
            -0.002010183754,
            0.003975636752
          ],
          [
            0.003987983174,
            0.00617569303,
            -0.999972978038
          ]
        ],
        "t": [
          0.4602030248046473,
          0.3223428635853887,
          0.30391290431707363
        ]
      }
    },
    "image_12": {
      "image_file": "pose_12_image.png",
      "image_stamp_ns": 1770203724264454785,
      "joint_stamp_ns": 1770203724507045759,
      "position": [
        -1.2156495612910767,
        1.6396525541888636,
        -1.9948283634581507,
        -1.5708215872394007,
        -4.571939889584677,
        0.45464879274368286
      ],
      "camera_pose": {
        "parent_frame": "base_link",
        "child_frame": "camera_optical",
        "stamp": {
          "sec": 1770203724,
          "nanosec": 264454785,
          "stamp_ns": 1770203724264454785
        },
        "R": [
          [
            -0.30740018191,
            0.951568441773,
            0.004756972071
          ],
          [
            0.951571724968,
            0.307372298608,
            0.005789843598
          ],
          [
            0.004047271011,
            0.006306399095,
            -0.99997192407
          ]
        ],
        "t": [
          0.5032380339441549,
          0.32920529405756005,
          0.30396114577199157
        ]
      }
    },
    "image_13": {
      "image_file": "pose_13_image.png",
      "image_stamp_ns": 1770203727264485535,
      "joint_stamp_ns": 1770203727357045274,
      "position": [
        -1.1614397329143067,
        1.5616357962237757,
        -1.9709545574583949,
        -1.57080585161318,
        -4.885446373616354,
        0.45536234974861145
      ],
      "camera_pose": {
        "parent_frame": "base_link",
        "child_frame": "camera_optical",
        "stamp": {
          "sec": 1770203727,
          "nanosec": 264485535,
          "stamp_ns": 1770203727264485535
        },
        "R": [
          [
            -0.586099302173,
            0.810234714698,
            0.002704642441
          ],
          [
            0.810229270076,
            0.586072282633,
            0.006914437202
          ],
          [
            0.004017201084,
            0.00624392729,
            -0.999972437354
          ]
        ],
        "t": [
          0.5420478193165064,
          0.3489077426105762,
          0.30394311688989434
        ]
      }
    },
    "image_14": {
      "image_file": "pose_14_image.png",
      "image_stamp_ns": 1770203730064462819,
      "joint_stamp_ns": 1770203730257044872,
      "position": [
        -1.1060491663268586,
        1.4787524382220667,
        -1.9435020885863246,
        -1.5707758108722132,
        -5.1872316042529505,
        0.4676845073699951
      ],
      "camera_pose": {
        "parent_frame": "base_link",
        "child_frame": "camera_optical",
        "stamp": {
          "sec": 1770203730,
          "nanosec": 64462819,
          "stamp_ns": 1770203730064462819
        },
        "R": [
          [
            -0.807779190045,
            0.589485027286,
            0.000427475954
          ],
          [
            0.589471547568,
            0.807755361664,
            0.007387171993
          ],
          [
            0.00400933129,
            0.006219188721,
            -0.999972623102
          ]
        ],
        "t": [
          0.5728686635503578,
          0.37966698716998853,
          0.30393022990111296
        ]
      }
    },
    "image_15": {
      "image_file": "pose_15_image.png",
      "image_stamp_ns": 1770203733064503019,
      "joint_stamp_ns": 1770203733157050787,
      "position": [
        -1.0543260735324402,
        1.3988779226886194,
        -1.9153267345824183,
        -1.570817772542135,
        -5.47954231897463,
        0.48952028155326843
      ],
      "camera_pose": {
        "parent_frame": "base_link",
        "child_frame": "camera_optical",
        "stamp": {
          "sec": 1770203733,
          "nanosec": 64503019,
          "stamp_ns": 1770203733064503019
        },
        "R": [
          [
            -0.950383651607,
            0.311074536899,
            -0.001883414779
          ],
          [
            0.311054219179,
            0.950365047743,
            0.007179746547
          ],
          [
            0.004023367908,
            0.006237669628,
            -0.999972451615
          ]
        ],
        "t": [
          0.5926283170833838,
          0.4184675510847257,
          0.30394270071172125
        ]
      }
    }
  }
}