{
  "note": "Per-image joint positions and camera pose at capture time.",
  "prompt": "yellow object.",
  "created_at": "2026-01-28T15:03:11.664908",
  "joint_names": [
    "shoulder_lift_joint",
    "elbow_joint",
    "wrist_1_joint",
    "wrist_2_joint",
    "wrist_3_joint",
    "shoulder_pan_joint"
  ],
  "shots": {
    "image_1": {
      "image_file": "pose_1_image.png",
      "image_stamp_ns": 1769609004900256085,
      "joint_stamp_ns": 1769609005080434633,
      "position": [
        -0.9867404264262696,
        1.2908819357501429,
        -1.8749262295165003,
        -1.5708068052874964,
        -1.1584275404559534,
        0.41236770153045654
      ],
      "camera_pose": {
        "parent_frame": "base_link",
        "child_frame": "camera_optical",
        "stamp": {
          "sec": 1769609004,
          "nanosec": 900256085,
          "stamp_ns": 1769609004900256085
        },
        "R": [
          [
            -0.002192312634,
            -0.999977631954,
            -0.006318968008
          ],
          [
            -0.999989347859,
            0.002217917066,
            -0.004047840343
          ],
          [
            0.004061764747,
            0.006310026566,
            -0.99997184242
          ]
        ],
        "t": [
          0.5954373573877897,
          0.4651515612162294,
          0.303871865808561
        ]
      }
    },
    "image_2": {
      "image_file": "pose_2_image.png",
      "image_stamp_ns": 1769609007900306341,
      "joint_stamp_ns": 1769609007980447645,
      "position": [
        -1.0523345631412049,
        1.3958662191974085,
        -1.9142352543272914,
        -1.570810619984762,
        -1.460968319569723,
        0.4239504337310791
      ],
      "camera_pose": {
        "parent_frame": "base_link",
        "child_frame": "camera_optical",
        "stamp": {
          "sec": 1769609007,
          "nanosec": 900306341,
          "stamp_ns": 1769609007900306341
        },
        "R": [
          [
            0.306936858972,
            -0.95171784869,
            -0.004785508284
          ],
          [
            -0.951721304409,
            -0.306908867712,
            -0.005788406906
          ],
          [
            0.004040215239,
            0.00633114562,
            -0.99997179623
          ]
        ],
        "t": [
          0.5463106600350052,
          0.45733717888018194,
          0.30382823100021183
        ]
      }
    },
    "image_3": {
      "image_file": "pose_3_image.png",
      "image_stamp_ns": 1769609010700295577,
      "joint_stamp_ns": 1769609010880482725,
      "position": [
        -1.1222996574691315,
        1.5034773985492151,
        -1.9519115887083949,
        -1.5707743803607386,
        -1.7774274984942835,
        0.42169189453125
      ],
      "camera_pose": {
        "parent_frame": "base_link",
        "child_frame": "camera_optical",
        "stamp": {
          "sec": 1769609010,
          "nanosec": 700295577,
          "stamp_ns": 1769609010700295577
        },
        "R": [
          [
            0.586074035651,
            -0.810252863235,
            -0.002742691115
          ],
          [
            -0.810247469716,
            -0.586046572124,
            -0.006960827632
          ],
          [
            0.004032685793,
            0.006301818878,
            -0.99997201187
          ]
        ],
        "t": [
          0.5019045067110626,
          0.43474191041378957,
          0.3038606050135578
        ]
      }
    },
    "image_4": {
      "image_file": "pose_4_image.png",
      "image_stamp_ns": 1769609013500303330,
      "joint_stamp_ns": 1769609013730444720,
      "position": [
        -1.1907854837230225,
        1.6043451468097132,
        -1.9843045673766078,
        -1.5707743803607386,
        -2.1095808188067835,
        0.40369459986686707
      ],
      "camera_pose": {
        "parent_frame": "base_link",
        "child_frame": "camera_optical",
        "stamp": {
          "sec": 1769609013,
          "nanosec": 500303330,
          "stamp_ns": 1769609013500303330
        },
        "R": [
          [
            0.807901057609,
            -0.589317906867,
            -0.000534566481
          ],
          [
            -0.589304812774,
            -0.807876339515,
            -0.007460408373
          ],
          [
            0.003964688635,
            0.006342294415,
            -0.999972027882
          ]
        ],
        "t": [
          0.4666422671581804,
          0.3995313455239368,
          0.3038491832725443
        ]
      }
    },
    "image_5": {
      "image_file": "pose_5_image.png",
      "image_stamp_ns": 1769609016500333819,
      "joint_stamp_ns": 1769609016580435232,
      "position": [
        -1.2513507169536133,
        1.6895960013019007,
        -2.009021898309225,
        -1.570798699055807,
        -2.457719866429464,
        0.36970987915992737
      ],
      "camera_pose": {
        "parent_frame": "base_link",
        "child_frame": "camera_optical",
        "stamp": {
          "sec": 1769609016,
          "nanosec": 500333819,
          "stamp_ns": 1769609016500333819
        },
        "R": [
          [
            0.950389485675,
            -0.311057381883,
            0.001769376916
          ],
          [
            -0.311037834539,
            -0.95037051959,
            -0.007165261981
          ],
          [
            0.003910371291,
            0.006259446485,
            -0.999972763792
          ]
        ],
        "t": [
          0.4440865436774418,
          0.35517304204082295,
          0.30385975554491207
        ]
      }
    },
    "image_6": {
      "image_file": "pose_6_image.png",
      "image_stamp_ns": 1769609019300358887,
      "joint_stamp_ns": 1769609019430439842,
      "position": [
        -1.297305093412735,
        1.751672093068258,
        -2.0251084766783656,
        -1.5707743803607386,
        -2.81935698190798,
        0.32226312160491943
      ],
      "camera_pose": {
        "parent_frame": "base_link",
        "child_frame": "camera_optical",
        "stamp": {
          "sec": 1769609019,
          "nanosec": 300358887,
          "stamp_ns": 1769609019300358887
        },
        "R": [
          [
            0.999990131369,
            -0.002102531761,
            0.003913633247
          ],
          [
            -0.002078084638,
            -0.999978370024,
            -0.006240276348
          ],
          [
            0.003926668974,
            0.006232081904,
            -0.999972870845
          ]
        ],
        "t": [
          0.4363021598289227,
          0.3059831695512151,
          0.30386482116469826
        ]
      }
    }
  }
}