{
  "note": "Per-image joint positions and camera pose at capture time.",
  "prompt": "blue object.",
  "created_at": "2026-01-28T15:32:49.538118",
  "joint_names": [
    "shoulder_lift_joint",
    "elbow_joint",
    "wrist_1_joint",
    "wrist_2_joint",
    "wrist_3_joint",
    "shoulder_pan_joint"
  ],
  "shots": {
    "image_1": {
      "image_file": "pose_1_image.png",
      "image_stamp_ns": 1769610782915137920,
      "joint_stamp_ns": 1769610783100435919,
      "position": [
        -0.8471243542483826,
        1.0561559836017054,
        -1.7798143825926722,
        -1.5708263556109827,
        -0.783630673085348,
        0.7871893644332886
      ],
      "camera_pose": {
        "parent_frame": "base_link",
        "child_frame": "camera_optical",
        "stamp": {
          "sec": 1769610782,
          "nanosec": 915137920,
          "stamp_ns": 1769610782915137920
        },
        "R": [
          [
            -0.002229032482,
            -0.999977907792,
            -0.006262215437
          ],
          [
            -0.999989247659,
            0.002254435431,
            -0.004052417538
          ],
          [
            0.004066445771,
            0.006253115133,
            -0.999972180898
          ]
        ],
        "t": [
          0.44537909088119276,
          0.6949983121896404,
          0.3039120474101424
        ]
      }
    },
    "image_2": {
      "image_file": "pose_2_image.png",
      "image_stamp_ns": 1769610785715151796,
      "joint_stamp_ns": 1769610785950441970,
      "position": [
        -0.9028059405139466,
        1.151757542287008,
        -1.8196388683714808,
        -1.570810619984762,
        -1.0729377905475062,
        0.8120258450508118
      ],
      "camera_pose": {
        "parent_frame": "base_link",
        "child_frame": "camera_optical",
        "stamp": {
          "sec": 1769610785,
          "nanosec": 715151796,
          "stamp_ns": 1769610785715151796
        },
        "R": [
          [
            0.307097956056,
            -0.951665569265,
            -0.004846613449
          ],
          [
            -0.951668997299,
            -0.307069056276,
            -0.005891880614
          ],
          [
            0.004118854901,
            0.006421756255,
            -0.999970897617
          ]
        ],
        "t": [
          0.3962042043251175,
          0.6872011990114676,
          0.3037620385944165
        ]
      }
    },
    "image_3": {
      "image_file": "pose_3_image.png",
      "image_stamp_ns": 1769610788715165069,
      "joint_stamp_ns": 1769610788796453943,
      "position": [
        -0.9694623512080689,
        1.2628009955035608,
        -1.8640333614745082,
        -1.5708263556109827,
        -1.3724210898028772,
        0.8267059922218323
      ],
      "camera_pose": {
        "parent_frame": "base_link",
        "child_frame": "camera_optical",
        "stamp": {
          "sec": 1769610788,
          "nanosec": 715165069,
          "stamp_ns": 1769610788715165069
        },
        "R": [
          [
            0.585998945258,
            -0.810306949101,
            -0.002807916598
          ],
          [
            -0.810301608958,
            -0.585970655617,
            -0.007049345741
          ],
          [
            0.00406677711,
            0.006406168506,
            -0.99997121075
          ]
        ],
        "t": [
          0.35186206594802244,
          0.6645964233552225,
          0.30377815314519596
        ]
      }
    },
    "image_4": {
      "image_file": "pose_4_image.png",
      "image_stamp_ns": 1769610791515165961,
      "joint_stamp_ns": 1769610791700438708,
      "position": [
        -1.0411209625056763,
        1.378120247517721,
        -1.907771726647848,
        -1.5707796255694788,
        -1.6847179571734827,
        0.8285555243492126
      ],
      "camera_pose": {
        "parent_frame": "base_link",
        "child_frame": "camera_optical",
        "stamp": {
          "sec": 1769610791,
          "nanosec": 515165961,
          "stamp_ns": 1769610791515165961
        },
        "R": [
          [
            0.807791920948,
            -0.589467535171,
            -0.0004872692
          ],
          [
            -0.589454074342,
            -0.807767294622,
            -0.007476093905
          ],
          [
            0.004013314523,
            0.006326351072,
            -0.999971934901
          ]
        ],
        "t": [
          0.31660591164832075,
          0.6293889389162614,
          0.3038310505323891
        ]
      }
    },
    "image_5": {
      "image_file": "pose_5_image.png",
      "image_stamp_ns": 1769610794315179576,
      "joint_stamp_ns": 1769610794550447989,
      "position": [
        -1.1118913453868409,
        1.48773700395693,
        -1.9466034374632777,
        -1.5707829634295862,
        -2.0116880575763147,
        0.815778374671936
      ],
      "camera_pose": {
        "parent_frame": "base_link",
        "child_frame": "camera_optical",
        "stamp": {
          "sec": 1769610794,
          "nanosec": 315179576,
          "stamp_ns": 1769610794315179576
        },
        "R": [
          [
            0.950496111549,
            -0.310730796891,
            0.00187451183
          ],
          [
            -0.310710430832,
            -0.950477292311,
            -0.007207286092
          ],
          [
            0.00402120668,
            0.006268067027,
            -0.999972270232
          ]
        ],
        "t": [
          0.29392304639729466,
          0.58503152349445,
          0.30388412809473686
        ]
      }
    },
    "image_6": {
      "image_file": "pose_6_image.png",
      "image_stamp_ns": 1769610797315225199,
      "joint_stamp_ns": 1769610797396494542,
      "position": [
        -1.1758424204638978,
        1.5826852957354944,
        -1.9776197872557582,
        -1.5708025137530726,
        -2.3540316263781946,
        0.78764408826828
      ],
      "camera_pose": {
        "parent_frame": "base_link",
        "child_frame": "camera_optical",
        "stamp": {
          "sec": 1769610797,
          "nanosec": 315225199,
          "stamp_ns": 1769610797315225199
        },
        "R": [
          [
            0.999989911652,
            -0.002103623773,
            0.003968798563
          ],
          [
            -0.002078634743,
            -0.999978057194,
            -0.006290024547
          ],
          [
            0.003981943322,
            0.006281711409,
            -0.999972341732
          ]
        ],
        "t": [
          0.28619307851298526,
          0.5358438265728057,
          0.3038585368237307
        ]
      }
    }
  }
}