{
  "note": "Per-image joint positions and camera pose at capture time.",
  "prompt": "blue object.",
  "created_at": "2026-01-28T16:03:55.298051",
  "joint_names": [
    "shoulder_lift_joint",
    "elbow_joint",
    "wrist_1_joint",
    "wrist_2_joint",
    "wrist_3_joint",
    "shoulder_pan_joint"
  ],
  "shots": {
    "image_1": {
      "image_file": "pose_1_image.png",
      "image_stamp_ns": 1769612648527991048,
      "joint_stamp_ns": 1769612648706487428,
      "position": [
        -1.0480877322009583,
        1.3891008535968226,
        -1.9117680988707484,
        -1.5708296934710901,
        -1.1846736113177698,
        0.38607096672058105
      ],
      "camera_pose": {
        "parent_frame": "base_link",
        "child_frame": "camera_optical",
        "stamp": {
          "sec": 1769612648,
          "nanosec": 527991048,
          "stamp_ns": 1769612648527991048
        },
        "R": [
          [
            -0.002276862038,
            -0.999977500104,
            -0.006309927553
          ],
          [
            -0.999989077633,
            0.002302553294,
            -0.004067291837
          ],
          [
            0.004081729268,
            0.006300597971,
            -0.999971820579
          ]
        ],
        "t": [
          0.5811367738100705,
          0.43926276872399145,
          0.30388467523250234
        ]
      }
    },
    "image_2": {
      "image_file": "pose_2_image.png",
      "image_stamp_ns": 1769612651328037611,
      "joint_stamp_ns": 1769612651606494868,
      "position": [
        -1.112446056013443,
        1.4886296431170862,
        -1.9468842945494593,
        -1.5707586447345179,
        -1.48792010942568,
        0.3969714045524597
      ],
      "camera_pose": {
        "parent_frame": "base_link",
        "child_frame": "camera_optical",
        "stamp": {
          "sec": 1769612651,
          "nanosec": 328037611,
          "stamp_ns": 1769612651328037611
        },
        "R": [
          [
            0.306760049572,
            -0.951774887087,
            -0.004778733795
          ],
          [
            -0.951778455483,
            -0.306732337397,
            -0.005748466989
          ],
          [
            0.004005454333,
            0.006311695889,
            -0.999972059025
          ]
        ],
        "t": [
          0.5319885822912304,
          0.4314572441090656,
          0.30387910299276694
        ]
      }
    },
    "image_3": {
      "image_file": "pose_3_image.png",
      "image_stamp_ns": 1769612654328065710,
      "joint_stamp_ns": 1769612654506440210,
      "position": [
        -1.1814156037620087,
        1.5907953421222132,
        -1.9801303348936976,
        -1.5707758108722132,
        -1.8058388868915003,
        0.39327532052993774
      ],
      "camera_pose": {
        "parent_frame": "base_link",
        "child_frame": "camera_optical",
        "stamp": {
          "sec": 1769612654,
          "nanosec": 328065710,
          "stamp_ns": 1769612654328065710
        },
        "R": [
          [
            0.586062816047,
            -0.810260604983,
            -0.002850905262
          ],
          [
            -0.810255988189,
            -0.586035065344,
            -0.006937996152
          ],
          [
            0.003950854508,
            0.006376064623,
            -0.999971867879
          ]
        ],
        "t": [
          0.4875560040878467,
          0.40890531138170677,
          0.3038179208305013
        ]
      }
    },
    "image_4": {
      "image_file": "pose_4_image.png",
      "image_stamp_ns": 1769612657128077928,
      "joint_stamp_ns": 1769612657356441157,
      "position": [
        -1.2491400402835389,
        1.6865809599505823,
        -2.0081621609129847,
        -1.5707796255694788,
        -2.140237633381979,
        0.37302085757255554
      ],
      "camera_pose": {
        "parent_frame": "base_link",
        "child_frame": "camera_optical",
        "stamp": {
          "sec": 1769612657,
          "nanosec": 128077928,
          "stamp_ns": 1769612657128077928
        },
        "R": [
          [
            0.807857323263,
            -0.589377819879,
            -0.000575053142
          ],
          [
            -0.589365007107,
            -0.807832488205,
            -0.007453817706
          ],
          [
            0.003928568218,
            0.006360537419,
            -0.999972054567
          ]
        ],
        "t": [
          0.4522954324616798,
          0.3737028532066536,
          0.3038450625517965
        ]
      }
    },
    "image_5": {
      "image_file": "pose_5_image.png",
      "image_stamp_ns": 1769612659928057448,
      "joint_stamp_ns": 1769612660206447215,
      "position": [
        -1.3091041606715699,
        1.7672002951251429,
        -2.0288545093932093,
        -1.570810619984762,
        -2.4912670294391077,
        0.3361680507659912
      ],
      "camera_pose": {
        "parent_frame": "base_link",
        "child_frame": "camera_optical",
        "stamp": {
          "sec": 1769612659,
          "nanosec": 928057448,
          "stamp_ns": 1769612659928057448
        },
        "R": [
          [
            0.950327052787,
            -0.311247776415,
            0.001820554535
          ],
          [
            -0.311228017694,
            -0.950308468919,
            -0.007136869347
          ],
          [
            0.003951423107,
            0.006215752433,
            -0.999972874971
          ]
        ],
        "t": [
          0.429737446026152,
          0.3293499666888078,
          0.30391464191484513
        ]
      }
    },
    "image_6": {
      "image_file": "pose_6_image.png",
      "image_stamp_ns": 1769612662928085816,
      "joint_stamp_ns": 1769612663056440927,
      "position": [
        -1.3541065913489838,
        1.825186554585592,
        -2.0417806110777796,
        -1.570763889943258,
        -2.856114451085226,
        0.2854570746421814
      ],
      "camera_pose": {
        "parent_frame": "base_link",
        "child_frame": "camera_optical",
        "stamp": {
          "sec": 1769612662,
          "nanosec": 928085816,
          "stamp_ns": 1769612662928085816
        },
        "R": [
          [
            0.999990184248,
            -0.002132453989,
            0.003883818775
          ],
          [
            -0.002108077099,
            -0.999978122308,
            -0.006269841744
          ],
          [
            0.003897103955,
            0.006261592811,
            -0.999972802148
          ]
        ],
        "t": [
          0.4219505453844469,
          0.2801233050402176,
          0.30385418808012116
        ]
      }
    }
  }
}