{
  "note": "Per-image joint positions and camera pose at capture time.",
  "prompt": "yellow object.",
  "created_at": "2026-01-28T14:27:05.661439",
  "joint_names": [
    "shoulder_lift_joint",
    "elbow_joint",
    "wrist_1_joint",
    "wrist_2_joint",
    "wrist_3_joint",
    "shoulder_pan_joint"
  ],
  "shots": {
    "image_1": {
      "image_file": "pose_1_image.png",
      "image_stamp_ns": 1769606838988554778,
      "joint_stamp_ns": 1769606839156438354,
      "position": [
        -1.1715631049922486,
        1.5764220396624964,
        -1.9756604633727015,
        -1.5707829634295862,
        -0.7493761221515101,
        0.821464478969574
      ],
      "camera_pose": {
        "parent_frame": "base_link",
        "child_frame": "camera_optical",
        "stamp": {
          "sec": 1769606838,
          "nanosec": 988554778,
          "stamp_ns": 1769606838988554778
        },
        "R": [
          [
            -0.002159521941,
            -0.999978144573,
            -0.006248747154
          ],
          [
            -0.999989496229,
            0.002184724426,
            -0.004029194836
          ],
          [
            0.004042758567,
            0.006239980384,
            -0.999972358992
          ]
        ],
        "t": [
          0.32837374008456116,
          0.6078498483682427,
          0.30391027039041596
        ]
      }
    },
    "image_2": {
      "image_file": "pose_2_image.png",
      "image_stamp_ns": 1769606841788598175,
      "joint_stamp_ns": 1769606842056440480,
      "position": [
        -1.2147315305522461,
        1.6384895483600062,
        -1.994493146935934,
        -1.5707796255694788,
        -1.0315192381488245,
        0.8534100651741028
      ],
      "camera_pose": {
        "parent_frame": "base_link",
        "child_frame": "camera_optical",
        "stamp": {
          "sec": 1769606841,
          "nanosec": 788598175,
          "stamp_ns": 1769606841788598175
        },
        "R": [
          [
            0.307415217884,
            -0.951563463827,
            -0.004781016849
          ],
          [
            -0.951566792898,
            -0.30738707099,
            -0.005816119107
          ],
          [
            0.004064783678,
            0.006337420393,
            -0.999971656917
          ]
        ],
        "t": [
          0.2791570271032639,
          0.6000455659710207,
          0.3038732923381137
        ]
      }
    },
    "image_3": {
      "image_file": "pose_3_image.png",
      "image_stamp_ns": 1769606844788649480,
      "joint_stamp_ns": 1769606844906435460,
      "position": [
        -1.2709995371154328,
        1.7164185682879847,
        -2.0161482296385707,
        -1.570810619984762,
        -1.3254573980914515,
        0.8736218214035034
      ],
      "camera_pose": {
        "parent_frame": "base_link",
        "child_frame": "camera_optical",
        "stamp": {
          "sec": 1769606844,
          "nanosec": 788649480,
          "stamp_ns": 1769606844788649480
        },
        "R": [
          [
            0.586017162424,
            -0.810293974018,
            -0.002749729819
          ],
          [
            -0.810288349035,
            -0.58598924366,
            -0.007028352034
          ],
          [
            0.004083719203,
            0.006346808951,
            -0.999971520221
          ]
        ],
        "t": [
          0.23487994055335532,
          0.5774554208647187,
          0.303842037429121
        ]
      }
    },
    "image_4": {
      "image_file": "pose_4_image.png",
      "image_stamp_ns": 1769606847588608936,
      "joint_stamp_ns": 1769606847806442496,
      "position": [
        -1.3366210472634812,
        1.8028996626483362,
        -2.0370246372618617,
        -1.5707634131061,
        -1.6346119085894983,
        0.8786394596099854
      ],
      "camera_pose": {
        "parent_frame": "base_link",
        "child_frame": "camera_optical",
        "stamp": {
          "sec": 1769606847,
          "nanosec": 588608936,
          "stamp_ns": 1769606847588608936
        },
        "R": [
          [
            0.807827554454,
            -0.589418749545,
            -0.00042420595
          ],
          [
            -0.589405180257,
            -0.807803627754,
            -0.007404895208
          ],
          [
            0.004021908968,
            0.006231907572,
            -0.99997249341
          ]
        ],
        "t": [
          0.19963626326342282,
          0.5422520932658867,
          0.30390631332587026
        ]
      }
    },
    "image_5": {
      "image_file": "pose_5_image.png",
      "image_stamp_ns": 1769606850388623344,
      "joint_stamp_ns": 1769606850656433698,
      "position": [
        -1.4067680549672623,
        1.8899458090411585,
        -2.0539280376830042,
        -1.5707634131061,
        -1.9620445410357874,
        0.8654106259346008
      ],
      "camera_pose": {
        "parent_frame": "base_link",
        "child_frame": "camera_optical",
        "stamp": {
          "sec": 1769606850,
          "nanosec": 388623344,
          "stamp_ns": 1769606850388623344
        },
        "R": [
          [
            0.950438237717,
            -0.31090815946,
            0.00180905145
          ],
          [
            -0.310887966951,
            -0.950418788898,
            -0.007266203545
          ],
          [
            0.003978478459,
            0.006343665365,
            -0.999971964416
          ]
        ],
        "t": [
          0.17695766276979583,
          0.49785970629264464,
          0.303872825359054
        ]
      }
    },
    "image_6": {
      "image_file": "pose_6_image.png",
      "image_stamp_ns": 1769606853388648480,
      "joint_stamp_ns": 1769606853506438000,
      "position": [
        -1.4752945017865677,
        1.9693520704852503,
        -2.064793726006979,
        -1.5707905928241175,
        -2.309650246297018,
        0.8319728374481201
      ],
      "camera_pose": {
        "parent_frame": "base_link",
        "child_frame": "camera_optical",
        "stamp": {
          "sec": 1769606853,
          "nanosec": 388648480,
          "stamp_ns": 1769606853388648480
        },
        "R": [
          [
            0.99998985528,
            -0.002102502133,
            0.003983568938
          ],
          [
            -0.002077794277,
            -0.999978643091,
            -0.006196461332
          ],
          [
            0.003996511935,
            0.006188121434,
            -0.999972867155
          ]
        ],
        "t": [
          0.16923222696100115,
          0.4486942080023614,
          0.30391316355011827
        ]
      }
    }
  }
}