{
  "note": "Per-image joint positions and camera pose at capture time.",
  "prompt": "blue object .",
  "created_at": "2026-01-22T14:44:01.315221",
  "joint_names": [
    "shoulder_lift_joint",
    "elbow_joint",
    "wrist_1_joint",
    "wrist_2_joint",
    "wrist_3_joint",
    "shoulder_pan_joint"
  ],
  "shots": {
    "image_1": {
      "image_file": "pose_1_image.png",
      "image_stamp_ns": 1769089454688103422,
      "joint_stamp_ns": 1769089454905606420,
      "position": [
        -0.9419068855098267,
        1.2170980612384241,
        -1.845987936059469,
        -1.5707796255694788,
        -0.9533341566668909,
        0.6175338625907898
      ],
      "camera_pose": {
        "parent_frame": "base_link",
        "child_frame": "camera_optical",
        "stamp": {
          "sec": 1769089454,
          "nanosec": 688103422,
          "stamp_ns": 1769089454688103422
        },
        "R": [
          [
            -0.002103154343,
            -0.999978466303,
            -0.006216403499
          ],
          [
            -0.999989841855,
            0.002127879377,
            -0.003973451424
          ],
          [
            0.003986593618,
            0.00620798357,
            -0.999972783635
          ]
        ],
        "t": [
          0.5156284799058275,
          0.5889379377622707,
          0.3039559406276651
        ]
      }
    },
    "image_2": {
      "image_file": "pose_2_image.png",
      "image_stamp_ns": 1769089457688131597,
      "joint_stamp_ns": 1769089457805616425,
      "position": [
        -1.001400963669159,
        1.3147600332843226,
        -1.884045740167135,
        -1.5707796255694788,
        -1.2476275602923792,
        0.6373462677001953
      ],
      "camera_pose": {
        "parent_frame": "base_link",
        "child_frame": "camera_optical",
        "stamp": {
          "sec": 1769089457,
          "nanosec": 688131597,
          "stamp_ns": 1769089457688131597
        },
        "R": [
          [
            0.307004393545,
            -0.951695804216,
            -0.00483720809
          ],
          [
            -0.951699290849,
            -0.306975722155,
            -0.005862235483
          ],
          [
            0.004094159466,
            0.006403299558,
            -0.999971117389
          ]
        ],
        "t": [
          0.4665327562911289,
          0.5810935692541134,
          0.30377074596316445
        ]
      }
    },
    "image_3": {
      "image_file": "pose_3_image.png",
      "image_stamp_ns": 1769089460488186648,
      "joint_stamp_ns": 1769089460655607010,
      "position": [
        -1.0691135686687012,
        1.422051254902975,
        -1.9236532650389613,
        -1.5707948843585413,
        -1.554096523915426,
        0.6450508832931519
      ],
      "camera_pose": {
        "parent_frame": "base_link",
        "child_frame": "camera_optical",
        "stamp": {
          "sec": 1769089460,
          "nanosec": 488186648,
          "stamp_ns": 1769089460488186648
        },
        "R": [
          [
            0.586090401667,
            -0.810241028178,
            -0.002741775049
          ],
          [
            -0.810235749726,
            -0.586063129958,
            -0.006930914099
          ],
          [
            0.004008857699,
            0.00628362639,
            -0.999972222164
          ]
        ],
        "t": [
          0.42214874782580797,
          0.5584829929743864,
          0.3038437633936357
        ]
      }
    },
    "image_4": {
      "image_file": "pose_4_image.png",
      "image_stamp_ns": 1769089463288179750,
      "joint_stamp_ns": 1769089463555610101,
      "position": [
        -1.1392979186824341,
        1.5289629141436976,
        -1.9603568516173304,
        -1.570810619984762,
        -1.8751066366778772,
        0.6382290124893188
      ],
      "camera_pose": {
        "parent_frame": "base_link",
        "child_frame": "camera_optical",
        "stamp": {
          "sec": 1769089463,
          "nanosec": 288179750,
          "stamp_ns": 1769089463288179750
        },
        "R": [
          [
            0.807830882951,
            -0.589414159787,
            -0.000461294516
          ],
          [
            -0.589400670516,
            -0.807806570058,
            -0.007442779456
          ],
          [
            0.004014242859,
            0.006284394397,
            -0.999972195734
          ]
        ],
        "t": [
          0.3868808296524413,
          0.5232921292817404,
          0.30387416574090814
        ]
      }
    },
    "image_5": {
      "image_file": "pose_5_image.png",
      "image_stamp_ns": 1769089466288251726,
      "joint_stamp_ns": 1769089466405602126,
      "position": [
        -1.2061288815787812,
        1.626350227986471,
        -1.990927358666891,
        -1.5707796255694788,
        -2.2120779196368616,
        0.6154693961143494
      ],
      "camera_pose": {
        "parent_frame": "base_link",
        "child_frame": "camera_optical",
        "stamp": {
          "sec": 1769089466,
          "nanosec": 288251726,
          "stamp_ns": 1769089466288251726
        },
        "R": [
          [
            0.950425053826,
            -0.31094840889,
            0.001817709895
          ],
          [
            -0.310928421473,
            -0.950406054183,
            -0.007200617542
          ],
          [
            0.003966583057,
            0.006278469646,
            -0.999972423139
          ]
        ],
        "t": [
          0.3642904171024603,
          0.4789313242467256,
          0.30386002583528565
        ]
      }
    },
    "image_6": {
      "image_file": "pose_6_image.png",
      "image_stamp_ns": 1769089469088265849,
      "joint_stamp_ns": 1769089469255608951,
      "position": [
        -1.2630799573710938,
        1.705677334462301,
        -2.0132910213866175,
        -1.5708335081683558,
        -2.5644999186145228,
        0.5771755576133728
      ],
      "camera_pose": {
        "parent_frame": "base_link",
        "child_frame": "camera_optical",
        "stamp": {
          "sec": 1769089469,
          "nanosec": 88265849,
          "stamp_ns": 1769089469088265849
        },
        "R": [
          [
            0.999990429095,
            -0.002005502617,
            0.003888402992
          ],
          [
            -0.001980975615,
            -0.999978184088,
            -0.006301355689
          ],
          [
            0.003900955548,
            0.006293592548,
            -0.999972586244
          ]
        ],
        "t": [
          0.35650503732357464,
          0.4297283706671283,
          0.3038433910056282
        ]
      }
    }
  }
}