{
  "note": "Per-image joint positions and camera pose at capture time.",
  "prompt": "red object .",
  "created_at": "2026-01-22T14:15:03.366477",
  "joint_names": [
    "shoulder_lift_joint",
    "elbow_joint",
    "wrist_1_joint",
    "wrist_2_joint",
    "wrist_3_joint",
    "shoulder_pan_joint"
  ],
  "shots": {
    "image_1": {
      "image_file": "pose_1_image.png",
      "image_stamp_ns": 1769087716676748602,
      "joint_stamp_ns": 1769087716863608603,
      "position": [
        -1.1254747074893494,
        1.508298699055807,
        -1.9534789524474085,
        -1.570793930684225,
        -1.0822976271258753,
        0.48847004771232605
      ],
      "camera_pose": {
        "parent_frame": "base_link",
        "child_frame": "camera_optical",
        "stamp": {
          "sec": 1769087716,
          "nanosec": 676748602,
          "stamp_ns": 1769087716676748602
        },
        "R": [
          [
            -0.002242505447,
            -0.999977534026,
            -0.006316851454
          ],
          [
            -0.999989261818,
            0.002268060648,
            -0.004041305547
          ],
          [
            0.004055541758,
            0.006307720972,
            -0.999971882223
          ]
        ],
        "t": [
          0.508404049780753,
          0.4803073109014421,
          0.30387046705695314
        ]
      }
    },
    "image_2": {
      "image_file": "pose_2_image.png",
      "image_stamp_ns": 1769087719476815694,
      "joint_stamp_ns": 1769087719713607847,
      "position": [
        -1.1847819846919556,
        1.5956266562091272,
        -1.9815856419005335,
        -1.5707553068744105,
        -1.380005184804098,
        0.5049303770065308
      ],
      "camera_pose": {
        "parent_frame": "base_link",
        "child_frame": "camera_optical",
        "stamp": {
          "sec": 1769087719,
          "nanosec": 476815694,
          "stamp_ns": 1769087719476815694
        },
        "R": [
          [
            0.307126399079,
            -0.951656900511,
            -0.004745387136
          ],
          [
            -0.951660203149,
            -0.307098718133,
            -0.005764986056
          ],
          [
            0.004028986455,
            0.006286575494,
            -0.99997212273
          ]
        ],
        "t": [
          0.4592117575364601,
          0.472481446584574,
          0.3038814232653428
        ]
      }
    },
    "image_3": {
      "image_file": "pose_3_image.png",
      "image_stamp_ns": 1769087722476868383,
      "joint_stamp_ns": 1769087722559612218,
      "position": [
        -1.2514857214740296,
        1.6897438208209437,
        -2.009027143517965,
        -1.5708144346820276,
        -1.6923735777484339,
        0.506754457950592
      ],
      "camera_pose": {
        "parent_frame": "base_link",
        "child_frame": "camera_optical",
        "stamp": {
          "sec": 1769087722,
          "nanosec": 476868383,
          "stamp_ns": 1769087722476868383
        },
        "R": [
          [
            0.58603706318,
            -0.810279534512,
            -0.002763427237
          ],
          [
            -0.810274275645,
            -0.586009524345,
            -0.006959569311
          ],
          [
            0.004019801901,
            0.006317699563,
            -0.999971963539
          ]
        ],
        "t": [
          0.4148434902473429,
          0.4499205287639446,
          0.30385778333790153
        ]
      }
    },
    "image_4": {
      "image_file": "pose_4_image.png",
      "image_stamp_ns": 1769087725276876126,
      "joint_stamp_ns": 1769087725463606630,
      "position": [
        -1.3203792136958619,
        1.7819097677813929,
        -2.032316347161764,
        -1.5707758108722132,
        -2.0219576994525355,
        0.4913216233253479
      ],
      "camera_pose": {
        "parent_frame": "base_link",
        "child_frame": "camera_optical",
        "stamp": {
          "sec": 1769087725,
          "nanosec": 276876126,
          "stamp_ns": 1769087725276876126
        },
        "R": [
          [
            0.807833612225,
            -0.589410383697,
            -0.000504528917
          ],
          [
            -0.589397116024,
            -0.80780904598,
            -0.007455525135
          ],
          [
            0.003986800907,
            0.006320191689,
            -0.999972079908
          ]
        ],
        "t": [
          0.37957105301395794,
          0.41473893732149414,
          0.3038737689706711
        ]
      }
    },
    "image_5": {
      "image_file": "pose_5_image.png",
      "image_stamp_ns": 1769087728076866251,
      "joint_stamp_ns": 1769087728313623376,
      "position": [
        -1.3851404947093506,
        1.8637197653399866,
        -2.0493155918517054,
        -1.5707829634295862,
        -2.3699727694140833,
        0.45751774311065674
      ],
      "camera_pose": {
        "parent_frame": "base_link",
        "child_frame": "camera_optical",
        "stamp": {
          "sec": 1769087728,
          "nanosec": 76866251,
          "stamp_ns": 1769087728076866251
        },
        "R": [
          [
            0.95045672885,
            -0.310851730853,
            0.001791091739
          ],
          [
            -0.310831987472,
            -0.950437741301,
            -0.007181606695
          ],
          [
            0.003934736059,
            0.006269077803,
            -0.999972607883
          ]
        ],
        "t": [
          0.35696888759701983,
          0.37032528286894806,
          0.3038920379284942
        ]
      }
    }
  }
}