[
  {
    "index": 0,
    "file": "pose_1_image.png",
    "cam_T_world": [
      [
        0.9999999897390812,
        -6.772509967125245e-05,
        7.53274818607831e-05,
        -3.194117791845176e-05
      ],
      [
        6.769664704030863e-05,
        0.9999999597594087,
        0.0001888326073336402,
        -0.00014687561017826523
      ],
      [
        -7.5353053212644e-05,
        -0.00018882240462254419,
        0.9999999586680152,
        -4.0262599254731315e-05
      ],
      [
        0.0,
        0.0,
        0.0,
        1.0
      ]
    ],
    "K": [
      [
        476.3050537109375,
        0.0,
        259.0
      ],
      [
        0.0,
        480.7704772949219,
        259.0
      ],
      [
        0.0,
        0.0,
        1.0
      ]
    ],
    "image_size": [
      518,
      518
    ]
  },
  {
    "index": 1,
    "file": "pose_2_image.png",
    "cam_T_world": [
      [
        0.9519607593816732,
        0.2609713577104064,
        0.16224915837554002,
        -0.16985856231783256
      ],
      [
        -0.2621228216394795,
        0.9647945355590759,
        -0.005975861832349883,
        0.000736149264682097
      ],
      [
        -0.15789248451589719,
        -0.03687757976003486,
        0.9867405551277522,
        -0.004523105791923148
      ],
      [
        0.0,
        0.0,
        0.0,
        1.0
      ]
    ],
    "K": [
      [
        487.5914306640625,
        0.0,
        259.0
      ],
      [
        0.0,
        492.2229309082031,
        259.0
      ],
      [
        0.0,
        0.0,
        1.0
      ]
    ],
    "image_size": [
      518,
      518
    ]
  },
  {
    "index": 2,
    "file": "pose_3_image.png",
    "cam_T_world": [
      [
        0.8118980712509671,
        0.500816083021397,
        0.2984683029797215,
        -0.3200985386808049
      ],
      [
        -0.5034790125459857,
        0.8609613380398285,
        -0.07820130750504146,
        0.06490720321447306
      ],
      [
        -0.2979069050577195,
        -0.08653813734357084,
        0.950900683734366,
        0.041414276735299016
      ],
      [
        0.0,
        0.0,
        0.0,
        1.0
      ]
    ],
    "K": [
      [
        483.0275573730469,
        0.0,
        259.0
      ],
      [
        0.0,
        485.3011169433594,
        259.0
      ],
      [
        0.0,
        0.0,
        1.0
      ]
    ],
    "image_size": [
      518,
      518
    ]
  },
  {
    "index": 3,
    "file": "pose_4_image.png",
    "cam_T_world": [
      [
        0.5999799350972554,
        0.6921576238138565,
        0.40461731252619637,
        -0.43157989235806965
      ],
      [
        -0.6905568109848864,
        0.7035041357601605,
        -0.1761978709549511,
        0.15694527047545961
      ],
      [
        -0.40733714026473966,
        -0.17383550159676336,
        0.8964716997694928,
        0.10790401398741968
      ],
      [
        0.0,
        0.0,
        0.0,
        1.0
      ]
    ],
    "K": [
      [
        480.7704772949219,
        0.0,
        259.0
      ],
      [
        0.0,
        483.0275573730469,
        259.0
      ],
      [
        0.0,
        0.0,
        1.0
      ]
    ],
    "image_size": [
      518,
      518
    ]
  },
  {
    "index": 4,
    "file": "pose_5_image.png",
    "cam_T_world": [
      [
        0.3208569809334982,
        0.8171378631930781,
        0.4754150592278995,
        -0.4953618449061312
      ],
      [
        -0.8171378631930781,
        0.49371511392074463,
        -0.29460696726889285,
        0.26687262112291166
      ],
      [
        -0.47541505922789945,
        -0.29460696726889285,
        0.8281278488100108,
        0.2091988649264827
      ],
      [
        0.0,
        0.0,
        0.0,
        1.0
      ]
    ],
    "K": [
      [
        461.1679992675781,
        0.0,
        259.0
      ],
      [
        0.0,
        461.1679992675781,
        259.0
      ],
      [
        0.0,
        0.0,
        1.0
      ]
    ],
    "image_size": [
      518,
      518
    ]
  },
  {
    "index": 5,
    "file": "pose_6_image.png",
    "cam_T_world": [
      [
        0.020646763977153322,
        0.8665589400556448,
        0.5010839445035435,
        -0.5331927009540849
      ],
      [
        -0.8732348150033608,
        0.25990081559047307,
        -0.4123493231187906,
        0.39483484064967206
      ],
      [
        -0.4872819192097094,
        -0.4267048381069617,
        0.7615031894516224,
        0.27491139337193005
      ],
      [
        0.0,
        0.0,
        0.0,
        1.0
      ]
    ],
    "K": [
      [
        456.9778747558594,
        0.0,
        259.0
      ],
      [
        0.0,
        461.1679992675781,
        259.0
      ],
      [
        0.0,
        0.0,
        1.0
      ]
    ],
    "image_size": [
      518,
      518
    ]
  }
]