{
  "note": "Per-image joint positions and camera pose at capture time.",
  "prompt": "yellow object.",
  "created_at": "2026-01-29T16:23:44.988745",
  "joint_names": [
    "shoulder_lift_joint",
    "elbow_joint",
    "wrist_1_joint",
    "wrist_2_joint",
    "wrist_3_joint",
    "shoulder_pan_joint"
  ],
  "shots": {
    "image_1": {
      "image_file": "pose_1_image.png",
      "image_stamp_ns": 1769700238390841796,
      "joint_stamp_ns": 1769700238590071457,
      "position": [
        -1.072813258772232,
        1.4277003447162073,
        -1.9256750545897425,
        -1.570810619984762,
        -0.8745959440814417,
        0.6962118744850159
      ],
      "camera_pose": {
        "parent_frame": "base_link",
        "child_frame": "camera_optical",
        "stamp": {
          "sec": 1769700238,
          "nanosec": 390841796,
          "stamp_ns": 1769700238390841796
        },
        "R": [
          [
            -0.002131342327,
            -0.999978738155,
            -0.006162841692
          ],
          [
            -0.999989615886,
            0.002156109147,
            -0.004014886392
          ],
          [
            0.004028088787,
            0.006154220599,
            -0.999972949669
          ]
        ],
        "t": [
          0.4289119443965669,
          0.5914445622044597,
          0.3039622085510626
        ]
      }
    },
    "image_2": {
      "image_file": "pose_2_image.png",
      "image_stamp_ns": 1769700241390904536,
      "joint_stamp_ns": 1769700241490061820,
      "position": [
        -1.0987593692592164,
        1.467764679585592,
        -1.939756532708639,
        -1.570770565663473,
        -1.1765201727496546,
        0.7084429264068604
      ],
      "camera_pose": {
        "parent_frame": "base_link",
        "child_frame": "camera_optical",
        "stamp": {
          "sec": 1769700241,
          "nanosec": 390904536,
          "stamp_ns": 1769700241390904536
        },
        "R": [
          [
            0.306963339913,
            -0.951709578525,
            -0.004731394374
          ],
          [
            -0.951712669584,
            -0.306935530356,
            -0.005794372988
          ],
          [
            0.004062327233,
            0.006281588055,
            -0.999972019183
          ]
        ],
        "t": [
          0.39523820558428346,
          0.5860973529645533,
          0.30386242193362073
        ]
      }
    },
    "image_3": {
      "image_file": "pose_3_image.png",
      "image_stamp_ns": 1769700244190910416,
      "joint_stamp_ns": 1769700244340066510,
      "position": [
        -1.1304575067809601,
        1.5156872908221644,
        -1.9560238323607386,
        -1.5707514921771448,
        -1.4850018660174769,
        0.7141798734664917
      ],
      "camera_pose": {
        "parent_frame": "base_link",
        "child_frame": "camera_optical",
        "stamp": {
          "sec": 1769700244,
          "nanosec": 190910416,
          "stamp_ns": 1769700244190910416
        },
        "R": [
          [
            0.586079883739,
            -0.810248693502,
            -0.002724803496
          ],
          [
            -0.8102431624,
            -0.586052453252,
            -0.006967052499
          ],
          [
            0.004048167411,
            0.00629100272,
            -0.999972017421
          ]
        ],
        "t": [
          0.36479083848543764,
          0.5706058107166726,
          0.3038533547106344
        ]
      }
    },
    "image_4": {
      "image_file": "pose_4_image.png",
      "image_stamp_ns": 1769700246990896434,
      "joint_stamp_ns": 1769700247190064921,
      "position": [
        -1.1648816031268616,
        1.5667298475848597,
        -1.9725738964476527,
        -1.570817772542135,
        -1.8009207884417933,
        0.7123867273330688
      ],
      "camera_pose": {
        "parent_frame": "base_link",
        "child_frame": "camera_optical",
        "stamp": {
          "sec": 1769700246,
          "nanosec": 990896434,
          "stamp_ns": 1769700246990896434
        },
        "R": [
          [
            0.807824620619,
            -0.589422677835,
            -0.000537749586
          ],
          [
            -0.589409650339,
            -0.807799971033,
            -0.00744787793
          ],
          [
            0.003955554053,
            0.006333533959,
            -0.999972119581
          ]
        ],
        "t": [
          0.34058888629370476,
          0.5464599294455753,
          0.30385164798053366
        ]
      }
    },
    "image_5": {
      "image_file": "pose_5_image.png",
      "image_stamp_ns": 1769700249790949923,
      "joint_stamp_ns": 1769700250040061373,
      "position": [
        -1.1988635522178193,
        1.6159685293780726,
        -1.9878069363036097,
        -1.5707905928241175,
        -2.1247099081622522,
        0.7027485966682434
      ],
      "camera_pose": {
        "parent_frame": "base_link",
        "child_frame": "camera_optical",
        "stamp": {
          "sec": 1769700249,
          "nanosec": 790949923,
          "stamp_ns": 1769700249790949923
        },
        "R": [
          [
            0.950479537903,
            -0.310782336019,
            0.001728480633
          ],
          [
            -0.310762684224,
            -0.950459811408,
            -0.00725954494
          ],
          [
            0.003898989712,
            0.006362901639,
            -0.999972155293
          ]
        ],
        "t": [
          0.3250778582460548,
          0.5160256994943864,
          0.303832370516549
        ]
      }
    },
    "image_6": {
      "image_file": "pose_6_image.png",
      "image_stamp_ns": 1769700252791014485,
      "joint_stamp_ns": 1769700252940069519,
      "position": [
        -1.2290409368327637,
        1.6586220900165003,
        -2.000343462029928,
        -1.570798699055807,
        -2.4558995405780237,
        0.6857742071151733
      ],
      "camera_pose": {
        "parent_frame": "base_link",
        "child_frame": "camera_optical",
        "stamp": {
          "sec": 1769700252,
          "nanosec": 791014485,
          "stamp_ns": 1769700252791014485
        },
        "R": [
          [
            0.999990371875,
            -0.002002541754,
            0.00390461048
          ],
          [
            -0.00197792303,
            -0.999978206611,
            -0.006298739799
          ],
          [
            0.003917138874,
            0.006290956135,
            -0.99997253957
          ]
        ],
        "t": [
          0.319745012432114,
          0.4823092368450583,
          0.3038449568520827
        ]
      }
    }
  }
}