{
  "note": "Per-image joint positions and camera pose at capture time.",
  "prompt": "yellow object.",
  "created_at": "2026-01-28T14:17:51.320409",
  "joint_names": [
    "shoulder_lift_joint",
    "elbow_joint",
    "wrist_1_joint",
    "wrist_2_joint",
    "wrist_3_joint",
    "shoulder_pan_joint"
  ],
  "shots": {
    "image_1": {
      "image_file": "pose_1_image.png",
      "image_stamp_ns": 1769606284585264570,
      "joint_stamp_ns": 1769606284796438839,
      "position": [
        -1.1491692525199433,
        1.5434706846820276,
        -1.965111871758932,
        -1.5708296934710901,
        -0.8879278341876429,
        0.6828887462615967
      ],
      "camera_pose": {
        "parent_frame": "base_link",
        "child_frame": "camera_optical",
        "stamp": {
          "sec": 1769606284,
          "nanosec": 585264570,
          "stamp_ns": 1769606284585264570
        },
        "R": [
          [
            -0.002148315101,
            -0.999978229525,
            -0.00623900772
          ],
          [
            -0.999989418374,
            0.002173635345,
            -0.004054435724
          ],
          [
            0.004067908785,
            0.006230231495,
            -0.999972317784
          ]
        ],
        "t": [
          0.4090342818765548,
          0.5637700358267608,
          0.3039109441726281
        ]
      }
    },
    "image_2": {
      "image_file": "pose_2_image.png",
      "image_stamp_ns": 1769606287385289294,
      "joint_stamp_ns": 1769606287646482666,
      "position": [
        -1.1997334522059937,
        1.6172121206866663,
        -1.9881936512389125,
        -1.5707476774798792,
        -1.1763556639300745,
        0.7085579037666321
      ],
      "camera_pose": {
        "parent_frame": "base_link",
        "child_frame": "camera_optical",
        "stamp": {
          "sec": 1769606287,
          "nanosec": 385289294,
          "stamp_ns": 1769606287385289294
        },
        "R": [
          [
            0.307134337764,
            -0.951654026271,
            -0.004807582311
          ],
          [
            -0.951657541673,
            -0.307106122702,
            -0.005809713848
          ],
          [
            0.004052399612,
            0.006359534579,
            -0.999971566784
          ]
        ],
        "t": [
          0.3598737489882407,
          0.5559308393902685,
          0.30385489645680397
        ]
      }
    },
    "image_3": {
      "image_file": "pose_3_image.png",
      "image_stamp_ns": 1769606290385309320,
      "joint_stamp_ns": 1769606290496490044,
      "position": [
        -1.2613684696010132,
        1.7032807509051722,
        -2.0126801929869593,
        -1.5708330313311976,
        -1.477900807057516,
        0.7211772203445435
      ],
      "camera_pose": {
        "parent_frame": "base_link",
        "child_frame": "camera_optical",
        "stamp": {
          "sec": 1769606290,
          "nanosec": 385309320,
          "stamp_ns": 1769606290385309320
        },
        "R": [
          [
            0.586007584967,
            -0.81030091074,
            -0.002746709894
          ],
          [
            -0.810295755072,
            -0.585980442587,
            -0.006907258326
          ],
          [
            0.003987439432,
            0.006273353138,
            -0.999972372302
          ]
        ],
        "t": [
          0.3155549304378089,
          0.5333420898343995,
          0.3038731029068052
        ]
      }
    },
    "image_4": {
      "image_file": "pose_4_image.png",
      "image_stamp_ns": 1769606293185382556,
      "joint_stamp_ns": 1769606293396443855,
      "position": [
        -1.329521806245186,
        1.793802563344137,
        -2.0350071392455042,
        -1.570810619984762,
        -1.7957013289081019,
        0.7175878882408142
      ],
      "camera_pose": {
        "parent_frame": "base_link",
        "child_frame": "camera_optical",
        "stamp": {
          "sec": 1769606293,
          "nanosec": 185382556,
          "stamp_ns": 1769606293185382556
        },
        "R": [
          [
            0.807811960962,
            -0.589440040034,
            -0.000524339334
          ],
          [
            -0.5894269171,
            -0.807787348784,
            -0.007450405536
          ],
          [
            0.003968012657,
            0.006327586423,
            -0.999972107874
          ]
        ],
        "t": [
          0.2802781897142805,
          0.49812936604651525,
          0.30387164277026774
        ]
      }
    },
    "image_5": {
      "image_file": "pose_5_image.png",
      "image_stamp_ns": 1769606296185371543,
      "joint_stamp_ns": 1769606296296438127,
      "position": [
        -1.3987552386573334,
        1.880275074635641,
        -2.0522872410216273,
        -1.570759121571676,
        -2.1322220007525843,
        0.6952442526817322
      ],
      "camera_pose": {
        "parent_frame": "base_link",
        "child_frame": "camera_optical",
        "stamp": {
          "sec": 1769606296,
          "nanosec": 185371543,
          "stamp_ns": 1769606296185371543
        },
        "R": [
          [
            0.950405506485,
            -0.311008073841,
            0.0018306418
          ],
          [
            -0.310988070059,
            -0.950386663465,
            -0.007184023142
          ],
          [
            0.003974106752,
            0.006258427392,
            -0.999972518903
          ]
        ],
        "t": [
          0.257666584349626,
          0.45377074656109034,
          0.3038902630656663
        ]
      }
    },
    "image_6": {
      "image_file": "pose_6_image.png",
      "image_stamp_ns": 1769606298985325171,
      "joint_stamp_ns": 1769606299196443560,
      "position": [
        -1.462177426820137,
        1.9545844236956995,
        -2.063164373437399,
        -1.5708072821246546,
        -2.4880932013141077,
        0.6535274982452393
      ],
      "camera_pose": {
        "parent_frame": "base_link",
        "child_frame": "camera_optical",
        "stamp": {
          "sec": 1769606298,
          "nanosec": 985325171,
          "stamp_ns": 1769606298985325171
        },
        "R": [
          [
            0.999990306493,
            -0.002066851095,
            0.003887807337
          ],
          [
            -0.002042399903,
            -0.999978177968,
            -0.006282689728
          ],
          [
            0.003900707881,
            0.006274688369,
            -0.999972706009
          ]
        ],
        "t": [
          0.24990133594425093,
          0.4045569057921312,
          0.3038722671739601
        ]
      }
    }
  }
}