{
  "note": "Per-image joint positions and camera pose at capture time.",
  "prompt": "blue object.",
  "created_at": "2026-01-28T15:46:13.033295",
  "joint_names": [
    "shoulder_lift_joint",
    "elbow_joint",
    "wrist_1_joint",
    "wrist_2_joint",
    "wrist_3_joint",
    "shoulder_pan_joint"
  ],
  "shots": {
    "image_1": {
      "image_file": "pose_1_image.png",
      "image_stamp_ns": 1769611586321109521,
      "joint_stamp_ns": 1769611586504443278,
      "position": [
        -0.7817801994136353,
        0.9414108435260218,
        -1.7304054699339808,
        -1.570817772542135,
        -0.8768628279315394,
        0.6940011978149414
      ],
      "camera_pose": {
        "parent_frame": "base_link",
        "child_frame": "camera_optical",
        "stamp": {
          "sec": 1769611586,
          "nanosec": 321109521,
          "stamp_ns": 1769611586321109521
        },
        "R": [
          [
            -0.002123270479,
            -0.999978378135,
            -0.006223743614
          ],
          [
            -0.99998968089,
            0.002148208124,
            -0.004002913414
          ],
          [
            0.00401619676,
            0.006215180123,
            -0.999972620475
          ]
        ],
        "t": [
          0.5208440920494751,
          0.6659914555060049,
          0.30396458363695045
        ]
      }
    },
    "image_2": {
      "image_file": "pose_2_image.png",
      "image_stamp_ns": 1769611589121089517,
      "joint_stamp_ns": 1769611589354442556,
      "position": [
        -0.8475333017161866,
        1.056971851979391,
        -1.7801815472044886,
        -1.5707867781268519,
        -1.1700361410724085,
        0.7149555683135986
      ],
      "camera_pose": {
        "parent_frame": "base_link",
        "child_frame": "camera_optical",
        "stamp": {
          "sec": 1769611589,
          "nanosec": 121089517,
          "stamp_ns": 1769611589121089517
        },
        "R": [
          [
            0.307166018039,
            -0.951643858315,
            -0.004796279179
          ],
          [
            -0.951647323891,
            -0.307137881901,
            -0.005804518268
          ],
          [
            0.004050715132,
            0.006347317008,
            -0.999971651235
          ]
        ],
        "t": [
          0.47169658024269795,
          0.6581796103089983,
          0.30382154338625217
        ]
      }
    },
    "image_3": {
      "image_file": "pose_3_image.png",
      "image_stamp_ns": 1769611592121152572,
      "joint_stamp_ns": 1769611592254486458,
      "position": [
        -0.9211406272700806,
        1.182589356099264,
        -1.8321763477721156,
        -1.5707796255694788,
        -1.4739421049701136,
        0.7252805233001709
      ],
      "camera_pose": {
        "parent_frame": "base_link",
        "child_frame": "camera_optical",
        "stamp": {
          "sec": 1769611592,
          "nanosec": 121152572,
          "stamp_ns": 1769611592121152572
        },
        "R": [
          [
            0.586075773963,
            -0.810251367902,
            -0.002812114205
          ],
          [
            -0.810246391208,
            -0.586047995757,
            -0.006966505811
          ],
          [
            0.003996586969,
            0.006361405671,
            -0.999971779507
          ]
        ],
        "t": [
          0.42734098108903984,
          0.6355851545770836,
          0.30379991359924785
        ]
      }
    },
    "image_4": {
      "image_file": "pose_4_image.png",
      "image_stamp_ns": 1769611594921156238,
      "joint_stamp_ns": 1769611595104440368,
      "position": [
        -0.9964206975749512,
        1.3067219893084925,
        -1.880991121331686,
        -1.5707829634295862,
        -1.7907622496234339,
        0.722588062286377
      ],
      "camera_pose": {
        "parent_frame": "base_link",
        "child_frame": "camera_optical",
        "stamp": {
          "sec": 1769611594,
          "nanosec": 921156238,
          "stamp_ns": 1769611594921156238
        },
        "R": [
          [
            0.807836248406,
            -0.589406719321,
            -0.000561230656
          ],
          [
            -0.58939367944,
            -0.807811245201,
            -0.007488842537
          ],
          [
            0.003960605676,
            0.006380544262,
            -0.999971800731
          ]
        ],
        "t": [
          0.3920780040902951,
          0.6003901530877587,
          0.30379965257387215
        ]
      }
    },
    "image_5": {
      "image_file": "pose_5_image.png",
      "image_stamp_ns": 1769611597921222437,
      "joint_stamp_ns": 1769611598000434697,
      "position": [
        -1.0675431054881592,
        1.4196232000934046,
        -1.9227968655028285,
        -1.5707867781268519,
        -2.1220200697528284,
        0.7054973840713501
      ],
      "camera_pose": {
        "parent_frame": "base_link",
        "child_frame": "camera_optical",
        "stamp": {
          "sec": 1769611597,
          "nanosec": 921222437,
          "stamp_ns": 1769611597921222437
        },
        "R": [
          [
            0.950443032253,
            -0.310893413634,
            0.001824226204
          ],
          [
            -0.310873373565,
            -0.950424037022,
            -0.007203850264
          ],
          [
            0.003973418033,
            0.006279745934,
            -0.999972387989
          ]
        ],
        "t": [
          0.36943750090380084,
          0.55603821098008,
          0.3038674930543902
        ]
      }
    },
    "image_6": {
      "image_file": "pose_6_image.png",
      "image_stamp_ns": 1769611600721181834,
      "joint_stamp_ns": 1769611600904435436,
      "position": [
        -1.1285609763911744,
        1.5128682295428675,
        -1.9550563297667445,
        -1.5707834402667444,
        -2.467640225087301,
        0.674076497554779
      ],
      "camera_pose": {
        "parent_frame": "base_link",
        "child_frame": "camera_optical",
        "stamp": {
          "sec": 1769611600,
          "nanosec": 721181834,
          "stamp_ns": 1769611600721181834
        },
        "R": [
          [
            0.999990363118,
            -0.00197633374,
            0.003920175404
          ],
          [
            -0.001951728245,
            -0.999978435201,
            -0.006270557336
          ],
          [
            0.00393248358,
            0.00626284579,
            -0.999972655794
          ]
        ],
        "t": [
          0.36167412278012867,
          0.5068380738424868,
          0.30385566468726394
        ]
      }
    }
  }
}