[
  {
    "index": 0,
    "file": "pose_1_image.png",
    "cam_T_world": [
      [
        0.9999999853425843,
        0.00022314591339981383,
        0.00015642237679112432,
        -3.0305197691530127e-05
      ],
      [
        -0.00022317365662557177,
        0.9999999423334903,
        8.865680137379457e-05,
        -0.00021360401733675456
      ],
      [
        -0.00015638279194461595,
        -8.872660690957276e-05,
        0.999999967672012,
        0.00013830646059611676
      ],
      [
        0.0,
        0.0,
        0.0,
        1.0
      ]
    ],
    "K": [
      [
        461.1679992675781,
        0.0,
        259.0
      ],
      [
        0.0,
        461.1679992675781,
        259.0
      ],
      [
        0.0,
        0.0,
        1.0
      ]
    ],
    "image_size": [
      518,
      518
    ]
  },
  {
    "index": 1,
    "file": "pose_2_image.png",
    "cam_T_world": [
      [
        0.9517037157605404,
        0.2625801718874918,
        0.15972064546169623,
        -0.15178617019007815
      ],
      [
        -0.2645333454890381,
        0.9646665050128622,
        -0.015421703789074153,
        0.011811843828102646
      ],
      [
        -0.15843721712495798,
        -0.027367798808332826,
        0.9870247362242548,
        -0.018743707073861197
      ],
      [
        0.0,
        0.0,
        0.0,
        1.0
      ]
    ],
    "K": [
      [
        474.0963134765625,
        0.0,
        259.0
      ],
      [
        0.0,
        474.0963134765625,
        259.0
      ],
      [
        0.0,
        0.0,
        1.0
      ]
    ],
    "image_size": [
      518,
      518
    ]
  },
  {
    "index": 2,
    "file": "pose_3_image.png",
    "cam_T_world": [
      [
        0.8082388618420099,
        0.5151066277461485,
        0.28751612037506835,
        -0.282290072438988
      ],
      [
        -0.5105342376867509,
        0.854956336794507,
        -0.0889804038353451,
        0.07231794148500459
      ],
      [
        -0.29169689657755327,
        -0.0751081574819025,
        0.9536591477599806,
        -0.005364079740271491
      ],
      [
        0.0,
        0.0,
        0.0,
        1.0
      ]
    ],
    "K": [
      [
        478.5296936035156,
        0.0,
        259.0
      ],
      [
        0.0,
        480.7704772949219,
        259.0
      ],
      [
        0.0,
        0.0,
        1.0
      ]
    ],
    "image_size": [
      518,
      518
    ]
  },
  {
    "index": 3,
    "file": "pose_4_image.png",
    "cam_T_world": [
      [
        0.5862740699795239,
        0.7031714528076711,
        0.40472514659919473,
        -0.4069661494675027
      ],
      [
        -0.6944072173004944,
        0.6920743332395497,
        -0.19662760014732072,
        0.17343196066269903
      ],
      [
        -0.4172717995732002,
        -0.16386988135598482,
        0.8935486136368347,
        0.0433822847777935
      ],
      [
        0.0,
        0.0,
        0.0,
        1.0
      ]
    ],
    "K": [
      [
        489.89862060546875,
        0.0,
        259.0
      ],
      [
        0.0,
        487.5914306640625,
        259.0
      ],
      [
        0.0,
        0.0,
        1.0
      ]
    ],
    "image_size": [
      518,
      518
    ]
  },
  {
    "index": 4,
    "file": "pose_5_image.png",
    "cam_T_world": [
      [
        0.30907878014378243,
        0.8326839029235754,
        0.4664732748315553,
        -0.4698563529308002
      ],
      [
        -0.8183099669574695,
        0.48071927569911765,
        -0.3144439663350896,
        0.28406200542319676
      ],
      [
        -0.48535775223416455,
        -0.28472726859523667,
        0.8276406278429357,
        0.11705940313252353
      ],
      [
        0.0,
        0.0,
        0.0,
        1.0
      ]
    ],
    "K": [
      [
        483.0275573730469,
        0.0,
        259.0
      ],
      [
        0.0,
        485.3011169433594,
        259.0
      ],
      [
        0.0,
        0.0,
        1.0
      ]
    ],
    "image_size": [
      518,
      518
    ]
  },
  {
    "index": 5,
    "file": "pose_6_image.png",
    "cam_T_world": [
      [
        0.00617347362015681,
        0.8807456800812382,
        0.4791240069264828,
        -0.4922987152161622
      ],
      [
        -0.8688880056945764,
        0.2402794218416518,
        -0.43285574530090987,
        0.39956926310059837
      ],
      [
        -0.4948892000799666,
        -0.41173426123514795,
        0.7644964854576021,
        0.17703638659658547
      ],
      [
        0.0,
        0.0,
        0.0,
        1.0
      ]
    ],
    "K": [
      [
        480.7704772949219,
        0.0,
        259.0
      ],
      [
        0.0,
        480.7704772949219,
        259.0
      ],
      [
        0.0,
        0.0,
        1.0
      ]
    ],
    "image_size": [
      518,
      518
    ]
  },
  {
    "index": 6,
    "file": "pose_7_image.png",
    "cam_T_world": [
      [
        -0.29127461271271565,
        0.8430039515357353,
        0.44540198514440693,
        -0.4575333596808299
      ],
      [
        -0.8282083248610373,
        0.005877937902543908,
        -0.5576410844171593,
        0.5135554241707625
      ],
      [
        -0.47342577206195086,
        -0.5343848314844131,
        0.7001224845936396,
        0.260616155705514
      ],
      [
        0.0,
        0.0,
        0.0,
        1.0
      ]
    ],
    "K": [
      [
        461.1679992675781,
        0.0,
        259.0
      ],
      [
        0.0,
        461.1679992675781,
        259.0
      ],
      [
        0.0,
        0.0,
        1.0
      ]
    ],
    "image_size": [
      518,
      518
    ]
  },
  {
    "index": 7,
    "file": "pose_8_image.png",
    "cam_T_world": [
      [
        -0.5628190492397667,
        0.7317873395884467,
        0.3814830157817275,
        -0.4035944932111291
      ],
      [
        -0.726271201084958,
        -0.2167175643608203,
        -0.6513955164723771,
        0.6046066541632793
      ],
      [
        -0.39480103627962976,
        -0.644202882150493,
        0.6557207258135429,
        0.2986180474274668
      ],
      [
        0.0,
        0.0,
        0.0,
        1.0
      ]
    ],
    "K": [
      [
        461.1679992675781,
        0.0,
        259.0
      ],
      [
        0.0,
        465.41693115234375,
        259.0
      ],
      [
        0.0,
        0.0,
        1.0
      ]
    ],
    "image_size": [
      518,
      518
    ]
  },
  {
    "index": 8,
    "file": "pose_9_image.png",
    "cam_T_world": [
      [
        -0.783159840484356,
        0.5583435334503866,
        0.27738791946700647,
        -0.30993683410447426
      ],
      [
        -0.5525012241538492,
        -0.40902052026699964,
        -0.7290484694062633,
        0.6656817000902309
      ],
      [
        -0.29216517799725694,
        -0.7264411490817908,
        0.6276888972873982,
        0.3386196778878862
      ],
      [
        0.0,
        0.0,
        0.0,
        1.0
      ]
    ],
    "K": [
      [
        456.9778747558594,
        0.0,
        259.0
      ],
      [
        0.0,
        461.1679992675781,
        259.0
      ],
      [
        0.0,
        0.0,
        1.0
      ]
    ],
    "image_size": [
      518,
      518
    ]
  },
  {
    "index": 9,
    "file": "pose_10_image.png",
    "cam_T_world": [
      [
        -0.9318452170726007,
        0.34283805547158164,
        0.13534467508941891,
        -0.1783701583581366
      ],
      [
        -0.31192877338602965,
        -0.5354602998418537,
        -0.7823530109026813,
        0.7260942041662273
      ],
      [
        -0.1973876912586403,
        -0.7718424364641443,
        0.6031291982485202,
        0.34814287536507205
      ],
      [
        0.0,
        0.0,
        0.0,
        1.0
      ]
    ],
    "K": [
      [
        461.1679992675781,
        0.0,
        259.0
      ],
      [
        0.0,
        461.1679992675781,
        259.0
      ],
      [
        0.0,
        0.0,
        1.0
      ]
    ],
    "image_size": [
      518,
      518
    ]
  },
  {
    "index": 10,
    "file": "pose_11_image.png",
    "cam_T_world": [
      [
        -0.988874107306521,
        0.1394870752646088,
        0.053040692393300184,
        -0.09969887523902744
      ],
      [
        -0.12654696165696475,
        -0.6003218391711939,
        -0.7887023371449915,
        0.7115539024011911
      ],
      [
        -0.07774586878514662,
        -0.7845234377748299,
        0.6110525879400595,
        0.3701043562328243
      ],
      [
        0.0,
        0.0,
        0.0,
        1.0
      ]
    ],
    "K": [
      [
        456.9778747558594,
        0.0,
        259.0
      ],
      [
        0.0,
        452.84503173828125,
        259.0
      ],
      [
        0.0,
        0.0,
        1.0
      ]
    ],
    "image_size": [
      518,
      518
    ]
  },
  {
    "index": 11,
    "file": "pose_12_image.png",
    "cam_T_world": [
      [
        -0.22414643383060467,
        0.9204511395219793,
        0.31932063683576506,
        -0.630581898231599
      ],
      [
        -0.8624424865337101,
        -0.03177950616765216,
        -0.5077673453232296,
        0.43357011380379884
      ],
      [
        -0.45533420714603606,
        -0.3892003694012488,
        0.8009901928631145,
        -0.03457800250729329
      ],
      [
        0.0,
        0.0,
        0.0,
        1.0
      ]
    ],
    "K": [
      [
        421.7000427246094,
        0.0,
        259.0
      ],
      [
        0.0,
        414.4051208496094,
        259.0
      ],
      [
        0.0,
        0.0,
        1.0
      ]
    ],
    "image_size": [
      518,
      518
    ]
  },
  {
    "index": 12,
    "file": "pose_13_image.png",
    "cam_T_world": [
      [
        -0.11980435354681983,
        -0.6443544242785726,
        -0.7542460236846767,
        0.7686803856654661
      ],
      [
        0.9670571690463989,
        0.10045258086176845,
        -0.23996005302161047,
        0.13090510627574728
      ],
      [
        0.23146572558646394,
        -0.7599302062635962,
        0.6116463208440885,
        0.21952442592369176
      ],
      [
        0.0,
        0.0,
        0.0,
        1.0
      ]
    ],
    "K": [
      [
        432.9974365234375,
        0.0,
        259.0
      ],
      [
        0.0,
        425.4174499511719,
        259.0
      ],
      [
        0.0,
        0.0,
        1.0
      ]
    ],
    "image_size": [
      518,
      518
    ]
  },
  {
    "index": 13,
    "file": "pose_14_image.png",
    "cam_T_world": [
      [
        -0.3337846758445401,
        -0.6965903217868381,
        -0.6346705313288278,
        0.5647318086012896
      ],
      [
        0.9095073793461095,
        -0.058049251946906744,
        -0.41098777555611454,
        0.404117405623107
      ],
      [
        0.2461812341918974,
        -0.7178363207563969,
        0.6523153853285865,
        0.3131136670746325
      ],
      [
        0.0,
        0.0,
        0.0,
        1.0
      ]
    ],
    "K": [
      [
        461.1679992675781,
        0.0,
        259.0
      ],
      [
        0.0,
        465.41693115234375,
        259.0
      ],
      [
        0.0,
        0.0,
        1.0
      ]
    ],
    "image_size": [
      518,
      518
    ]
  },
  {
    "index": 14,
    "file": "pose_15_image.png",
    "cam_T_world": [
      [
        -0.23944409625610133,
        -0.7621417643700517,
        -0.599256777120221,
        0.5413885878106774
      ],
      [
        0.9179290379615835,
        0.02636839658395854,
        -0.40353082501685866,
        0.39196395558549185
      ],
      [
        0.32417385034637475,
        -0.6479523244208518,
        0.6908841192633807,
        0.2917164067538591
      ],
      [
        0.0,
        0.0,
        0.0,
        1.0
      ]
    ],
    "K": [
      [
        432.9974365234375,
        0.0,
        259.0
      ],
      [
        0.0,
        432.9974365234375,
        259.0
      ],
      [
        0.0,
        0.0,
        1.0
      ]
    ],
    "image_size": [
      518,
      518
    ]
  },
  {
    "index": 15,
    "file": "pose_16_image.png",
    "cam_T_world": [
      [
        0.04023236792272597,
        -0.8495874945187081,
        -0.5249103460434678,
        0.4684781287983297
      ],
      [
        0.9000396464709991,
        0.2574350757137613,
        -0.346044905955018,
        0.3337335683156634
      ],
      [
        0.4277603410355931,
        -0.46111263471531116,
        0.7760439356211987,
        0.22110263179132894
      ],
      [
        0.0,
        0.0,
        0.0,
        1.0
      ]
    ],
    "K": [
      [
        452.84503173828125,
        0.0,
        259.0
      ],
      [
        0.0,
        452.84503173828125,
        259.0
      ],
      [
        0.0,
        0.0,
        1.0
      ]
    ],
    "image_size": [
      518,
      518
    ]
  },
  {
    "index": 16,
    "file": "pose_17_image.png",
    "cam_T_world": [
      [
        0.34077698961643393,
        -0.798373993332273,
        -0.49208818287061956,
        0.4414464631967451
      ],
      [
        0.8156818577210935,
        0.5103230550236146,
        -0.26651821813981524,
        0.26791113650582726
      ],
      [
        0.4637741677525527,
        -0.3118923036795965,
        0.8288750914029686,
        0.18695708264026778
      ],
      [
        0.0,
        0.0,
        0.0,
        1.0
      ]
    ],
    "K": [
      [
        452.84503173828125,
        0.0,
        259.0
      ],
      [
        0.0,
        456.9778747558594,
        259.0
      ],
      [
        0.0,
        0.0,
        1.0
      ]
    ],
    "image_size": [
      518,
      518
    ]
  }
]