[
  {
    "index": 0,
    "file": "pose_1_image.png",
    "cam_T_world": [
      [
        0.9999998377234668,
        0.0005111662362878658,
        0.00014210864771315538,
        -1.2693224550863479e-05
      ],
      [
        -0.0005111724699631249,
        0.9999998574340312,
        2.186186802235577e-05,
        -0.00016116057844334038
      ],
      [
        -0.00014208622321717815,
        -2.20071397543349e-05,
        0.999999979327193,
        0.00017834243582082863
      ],
      [
        0.0,
        0.0,
        0.0,
        1.0
      ]
    ],
    "K": [
      [
        452.84503173828125,
        0.0,
        259.0
      ],
      [
        0.0,
        452.84503173828125,
        259.0
      ],
      [
        0.0,
        0.0,
        1.0
      ]
    ],
    "image_size": [
      518,
      518
    ]
  },
  {
    "index": 1,
    "file": "pose_2_image.png",
    "cam_T_world": [
      [
        0.9538647371715523,
        0.2686938078265614,
        0.13687309052357363,
        -0.15273352598633078
      ],
      [
        -0.2667729668966214,
        0.9634725420107325,
        -0.02560323086565148,
        0.014568363995483044
      ],
      [
        -0.13865171834688308,
        -0.012038367143768979,
        0.9902972230963624,
        0.04156250333766438
      ],
      [
        0.0,
        0.0,
        0.0,
        1.0
      ]
    ],
    "K": [
      [
        436.8620910644531,
        0.0,
        259.0
      ],
      [
        0.0,
        436.8620910644531,
        259.0
      ],
      [
        0.0,
        0.0,
        1.0
      ]
    ],
    "image_size": [
      518,
      518
    ]
  },
  {
    "index": 2,
    "file": "pose_3_image.png",
    "cam_T_world": [
      [
        0.8149262571196026,
        0.5186691606814433,
        0.26150701966853523,
        -0.3021875944731074
      ],
      [
        -0.5104899486882885,
        0.8536382218446368,
        -0.10355898478658823,
        0.08763753133737019
      ],
      [
        -0.27646594120850426,
        -0.04942342376377705,
        0.9596765606962452,
        0.06514793428831404
      ],
      [
        0.0,
        0.0,
        0.0,
        1.0
      ]
    ],
    "K": [
      [
        436.8620910644531,
        0.0,
        259.0
      ],
      [
        0.0,
        440.77801513671875,
        259.0
      ],
      [
        0.0,
        0.0,
        1.0
      ]
    ],
    "image_size": [
      518,
      518
    ]
  },
  {
    "index": 3,
    "file": "pose_4_image.png",
    "cam_T_world": [
      [
        0.5893420659394707,
        0.718547112589584,
        0.36804636974472127,
        -0.4286904273476943
      ],
      [
        -0.7049384882949414,
        0.679546767463839,
        -0.20143382935724105,
        0.1901454640701715
      ],
      [
        -0.39524855741008136,
        -0.14028042832524049,
        0.907460879229047,
        0.11425868647769444
      ],
      [
        0.0,
        0.0,
        0.0,
        1.0
      ]
    ],
    "K": [
      [
        444.746337890625,
        0.0,
        259.0
      ],
      [
        0.0,
        444.746337890625,
        259.0
      ],
      [
        0.0,
        0.0,
        1.0
      ]
    ],
    "image_size": [
      518,
      518
    ]
  },
  {
    "index": 4,
    "file": "pose_5_image.png",
    "cam_T_world": [
      [
        0.31413761405239304,
        0.8470227044157759,
        0.427046304712158,
        -0.5029031927469014
      ],
      [
        -0.8276162878046947,
        0.46491630091481384,
        -0.31790728653495176,
        0.31876638655143086
      ],
      [
        -0.46811375976402597,
        -0.254791416757437,
        0.8461980587050261,
        0.19588576670534608
      ],
      [
        0.0,
        0.0,
        0.0,
        1.0
      ]
    ],
    "K": [
      [
        432.9974365234375,
        0.0,
        259.0
      ],
      [
        0.0,
        436.8620910644531,
        259.0
      ],
      [
        0.0,
        0.0,
        1.0
      ]
    ],
    "image_size": [
      518,
      518
    ]
  },
  {
    "index": 5,
    "file": "pose_6_image.png",
    "cam_T_world": [
      [
        2.000915892509962e-05,
        0.8894835922678865,
        0.4609359139574839,
        -0.5505265268541315
      ],
      [
        -0.8681398521699509,
        0.22917286768807074,
        -0.43863563663798577,
        0.47214863915721267
      ],
      [
        -0.493763906116678,
        -0.40028225525926286,
        0.7713032538263352,
        0.2654217211108262
      ],
      [
        0.0,
        0.0,
        0.0,
        1.0
      ]
    ],
    "K": [
      [
        440.77801513671875,
        0.0,
        259.0
      ],
      [
        0.0,
        440.77801513671875,
        259.0
      ],
      [
        0.0,
        0.0,
        1.0
      ]
    ],
    "image_size": [
      518,
      518
    ]
  }
]