[
  {
    "index": 0,
    "file": "pose_1_image.png",
    "cam_T_world": [
      [
        0.9999999763931561,
        0.00016784866136740622,
        0.00023460245565018345,
        -5.889655117684537e-05
      ],
      [
        -0.00016784469005888498,
        0.9999999717558558,
        -8.503236334884363e-06,
        -0.00013064402860120695
      ],
      [
        -0.0002346052969115645,
        8.424481371533238e-06,
        0.9999999448893829,
        6.295521648963515e-05
      ],
      [
        0.0,
        0.0,
        0.0,
        1.0
      ]
    ],
    "K": [
      [
        478.5296936035156,
        0.0,
        259.0
      ],
      [
        0.0,
        480.7704772949219,
        259.0
      ],
      [
        0.0,
        0.0,
        1.0
      ]
    ],
    "image_size": [
      518,
      518
    ]
  },
  {
    "index": 1,
    "file": "pose_2_image.png",
    "cam_T_world": [
      [
        0.9528406917699532,
        0.26072748669953816,
        0.15497604901721657,
        -0.17011633335602924
      ],
      [
        -0.262688517019833,
        0.9649738347035157,
        -0.014415170576694216,
        0.0070175612792669146
      ],
      [
        -0.15360277919530757,
        -0.026786671242302332,
        0.9877879970816754,
        -0.005293123961630323
      ],
      [
        0.0,
        0.0,
        0.0,
        1.0
      ]
    ],
    "K": [
      [
        489.89862060546875,
        0.0,
        259.0
      ],
      [
        0.0,
        489.89862060546875,
        259.0
      ],
      [
        0.0,
        0.0,
        1.0
      ]
    ],
    "image_size": [
      518,
      518
    ]
  },
  {
    "index": 2,
    "file": "pose_3_image.png",
    "cam_T_world": [
      [
        0.813106679258024,
        0.5082633674475957,
        0.2851590135821228,
        -0.317660574527829
      ],
      [
        -0.5042937341660961,
        0.858529305926964,
        -0.08576892384748887,
        0.07246808607675709
      ],
      [
        -0.28824639732517926,
        -0.07340687259848182,
        0.9547360303602084,
        0.03990187664915616
      ],
      [
        0.0,
        0.0,
        0.0,
        1.0
      ]
    ],
    "K": [
      [
        483.0275573730469,
        0.0,
        259.0
      ],
      [
        0.0,
        485.3011169433594,
        259.0
      ],
      [
        0.0,
        0.0,
        1.0
      ]
    ],
    "image_size": [
      518,
      518
    ]
  },
  {
    "index": 3,
    "file": "pose_4_image.png",
    "cam_T_world": [
      [
        0.5935534229538747,
        0.7060106243984939,
        0.38990753010268,
        -0.44622332752186855
      ],
      [
        -0.6992641581761883,
        0.6904485103205328,
        -0.1800368080854522,
        0.1688464065330973
      ],
      [
        -0.39414319578542695,
        -0.1663684412427029,
        0.902987532301115,
        0.07197953658264675
      ],
      [
        0.0,
        0.0,
        0.0,
        1.0
      ]
    ],
    "K": [
      [
        492.2229309082031,
        0.0,
        259.0
      ],
      [
        0.0,
        494.5645446777344,
        259.0
      ],
      [
        0.0,
        0.0,
        1.0
      ]
    ],
    "image_size": [
      518,
      518
    ]
  },
  {
    "index": 4,
    "file": "pose_5_image.png",
    "cam_T_world": [
      [
        0.33203446010457915,
        0.828702542817502,
        0.44818510187293525,
        -0.5229094507659927
      ],
      [
        -0.8230658866859131,
        0.48514973131780514,
        -0.29320982799319995,
        0.2984683541406538
      ],
      [
        -0.4609279670797962,
        -0.2733631313139634,
        0.8446256505873618,
        0.14304433571491607
      ],
      [
        0.0,
        0.0,
        0.0,
        1.0
      ]
    ],
    "K": [
      [
        487.5914306640625,
        0.0,
        259.0
      ],
      [
        0.0,
        489.89862060546875,
        259.0
      ],
      [
        0.0,
        0.0,
        1.0
      ]
    ],
    "image_size": [
      518,
      518
    ]
  },
  {
    "index": 5,
    "file": "pose_6_image.png",
    "cam_T_world": [
      [
        0.025768362150670528,
        0.89161525656883,
        0.4554308440864723,
        -0.5409265510647953
      ],
      [
        -0.8790355877312208,
        0.23503629046798624,
        -0.41150882789654597,
        0.4252548087440885
      ],
      [
        -0.474740871494461,
        -0.38995496675688224,
        0.7892586776318528,
        0.20714395255730553
      ],
      [
        0.0,
        0.0,
        0.0,
        1.0
      ]
    ],
    "K": [
      [
        476.3050537109375,
        0.0,
        259.0
      ],
      [
        0.0,
        480.7704772949219,
        259.0
      ],
      [
        0.0,
        0.0,
        1.0
      ]
    ],
    "image_size": [
      518,
      518
    ]
  }
]