[
  {
    "index": 0,
    "file": "pose_1_image.png",
    "cam_T_world": [
      [
        0.9999999836725243,
        0.00010489324725441887,
        -7.297178935124115e-05,
        -7.489188630835745e-05
      ],
      [
        -0.0001049150942258037,
        0.9999999665769804,
        -0.00014971920847690358,
        -0.0001240015005916525
      ],
      [
        7.294037540545908e-05,
        0.00014973451527214133,
        0.9999999722592757,
        0.00021169166806707813
      ],
      [
        0.0,
        0.0,
        0.0,
        1.0
      ]
    ],
    "K": [
      [
        480.7704772949219,
        0.0,
        259.0
      ],
      [
        0.0,
        483.0275573730469,
        259.0
      ],
      [
        0.0,
        0.0,
        1.0
      ]
    ],
    "image_size": [
      518,
      518
    ]
  },
  {
    "index": 1,
    "file": "pose_2_image.png",
    "cam_T_world": [
      [
        0.9497565770007302,
        0.27011635860097105,
        0.15869782767155896,
        -0.171858524253712
      ],
      [
        -0.2683522108208483,
        0.9627044720032328,
        -0.027380055594005335,
        0.018061695693542414
      ],
      [
        -0.1597161190688217,
        -0.01658326239995167,
        0.9870536473209539,
        0.017416913176310642
      ],
      [
        0.0,
        0.0,
        0.0,
        1.0
      ]
    ],
    "K": [
      [
        474.0963134765625,
        0.0,
        259.0
      ],
      [
        0.0,
        478.5296936035156,
        259.0
      ],
      [
        0.0,
        0.0,
        1.0
      ]
    ],
    "image_size": [
      518,
      518
    ]
  },
  {
    "index": 2,
    "file": "pose_3_image.png",
    "cam_T_world": [
      [
        0.8094992139968668,
        0.507338502463977,
        0.2981603002049434,
        -0.33418183525294115
      ],
      [
        -0.5031968426772877,
        0.858774889872025,
        -0.08977752905153602,
        0.07755091987581118
      ],
      [
        -0.3012266923618478,
        -0.07749919426084596,
        0.9503931517525956,
        0.0421367061918014
      ],
      [
        0.0,
        0.0,
        0.0,
        1.0
      ]
    ],
    "K": [
      [
        483.0275573730469,
        0.0,
        259.0
      ],
      [
        0.0,
        485.3011169433594,
        259.0
      ],
      [
        0.0,
        0.0,
        1.0
      ]
    ],
    "image_size": [
      518,
      518
    ]
  },
  {
    "index": 3,
    "file": "pose_4_image.png",
    "cam_T_world": [
      [
        0.5861340714487224,
        0.6995139083045683,
        0.4163533440542982,
        -0.46825862361190757
      ],
      [
        -0.6922861319366659,
        0.6962847468096751,
        -0.19004727029241741,
        0.17906456925844905
      ],
      [
        -0.42045971949221467,
        -0.17648472917074967,
        0.8892381924259154,
        0.10349244511477218
      ],
      [
        0.0,
        0.0,
        0.0,
        1.0
      ]
    ],
    "K": [
      [
        487.5914306640625,
        0.0,
        259.0
      ],
      [
        0.0,
        487.5914306640625,
        259.0
      ],
      [
        0.0,
        0.0,
        1.0
      ]
    ],
    "image_size": [
      518,
      518
    ]
  },
  {
    "index": 4,
    "file": "pose_5_image.png",
    "cam_T_world": [
      [
        0.308117763959521,
        0.8233433988774849,
        0.47777102690862205,
        -0.5439651677643046
      ],
      [
        -0.8135763599800174,
        0.4860284778931526,
        -0.31580515426989675,
        0.311475297944071
      ],
      [
        -0.49183011554636474,
        -0.29183705600845133,
        0.8206729703426732,
        0.18460415024903976
      ],
      [
        0.0,
        0.0,
        0.0,
        1.0
      ]
    ],
    "K": [
      [
        480.7704772949219,
        0.0,
        259.0
      ],
      [
        0.0,
        483.0275573730469,
        259.0
      ],
      [
        0.0,
        0.0,
        1.0
      ]
    ],
    "image_size": [
      518,
      518
    ]
  },
  {
    "index": 5,
    "file": "pose_6_image.png",
    "cam_T_world": [
      [
        0.004177495882794858,
        0.8668375732828715,
        0.4930115410063207,
        -0.5579452320655225
      ],
      [
        -0.8499199919634373,
        0.2616125085910003,
        -0.4527184972613931,
        0.45120250826939484
      ],
      [
        -0.5188755532331029,
        -0.4196863053905036,
        0.741542931256174,
        0.2942218749392229
      ],
      [
        0.0,
        0.0,
        0.0,
        1.0
      ]
    ],
    "K": [
      [
        461.1679992675781,
        0.0,
        259.0
      ],
      [
        0.0,
        465.41693115234375,
        259.0
      ],
      [
        0.0,
        0.0,
        1.0
      ]
    ],
    "image_size": [
      518,
      518
    ]
  }
]