# oST version 5.0 parameters


[image]

width
2500

height
1532

[my_camera/pylon_ros2_camera_node]

camera matrix
2674.380372 0.000000 954.592208
0.000000 2667.421125 1074.965948
0.000000 0.000000 1.000000

distortion
-0.130098 0.067932 0.017127 -0.011330 0.000000

rectification
1.000000 0.000000 0.000000
0.000000 1.000000 0.000000
0.000000 0.000000 1.000000

projection
2577.140869 0.000000 919.703252 0.000000
0.000000 2594.390137 1091.321952 0.000000
0.000000 0.000000 1.000000 0.000000


------------------------------------
mono pinhole calibration...
D = [-0.13009829401968415, 0.06793160264832976, 0.017127492925545672, -0.01132952745721562, 0.0]
K = [2674.3803723910564, 0.0, 954.5922081613583, 0.0, 2667.4211254043507, 1074.965947832258, 0.0, 0.0, 1.0]
R = [1.0, 0.0, 0.0, 0.0, 1.0, 0.0, 0.0, 0.0, 1.0]
P = [2577.140869140625, 0.0, 919.7032521532165, 0.0, 0.0, 2594.39013671875, 1091.3219517491962, 0.0, 0.0, 0.0, 1.0, 0.0]
None
# oST version 5.0 parameters


[image]

width
2500

height
1532

[narrow_stereo]

camera matrix
2674.380372 0.000000 954.592208
0.000000 2667.421125 1074.965948
0.000000 0.000000 1.000000

distortion
-0.130098 0.067932 0.017127 -0.011330 0.000000

rectification
1.000000 0.000000 0.000000
0.000000 1.000000 0.000000
0.000000 0.000000 1.000000

projection
2577.140869 0.000000 919.703252 0.000000
0.000000 2594.390137 1091.321952 0.000000
0.000000 0.000000 1.000000 0.000000

('Wrote calibration data to', '/tmp/calibrationdata.tar.gz')
D = [-0.13009829401968415, 0.06793160264832976, 0.017127492925545672, -0.01132952745721562, 0.0]
K = [2674.3803723910564, 0.0, 954.5922081613583, 0.0, 2667.4211254043507, 1074.965947832258, 0.0, 0.0, 1.0]
R = [1.0, 0.0, 0.0, 0.0, 1.0, 0.0, 0.0, 0.0, 1.0]
P = [2577.140869140625, 0.0, 919.7032521532165, 0.0, 0.0, 2594.39013671875, 1091.3219517491962, 0.0, 0.0, 0.0, 1.0, 0.0]
# oST version 5.0 parameters


[image]

width
2500

height
1532

[narrow_stereo]

camera matrix
2674.380372 0.000000 954.592208
0.000000 2667.421125 1074.965948
0.000000 0.000000 1.000000

distortion
-0.130098 0.067932 0.017127 -0.011330 0.000000

rectification
1.000000 0.000000 0.000000
0.000000 1.000000 0.000000
0.000000 0.000000 1.000000

projection
2577.140869 0.000000 919.703252 0.000000
0.000000 2594.390137 1091.321952 0.000000
0.000000 0.000000 1.000000 0.000000
