[
  {
    "index": 0,
    "file": "pose_1_image.png",
    "cam_T_world": [
      [
        0.9999999621650228,
        0.00012967550595402517,
        0.00014498013254416034,
        -0.00010151384998596223
      ],
      [
        -0.00012972389106898115,
        0.9999999553247138,
        0.00016687419333494418,
        -9.861699596639149e-05
      ],
      [
        -0.0001449368405991997,
        -0.00016691179548142428,
        0.9999999511337625,
        0.0004501654511256142
      ],
      [
        0.0,
        0.0,
        0.0,
        1.0
      ]
    ],
    "K": [
      [
        469.72589111328125,
        0.0,
        259.0
      ],
      [
        0.0,
        469.72589111328125,
        259.0
      ],
      [
        0.0,
        0.0,
        1.0
      ]
    ],
    "image_size": [
      518,
      518
    ]
  },
  {
    "index": 1,
    "file": "pose_2_image.png",
    "cam_T_world": [
      [
        0.9509293767021134,
        0.2672837876465106,
        0.15455710504216844,
        -0.16648913803209758
      ],
      [
        -0.26754945118977147,
        0.9633067833637298,
        -0.020480801298145956,
        0.012959501290727007
      ],
      [
        -0.1540968471795343,
        -0.022117614668469954,
        0.987744056339854,
        0.007998818086674258
      ],
      [
        0.0,
        0.0,
        0.0,
        1.0
      ]
    ],
    "K": [
      [
        469.72589111328125,
        0.0,
        259.0
      ],
      [
        0.0,
        469.72589111328125,
        259.0
      ],
      [
        0.0,
        0.0,
        1.0
      ]
    ],
    "image_size": [
      518,
      518
    ]
  },
  {
    "index": 2,
    "file": "pose_3_image.png",
    "cam_T_world": [
      [
        0.8109872314569302,
        0.5026371826848486,
        0.30183766981599386,
        -0.33750349842800853
      ],
      [
        -0.49970227833383213,
        0.861932915793748,
        -0.09106714847904229,
        0.07414124376002754
      ],
      [
        -0.3059874548953371,
        -0.07659486915825611,
        0.9489369758634778,
        0.03879982701763871
      ],
      [
        0.0,
        0.0,
        0.0,
        1.0
      ]
    ],
    "K": [
      [
        469.72589111328125,
        0.0,
        259.0
      ],
      [
        0.0,
        474.0963134765625,
        259.0
      ],
      [
        0.0,
        0.0,
        1.0
      ]
    ],
    "image_size": [
      518,
      518
    ]
  },
  {
    "index": 3,
    "file": "pose_4_image.png",
    "cam_T_world": [
      [
        0.5854711487670095,
        0.697993101375437,
        0.41210119702841536,
        -0.46747334644769994
      ],
      [
        -0.697993101375437,
        0.6931692368425347,
        -0.1813561261912686,
        0.16817677750412002
      ],
      [
        -0.4121011970284154,
        -0.1813561261912686,
        0.8932878856694103,
        0.09788836951277066
      ],
      [
        0.0,
        0.0,
        0.0,
        1.0
      ]
    ],
    "K": [
      [
        474.0963134765625,
        0.0,
        259.0
      ],
      [
        0.0,
        478.5296936035156,
        259.0
      ],
      [
        0.0,
        0.0,
        1.0
      ]
    ],
    "image_size": [
      518,
      518
    ]
  },
  {
    "index": 4,
    "file": "pose_5_image.png",
    "cam_T_world": [
      [
        0.30679466146183576,
        0.8252239060348836,
        0.477452977298245,
        -0.5450923633322917
      ],
      [
        -0.8221544198622367,
        0.48328975488746767,
        -0.3030879171761053,
        0.2982674599037304
      ],
      [
        -0.4787978089485982,
        -0.29863483039593314,
        0.8254612083929564,
        0.18956370840055325
      ],
      [
        0.0,
        0.0,
        0.0,
        1.0
      ]
    ],
    "K": [
      [
        469.72589111328125,
        0.0,
        259.0
      ],
      [
        0.0,
        469.72589111328125,
        259.0
      ],
      [
        0.0,
        0.0,
        1.0
      ]
    ],
    "image_size": [
      518,
      518
    ]
  },
  {
    "index": 5,
    "file": "pose_6_image.png",
    "cam_T_world": [
      [
        0.0011714963517761245,
        0.8619189017992568,
        0.5059399053301797,
        -0.570724933197325
      ],
      [
        -0.8619189017992566,
        0.25345592526676197,
        -0.435885370411777,
        0.43989883310863154
      ],
      [
        -0.5059399053301797,
        -0.4358853704117771,
        0.7457689726030218,
        0.2929705633152454
      ],
      [
        0.0,
        0.0,
        0.0,
        1.0
      ]
    ],
    "K": [
      [
        461.1679992675781,
        0.0,
        259.0
      ],
      [
        0.0,
        461.1679992675781,
        259.0
      ],
      [
        0.0,
        0.0,
        1.0
      ]
    ],
    "image_size": [
      518,
      518
    ]
  }
]