[
  {
    "index": 0,
    "file": "pose_1_image.png",
    "cam_T_world": [
      [
        0.9999998911987477,
        0.0004081597852862921,
        4.2561508474911706e-05,
        8.86640823758233e-05
      ],
      [
        -0.0004081853639147526,
        0.9999998617859133,
        0.0003013437375160579,
        -0.00010816097002662532
      ],
      [
        -4.231549380117947e-05,
        -0.00030137838198751707,
        0.9999999669851205,
        0.0003891279770234692
      ],
      [
        0.0,
        0.0,
        0.0,
        1.0
      ]
    ],
    "K": [
      [
        440.77801513671875,
        0.0,
        259.0
      ],
      [
        0.0,
        440.77801513671875,
        259.0
      ],
      [
        0.0,
        0.0,
        1.0
      ]
    ],
    "image_size": [
      518,
      518
    ]
  },
  {
    "index": 1,
    "file": "pose_2_image.png",
    "cam_T_world": [
      [
        0.9514138575589087,
        0.26780249775921894,
        0.1494973256132491,
        -0.1646351635539058
      ],
      [
        -0.2710961409726027,
        0.9625838368157578,
        -0.009781167205656482,
        0.002965165862638263
      ],
      [
        -0.14745391200077507,
        -0.03142754650252342,
        0.9885900121404765,
        -0.008246555810435019
      ],
      [
        0.0,
        0.0,
        0.0,
        1.0
      ]
    ],
    "K": [
      [
        448.7682800292969,
        0.0,
        259.0
      ],
      [
        0.0,
        452.84503173828125,
        259.0
      ],
      [
        0.0,
        0.0,
        1.0
      ]
    ],
    "image_size": [
      518,
      518
    ]
  },
  {
    "index": 2,
    "file": "pose_3_image.png",
    "cam_T_world": [
      [
        0.8087330253811682,
        0.508310997877976,
        0.2970630440529006,
        -0.33762253668154846
      ],
      [
        -0.5100468954925703,
        0.8573565618019982,
        -0.0807880804445307,
        0.07018085089035365
      ],
      [
        -0.29407408128208196,
        -0.0855373829691006,
        0.9518503948388429,
        0.013239732649909441
      ],
      [
        0.0,
        0.0,
        0.0,
        1.0
      ]
    ],
    "K": [
      [
        456.9778747558594,
        0.0,
        259.0
      ],
      [
        0.0,
        465.41693115234375,
        259.0
      ],
      [
        0.0,
        0.0,
        1.0
      ]
    ],
    "image_size": [
      518,
      518
    ]
  },
  {
    "index": 3,
    "file": "pose_4_image.png",
    "cam_T_world": [
      [
        0.5902591208034762,
        0.6979969780790398,
        0.40741714449881017,
        -0.47160496204387575
      ],
      [
        -0.6971989020261475,
        0.6936423078058792,
        -0.17910522093908818,
        0.17569122464430023
      ],
      [
        -0.4087830824203411,
        -0.1779512708366242,
        0.8956360315216141,
        0.06771177490566764
      ],
      [
        0.0,
        0.0,
        0.0,
        1.0
      ]
    ],
    "K": [
      [
        465.41693115234375,
        0.0,
        259.0
      ],
      [
        0.0,
        469.72589111328125,
        259.0
      ],
      [
        0.0,
        0.0,
        1.0
      ]
    ],
    "image_size": [
      518,
      518
    ]
  },
  {
    "index": 4,
    "file": "pose_5_image.png",
    "cam_T_world": [
      [
        0.3123511822043986,
        0.8198748407125809,
        0.47314934253976254,
        -0.5581604400389599
      ],
      [
        -0.8153109738382502,
        0.4882097071327555,
        -0.30780174136405497,
        0.3144027514296213
      ],
      [
        -0.4826197056298214,
        -0.2894527199092707,
        0.8258787996009798,
        0.14517947102643045
      ],
      [
        0.0,
        0.0,
        0.0,
        1.0
      ]
    ],
    "K": [
      [
        461.1679992675781,
        0.0,
        259.0
      ],
      [
        0.0,
        465.41693115234375,
        259.0
      ],
      [
        0.0,
        0.0,
        1.0
      ]
    ],
    "image_size": [
      518,
      518
    ]
  },
  {
    "index": 5,
    "file": "pose_6_image.png",
    "cam_T_world": [
      [
        0.013488238017129816,
        0.8677495838324751,
        0.49651357196650603,
        -0.5941650044704063
      ],
      [
        -0.8635320600061174,
        0.2628473115391209,
        -0.4344199423379579,
        0.4626335157412971
      ],
      [
        -0.5075047271576505,
        -0.4218071293936972,
        0.7514775853699012,
        0.23107980839732095
      ],
      [
        0.0,
        0.0,
        0.0,
        1.0
      ]
    ],
    "K": [
      [
        465.41693115234375,
        0.0,
        259.0
      ],
      [
        0.0,
        465.41693115234375,
        259.0
      ],
      [
        0.0,
        0.0,
        1.0
      ]
    ],
    "image_size": [
      518,
      518
    ]
  }
]