[
  {
    "index": 0,
    "file": "pose_1_image.png",
    "cam_T_world": [
      [
        0.9999999955878138,
        4.6729005815528824e-05,
        -4.720790343163542e-05,
        -3.7917756621625016e-05
      ],
      [
        -4.673107673495462e-05,
        0.9999999973351805,
        -2.1932303190623066e-05,
        -0.00010252026702780186
      ],
      [
        4.720585343058765e-05,
        2.1936715149399777e-05,
        0.9999999972903879,
        9.345604429712828e-05
      ],
      [
        0.0,
        0.0,
        0.0,
        1.0
      ]
    ],
    "K": [
      [
        480.7704772949219,
        0.0,
        259.0
      ],
      [
        0.0,
        483.0275573730469,
        259.0
      ],
      [
        0.0,
        0.0,
        1.0
      ]
    ],
    "image_size": [
      518,
      518
    ]
  },
  {
    "index": 1,
    "file": "pose_2_image.png",
    "cam_T_world": [
      [
        0.951035201599944,
        0.2683545561931927,
        0.15535427128635676,
        -0.17108293000321084
      ],
      [
        -0.2663428446130621,
        0.9635327718831992,
        -0.027542515895216144,
        0.020553126453905113
      ],
      [
        -0.15684806150260988,
        -0.01502025238238457,
        0.9874824419602204,
        0.005071131455354015
      ],
      [
        0.0,
        0.0,
        0.0,
        1.0
      ]
    ],
    "K": [
      [
        483.0275573730469,
        0.0,
        259.0
      ],
      [
        0.0,
        487.5914306640625,
        259.0
      ],
      [
        0.0,
        0.0,
        1.0
      ]
    ],
    "image_size": [
      518,
      518
    ]
  },
  {
    "index": 2,
    "file": "pose_3_image.png",
    "cam_T_world": [
      [
        0.8095191848133227,
        0.5063372546749764,
        0.29511813703574985,
        -0.33567543632195534
      ],
      [
        -0.5040302513867033,
        0.8585998773792914,
        -0.09907603404887246,
        0.09197037982189288
      ],
      [
        -0.3043791817034182,
        -0.06821156738856625,
        0.950401539396855,
        0.034372755861414944
      ],
      [
        0.0,
        0.0,
        0.0,
        1.0
      ]
    ],
    "K": [
      [
        487.5914306640625,
        0.0,
        259.0
      ],
      [
        0.0,
        489.89862060546875,
        259.0
      ],
      [
        0.0,
        0.0,
        1.0
      ]
    ],
    "image_size": [
      518,
      518
    ]
  },
  {
    "index": 3,
    "file": "pose_4_image.png",
    "cam_T_world": [
      [
        0.5795736548757966,
        0.6995891550716806,
        0.41802318702926455,
        -0.4863991824779695
      ],
      [
        -0.6918345534233238,
        0.6936457261569077,
        -0.20064117798489034,
        0.20114798328683295
      ],
      [
        -0.4318123665083703,
        -0.17202352853461272,
        0.8858861635687182,
        0.0882503557210951
      ],
      [
        0.0,
        0.0,
        0.0,
        1.0
      ]
    ],
    "K": [
      [
        499.3006286621094,
        0.0,
        259.0
      ],
      [
        0.0,
        501.69549560546875,
        259.0
      ],
      [
        0.0,
        0.0,
        1.0
      ]
    ],
    "image_size": [
      518,
      518
    ]
  },
  {
    "index": 4,
    "file": "pose_5_image.png",
    "cam_T_world": [
      [
        0.3017005802465625,
        0.8212132412703819,
        0.48579683954889696,
        -0.5758346431981611
      ],
      [
        -0.8059777271749752,
        0.4902249222762345,
        -0.3248183871269164,
        0.3386157382038042
      ],
      [
        -0.5041471923873423,
        -0.2955165746987809,
        0.8117490948472563,
        0.16301885904296604
      ],
      [
        0.0,
        0.0,
        0.0,
        1.0
      ]
    ],
    "K": [
      [
        501.69549560546875,
        0.0,
        259.0
      ],
      [
        0.0,
        501.69549560546875,
        259.0
      ],
      [
        0.0,
        0.0,
        1.0
      ]
    ],
    "image_size": [
      518,
      518
    ]
  },
  {
    "index": 5,
    "file": "pose_6_image.png",
    "cam_T_world": [
      [
        0.0035824424608186163,
        0.8620921728591658,
        0.5065030787372912,
        -0.6132332674826202
      ],
      [
        -0.8604741148155041,
        0.2633510576323209,
        -0.44243699629816646,
        0.4777188319388588
      ],
      [
        -0.5146245833563803,
        -0.43164918589138385,
        0.7401463608845713,
        0.2496548781987447
      ],
      [
        0.0,
        0.0,
        0.0,
        1.0
      ]
    ],
    "K": [
      [
        499.3006286621094,
        0.0,
        259.0
      ],
      [
        0.0,
        501.69549560546875,
        259.0
      ],
      [
        0.0,
        0.0,
        1.0
      ]
    ],
    "image_size": [
      518,
      518
    ]
  }
]