{
  "note": "Per-image joint positions and camera pose at capture time.",
  "prompt": "blue object.",
  "created_at": "2026-01-28T15:16:45.848093",
  "joint_names": [
    "shoulder_lift_joint",
    "elbow_joint",
    "wrist_1_joint",
    "wrist_2_joint",
    "wrist_3_joint",
    "shoulder_pan_joint"
  ],
  "shots": {
    "image_1": {
      "image_file": "pose_1_image.png",
      "image_stamp_ns": 1769609819106915562,
      "joint_stamp_ns": 1769609819306437761,
      "position": [
        -1.024044470196106,
        1.3509905974017542,
        -1.8976837597289027,
        -1.570817772542135,
        -0.8507111708270472,
        0.7201187610626221
      ],
      "camera_pose": {
        "parent_frame": "base_link",
        "child_frame": "camera_optical",
        "stamp": {
          "sec": 1769609819,
          "nanosec": 106915562,
          "stamp_ns": 1769609819106915562
        },
        "R": [
          [
            -0.002147723095,
            -0.999978149573,
            -0.006252012588
          ],
          [
            -0.999989565906,
            0.002172870609,
            -0.004018297328
          ],
          [
            0.004031794341,
            0.006243317164,
            -0.999972382431
          ]
        ],
        "t": [
          0.432330236355403,
          0.6157973106402479,
          0.30394052982811465
        ]
      }
    },
    "image_2": {
      "image_file": "pose_2_image.png",
      "image_stamp_ns": 1769609821907010905,
      "joint_stamp_ns": 1769609822156486236,
      "position": [
        -1.075612263088562,
        1.432181183491842,
        -1.9272767506041468,
        -1.5707553068744105,
        -1.1398513952838343,
        0.7451295852661133
      ],
      "camera_pose": {
        "parent_frame": "base_link",
        "child_frame": "camera_optical",
        "stamp": {
          "sec": 1769609821,
          "nanosec": 907010905,
          "stamp_ns": 1769609821907010905
        },
        "R": [
          [
            0.307053489156,
            -0.95167991912,
            -0.004846270858
          ],
          [
            -0.951683243984,
            -0.307024435678,
            -0.005915996652
          ],
          [
            0.00414221164,
            0.006428642186,
            -0.999970756894
          ]
        ],
        "t": [
          0.38319937618580885,
          0.6079844518420157,
          0.30376639137340006
        ]
      }
    },
    "image_3": {
      "image_file": "pose_3_image.png",
      "image_stamp_ns": 1769609824907000772,
      "joint_stamp_ns": 1769609825006432455,
      "position": [
        -1.1379222434810181,
        1.52692157426943,
        -1.9596926174559535,
        -1.5708406607257288,
        -1.4407385031329554,
        0.7583748698234558
      ],
      "camera_pose": {
        "parent_frame": "base_link",
        "child_frame": "camera_optical",
        "stamp": {
          "sec": 1769609824,
          "nanosec": 907000772,
          "stamp_ns": 1769609824907000772
        },
        "R": [
          [
            0.586032708401,
            -0.810282592107,
            -0.00279027106
          ],
          [
            -0.810277407202,
            -0.586004910462,
            -0.006983429825
          ],
          [
            0.004023439078,
            0.006353411894,
            -0.999971722648
          ]
        ],
        "t": [
          0.33883197932903153,
          0.5853892381953654,
          0.30382575980425947
        ]
      }
    },
    "image_4": {
      "image_file": "pose_4_image.png",
      "image_stamp_ns": 1769609827507024289,
      "joint_stamp_ns": 1769609827906430934,
      "position": [
        -1.205956296329834,
        1.6261385122882288,
        -1.9908558330931605,
        -1.5707758108722132,
        -1.7563279310809534,
        0.7569899559020996
      ],
      "camera_pose": {
        "parent_frame": "base_link",
        "child_frame": "camera_optical",
        "stamp": {
          "sec": 1769609827,
          "nanosec": 507024289,
          "stamp_ns": 1769609827507024289
        },
        "R": [
          [
            0.796765637088,
            -0.60428819852,
            -0.000541004346
          ],
          [
            -0.604275002375,
            -0.79674162849,
            -0.007382339402
          ],
          [
            0.004030019894,
            0.006208909759,
            -0.999972603814
          ]
        ],
        "t": [
          0.30552214816483736,
          0.5523906967367034,
          0.30395162300591516
        ]
      }
    },
    "image_5": {
      "image_file": "pose_5_image.png",
      "image_stamp_ns": 1769609830707064387,
      "joint_stamp_ns": 1769609830806440506,
      "position": [
        -1.2742262941649933,
        1.7208336035357874,
        -2.017313619653219,
        -1.570770565663473,
        -2.0886252562152308,
        0.7388547658920288
      ],
      "camera_pose": {
        "parent_frame": "base_link",
        "child_frame": "camera_optical",
        "stamp": {
          "sec": 1769609830,
          "nanosec": 707064387,
          "stamp_ns": 1769609830707064387
        },
        "R": [
          [
            0.950416364094,
            -0.310974841711,
            0.001839207901
          ],
          [
            -0.310954642516,
            -0.950397330328,
            -0.007219750925
          ],
          [
            0.00399313918,
            0.006289859188,
            -0.99997224587
          ]
        ],
        "t": [
          0.2809399592112207,
          0.5058259619397305,
          0.303879261407476
        ]
      }
    },
    "image_6": {
      "image_file": "pose_6_image.png",
      "image_stamp_ns": 1769609833507093542,
      "joint_stamp_ns": 1769609833706432884,
      "position": [
        -1.336210162644722,
        1.802422348652975,
        -2.036936422387594,
        -1.5708215872394007,
        -2.4382694403277796,
        0.7033874988555908
      ],
      "camera_pose": {
        "parent_frame": "base_link",
        "child_frame": "camera_optical",
        "stamp": {
          "sec": 1769609833,
          "nanosec": 507093542,
          "stamp_ns": 1769609833507093542
        },
        "R": [
          [
            0.999990282361,
            -0.001987526615,
            0.003935088478
          ],
          [
            -0.001962737515,
            -0.999978270315,
            -0.00629337425
          ],
          [
            0.003947511218,
            0.006285589547,
            -0.99997245388
          ]
        ],
        "t": [
          0.273162656221702,
          0.4566299349864674,
          0.30387639676756234
        ]
      }
    }
  }
}