{
  "note": "Per-image joint positions and camera pose at capture time.",
  "prompt": "blue object.",
  "created_at": "2026-01-28T16:11:04.901609",
  "joint_names": [
    "shoulder_lift_joint",
    "elbow_joint",
    "wrist_1_joint",
    "wrist_2_joint",
    "wrist_3_joint",
    "shoulder_pan_joint"
  ],
  "shots": {
    "image_1": {
      "image_file": "pose_1_image.png",
      "image_stamp_ns": 1769613078130938262,
      "joint_stamp_ns": 1769613078302445767,
      "position": [
        -0.7524538201144715,
        0.8890212217914026,
        -1.7073036632933558,
        -1.5708068052874964,
        -0.9249170462237757,
        0.6459441781044006
      ],
      "camera_pose": {
        "parent_frame": "base_link",
        "child_frame": "camera_optical",
        "stamp": {
          "sec": 1769613078,
          "nanosec": 130938262,
          "stamp_ns": 1769613078130938262
        },
        "R": [
          [
            -0.002122387194,
            -0.999978060996,
            -0.006274790817
          ],
          [
            -0.99998938231,
            0.002147993692,
            -0.004076934063
          ],
          [
            0.00409032283,
            0.006266071361,
            -0.999972002412
          ]
        ],
        "t": [
          0.5573776614759688,
          0.6462587445965008,
          0.30389949706085834
        ]
      }
    },
    "image_2": {
      "image_file": "pose_2_image.png",
      "image_stamp_ns": 1769613080930994713,
      "joint_stamp_ns": 1769613081202437575,
      "position": [
        -0.8235583466342469,
        1.0152190367328089,
        -1.7623921833434046,
        -1.5708368460284632,
        -1.2200563589679163,
        0.6649593710899353
      ],
      "camera_pose": {
        "parent_frame": "base_link",
        "child_frame": "camera_optical",
        "stamp": {
          "sec": 1769613080,
          "nanosec": 930994713,
          "stamp_ns": 1769613080930994713
        },
        "R": [
          [
            0.306927897384,
            -0.95172113158,
            -0.004706751687
          ],
          [
            -0.951724242914,
            -0.306900459333,
            -0.005750957355
          ],
          [
            0.004028803386,
            0.006244658935,
            -0.999972386108
          ]
        ],
        "t": [
          0.5082458868953079,
          0.6384340913997236,
          0.30388962136735354
        ]
      }
    },
    "image_3": {
      "image_file": "pose_3_image.png",
      "image_stamp_ns": 1769613083931029049,
      "joint_stamp_ns": 1769613084102438434,
      "position": [
        -0.9005726140788575,
        1.147921387349264,
        -1.8180281124510707,
        -1.5708144346820276,
        -1.5261190573321741,
        0.6730347275733948
      ],
      "camera_pose": {
        "parent_frame": "base_link",
        "child_frame": "camera_optical",
        "stamp": {
          "sec": 1769613083,
          "nanosec": 931029049,
          "stamp_ns": 1769613083931029049
        },
        "R": [
          [
            0.586084174316,
            -0.810245563141,
            -0.002732768968
          ],
          [
            -0.810240020376,
            -0.586056615175,
            -0.006982348476
          ],
          [
            0.004055859541,
            0.006306442725,
            -0.999971888997
          ]
        ],
        "t": [
          0.46385535726506216,
          0.6158429713796731,
          0.3038408032997559
        ]
      }
    },
    "image_4": {
      "image_file": "pose_4_image.png",
      "image_stamp_ns": 1769613086731055962,
      "joint_stamp_ns": 1769613087002484375,
      "position": [
        -0.9773784440806885,
        1.275848690663473,
        -1.8690735302367152,
        -1.5707796255694788,
        -1.8452003637896937,
        0.66813725233078
      ],
      "camera_pose": {
        "parent_frame": "base_link",
        "child_frame": "camera_optical",
        "stamp": {
          "sec": 1769613086,
          "nanosec": 731055962,
          "stamp_ns": 1769613086731055962
        },
        "R": [
          [
            0.807997669834,
            -0.589185468249,
            -0.000499547031
          ],
          [
            -0.589172245421,
            -0.807973229845,
            -0.007438083081
          ],
          [
            0.003978789836,
            0.006304273044,
            -0.9999722123
          ]
        ],
        "t": [
          0.4285407228870928,
          0.5806094535381062,
          0.30387155811220096
        ]
      }
    },
    "image_5": {
      "image_file": "pose_5_image.png",
      "image_stamp_ns": 1769613089731051410,
      "joint_stamp_ns": 1769613089852437532,
      "position": [
        -1.0483310979655762,
        1.3895090262042444,
        -1.9119140110411585,
        -1.57080585161318,
        -2.1785462538348597,
        0.648966372013092
      ],
      "camera_pose": {
        "parent_frame": "base_link",
        "child_frame": "camera_optical",
        "stamp": {
          "sec": 1769613089,
          "nanosec": 731051410,
          "stamp_ns": 1769613089731051410
        },
        "R": [
          [
            0.950424161177,
            -0.310951292445,
            0.0017909714
          ],
          [
            -0.310931432011,
            -0.950404990531,
            -0.007211002794
          ],
          [
            0.003944418795,
            0.006296641979,
            -0.999972396549
          ]
        ],
        "t": [
          0.40597748056935296,
          0.5363107570932464,
          0.3038335808600265
        ]
      }
    },
    "image_6": {
      "image_file": "pose_6_image.png",
      "image_stamp_ns": 1769613092531024776,
      "joint_stamp_ns": 1769613092702436611,
      "position": [
        -1.1075384777835389,
        1.4811423460589808,
        -1.944329401055807,
        -1.5707905928241175,
        -2.5256546179400843,
        0.6160285472869873
      ],
      "camera_pose": {
        "parent_frame": "base_link",
        "child_frame": "camera_optical",
        "stamp": {
          "sec": 1769613092,
          "nanosec": 531024776,
          "stamp_ns": 1769613092531024776
        },
        "R": [
          [
            0.999990331441,
            -0.002024768,
            0.003903503458
          ],
          [
            -0.002000049134,
            -0.999977990397,
            -0.006326019682
          ],
          [
            0.003916226266,
            0.00631815132,
            -0.999972371686
          ]
        ],
        "t": [
          0.39821189877161145,
          0.4871033593280985,
          0.30383716970386054
        ]
      }
    }
  }
}