{
  "note": "Per-image joint positions and camera pose at capture time.",
  "prompt": "yellow object.",
  "created_at": "2026-01-28T15:00:25.262989",
  "joint_names": [
    "shoulder_lift_joint",
    "elbow_joint",
    "wrist_1_joint",
    "wrist_2_joint",
    "wrist_3_joint",
    "shoulder_pan_joint"
  ],
  "shots": {
    "image_1": {
      "image_file": "pose_1_image.png",
      "image_stamp_ns": 1769608838699136108,
      "joint_stamp_ns": 1769608838880484915,
      "position": [
        -0.9207685750773926,
        1.1819208304034632,
        -1.8318568668761195,
        -1.5707758108722132,
        -1.0606263319598597,
        0.5102312564849854
      ],
      "camera_pose": {
        "parent_frame": "base_link",
        "child_frame": "camera_optical",
        "stamp": {
          "sec": 1769608838,
          "nanosec": 699136108,
          "stamp_ns": 1769608838699136108
        },
        "R": [
          [
            -0.002099137535,
            -0.999977863157,
            -0.006314017508
          ],
          [
            -0.9999895593,
            0.002124706669,
            -0.004045604224
          ],
          [
            0.004058930102,
            0.006305459306,
            -0.999971882739
          ]
        ],
        "t": [
          0.5769604473536725,
          0.5348636307940755,
          0.3038868507977476
        ]
      }
    },
    "image_2": {
      "image_file": "pose_2_image.png",
      "image_stamp_ns": 1769608841699187244,
      "joint_stamp_ns": 1769608841780443281,
      "position": [
        -0.9859450620463868,
        1.2896903196917933,
        -1.8744827709593714,
        -1.5707796255694788,
        -1.3595040480243128,
        0.525478184223175
      ],
      "camera_pose": {
        "parent_frame": "base_link",
        "child_frame": "camera_optical",
        "stamp": {
          "sec": 1769608841,
          "nanosec": 699187244,
          "stamp_ns": 1769608841699187244
        },
        "R": [
          [
            0.306949213694,
            -0.951713730485,
            -0.004812007858
          ],
          [
            -0.951717411989,
            -0.306921205994,
            -0.005774169088
          ],
          [
            0.004018448748,
            0.006352048327,
            -0.999971751377
          ]
        ],
        "t": [
          0.5278529131777908,
          0.5270172049671165,
          0.30381122208934624
        ]
      }
    },
    "image_3": {
      "image_file": "pose_3_image.png",
      "image_stamp_ns": 1769608844499177727,
      "joint_stamp_ns": 1769608844630439389,
      "position": [
        -1.056621031170227,
        1.4026015440570276,
        -1.916673322717184,
        -1.5707867781268519,
        -1.6711605230914515,
        0.5279968976974487
      ],
      "camera_pose": {
        "parent_frame": "base_link",
        "child_frame": "camera_optical",
        "stamp": {
          "sec": 1769608844,
          "nanosec": 499177727,
          "stamp_ns": 1769608844499177727
        },
        "R": [
          [
            0.586089959635,
            -0.810240967221,
            -0.002852061077
          ],
          [
            -0.810236228041,
            -0.586061993615,
            -0.006970969087
          ],
          [
            0.003976680135,
            0.0063964582,
            -0.999971635267
          ]
        ],
        "t": [
          0.48345294515622866,
          0.5044361693283552,
          0.3037963450959594
        ]
      }
    },
    "image_4": {
      "image_file": "pose_4_image.png",
      "image_stamp_ns": 1769608847299189287,
      "joint_stamp_ns": 1769608847480443043,
      "position": [
        -1.1271234315684815,
        1.510735336934225,
        -1.9543458424010218,
        -1.5707796255694788,
        -1.9976242224322718,
        0.5156888365745544
      ],
      "camera_pose": {
        "parent_frame": "base_link",
        "child_frame": "camera_optical",
        "stamp": {
          "sec": 1769608847,
          "nanosec": 299189287,
          "stamp_ns": 1769608847299189287
        },
        "R": [
          [
            0.807851820884,
            -0.58938530637,
            -0.000629388682
          ],
          [
            -0.58937267847,
            -0.80782650827,
            -0.00749522581
          ],
          [
            0.003909139099,
            0.006425976311,
            -0.99997171233
          ]
        ],
        "t": [
          0.4481916138994759,
          0.46924935180922017,
          0.30378222373687763
        ]
      }
    },
    "image_5": {
      "image_file": "pose_5_image.png",
      "image_stamp_ns": 1769608850099179543,
      "joint_stamp_ns": 1769608850330491094,
      "position": [
        -1.1912761491588135,
        1.6050522963153284,
        -1.9845062694945277,
        -1.5707662741290491,
        -2.339707914982931,
        0.4878176152706146
      ],
      "camera_pose": {
        "parent_frame": "base_link",
        "child_frame": "camera_optical",
        "stamp": {
          "sec": 1769608850,
          "nanosec": 99179543,
          "stamp_ns": 1769608850099179543
        },
        "R": [
          [
            0.950485999877,
            -0.310762405441,
            0.001758238483
          ],
          [
            -0.310742680135,
            -0.950466575741,
            -0.007230155026
          ],
          [
            0.003918007278,
            0.006325801391,
            -0.999972316345
          ]
        ],
        "t": [
          0.4255585978363358,
          0.42486862194621233,
          0.3038451065031555
        ]
      }
    },
    "image_6": {
      "image_file": "pose_6_image.png",
      "image_stamp_ns": 1769608852899251477,
      "joint_stamp_ns": 1769608853180450692,
      "position": [
        -1.242609904413559,
        1.6774795691119593,
        -2.0056616268553675,
        -1.5707901159869593,
        -2.695895258580343,
        0.4457719027996063
      ],
      "camera_pose": {
        "parent_frame": "base_link",
        "child_frame": "camera_optical",
        "stamp": {
          "sec": 1769608852,
          "nanosec": 899251477,
          "stamp_ns": 1769608852899251477
        },
        "R": [
          [
            0.999990747816,
            -0.001646871182,
            0.003973927267
          ],
          [
            -0.001621955134,
            -0.999979059435,
            -0.006264978316
          ],
          [
            0.003984161663,
            0.00625847482,
            -0.999972478596
          ]
        ],
        "t": [
          0.4178119217696904,
          0.37558274064623615,
          0.3039240294118018
        ]
      }
    }
  }
}