[
  {
    "index": 0,
    "file": "pose_1_image.png",
    "cam_T_world": [
      [
        0.9999999268438945,
        0.0002326093379521055,
        0.00028045256296592956,
        -3.599230709571315e-05
      ],
      [
        -0.00023278367716367664,
        0.9999999087995205,
        0.0003108325493760986,
        -0.00022499085449129754
      ],
      [
        -0.00028030787328013585,
        -0.00031096303639334817,
        0.9999998843341144,
        0.00021847147217876183
      ],
      [
        0.0,
        0.0,
        0.0,
        1.0
      ]
    ],
    "K": [
      [
        461.1679992675781,
        0.0,
        259.0
      ],
      [
        0.0,
        465.41693115234375,
        259.0
      ],
      [
        0.0,
        0.0,
        1.0
      ]
    ],
    "image_size": [
      518,
      518
    ]
  },
  {
    "index": 1,
    "file": "pose_2_image.png",
    "cam_T_world": [
      [
        0.951593079634085,
        0.2651679316430302,
        0.1567040217740055,
        -0.14640557840471202
      ],
      [
        -0.2658154171062609,
        0.9641316081053897,
        -0.019157209331323977,
        0.012691638281830075
      ],
      [
        -0.15560329650505672,
        -0.02310295491859543,
        0.9875141035995473,
        -0.00034443522960852743
      ],
      [
        0.0,
        0.0,
        0.0,
        1.0
      ]
    ],
    "K": [
      [
        469.72589111328125,
        0.0,
        259.0
      ],
      [
        0.0,
        469.72589111328125,
        259.0
      ],
      [
        0.0,
        0.0,
        1.0
      ]
    ],
    "image_size": [
      518,
      518
    ]
  },
  {
    "index": 2,
    "file": "pose_3_image.png",
    "cam_T_world": [
      [
        0.8075688161962693,
        0.5122070470327856,
        0.2944512582237361,
        -0.2953105839433971
      ],
      [
        -0.5133551883981501,
        0.8549189607663451,
        -0.08174363417150582,
        0.06531168486941342
      ],
      [
        -0.2924458379426774,
        -0.08490054893824237,
        0.9523982847169817,
        -0.020388363124273813
      ],
      [
        0.0,
        0.0,
        0.0,
        1.0
      ]
    ],
    "K": [
      [
        492.2229309082031,
        0.0,
        259.0
      ],
      [
        0.0,
        492.2229309082031,
        259.0
      ],
      [
        0.0,
        0.0,
        1.0
      ]
    ],
    "image_size": [
      518,
      518
    ]
  },
  {
    "index": 3,
    "file": "pose_4_image.png",
    "cam_T_world": [
      [
        0.5835517703724163,
        0.7039712023998439,
        0.4089662052448579,
        -0.4216337491817356
      ],
      [
        -0.7000239327146727,
        0.68950761013122,
        -0.18481075435637714,
        0.16351953255234222
      ],
      [
        -0.4117762437982925,
        -0.1774517952716399,
        0.8940080606918941,
        0.026310783426649782
      ],
      [
        0.0,
        0.0,
        0.0,
        1.0
      ]
    ],
    "K": [
      [
        499.3006286621094,
        0.0,
        259.0
      ],
      [
        0.0,
        499.3006286621094,
        259.0
      ],
      [
        0.0,
        0.0,
        1.0
      ]
    ],
    "image_size": [
      518,
      518
    ]
  },
  {
    "index": 4,
    "file": "pose_5_image.png",
    "cam_T_world": [
      [
        0.3069753753849102,
        0.8299078108605371,
        0.47026952940690225,
        -0.47932719434776744
      ],
      [
        -0.8173014342275821,
        0.48311889464605356,
        -0.31500143170300415,
        0.28391868420000727
      ],
      [
        -0.4858388392100363,
        -0.2865503072998145,
        0.8252263576965362,
        0.11030549475565486
      ],
      [
        0.0,
        0.0,
        0.0,
        1.0
      ]
    ],
    "K": [
      [
        487.5914306640625,
        0.0,
        259.0
      ],
      [
        0.0,
        489.89862060546875,
        259.0
      ],
      [
        0.0,
        0.0,
        1.0
      ]
    ],
    "image_size": [
      518,
      518
    ]
  },
  {
    "index": 5,
    "file": "pose_6_image.png",
    "cam_T_world": [
      [
        0.0006093248691455994,
        0.8767900584947412,
        0.48583096637321777,
        -0.5102096609075145
      ],
      [
        -0.8626720303541581,
        0.24412470420606402,
        -0.44065109322626034,
        0.41427788708686375
      ],
      [
        -0.5047807119314192,
        -0.41981218171017826,
        0.7540366728452361,
        0.1741062228111531
      ],
      [
        0.0,
        0.0,
        0.0,
        1.0
      ]
    ],
    "K": [
      [
        487.5914306640625,
        0.0,
        259.0
      ],
      [
        0.0,
        489.89862060546875,
        259.0
      ],
      [
        0.0,
        0.0,
        1.0
      ]
    ],
    "image_size": [
      518,
      518
    ]
  },
  {
    "index": 6,
    "file": "pose_7_image.png",
    "cam_T_world": [
      [
        -0.3036035387659641,
        0.8385080054343064,
        0.4580277337963869,
        -0.47002533390030965
      ],
      [
        -0.8256883586774345,
        0.010246839919187067,
        -0.5626203984809887,
        0.5122930588609474
      ],
      [
        -0.47524442356598146,
        -0.5473954946117225,
        0.6877711828674516,
        0.26890818684584666
      ],
      [
        0.0,
        0.0,
        0.0,
        1.0
      ]
    ],
    "K": [
      [
        461.1679992675781,
        0.0,
        259.0
      ],
      [
        0.0,
        465.41693115234375,
        259.0
      ],
      [
        0.0,
        0.0,
        1.0
      ]
    ],
    "image_size": [
      518,
      518
    ]
  },
  {
    "index": 7,
    "file": "pose_8_image.png",
    "cam_T_world": [
      [
        -0.5812662923791734,
        0.7155813094813457,
        0.38314733044858573,
        -0.38255710304895435
      ],
      [
        -0.7071081417925384,
        -0.21810373138245226,
        -0.670957939246007,
        0.5877169826347486
      ],
      [
        -0.3972717678353174,
        -0.6613616845286251,
        0.6347103463311087,
        0.3471189248456575
      ],
      [
        0.0,
        0.0,
        0.0,
        1.0
      ]
    ],
    "K": [
      [
        440.77801513671875,
        0.0,
        259.0
      ],
      [
        0.0,
        444.746337890625,
        259.0
      ],
      [
        0.0,
        0.0,
        1.0
      ]
    ],
    "image_size": [
      518,
      518
    ]
  },
  {
    "index": 8,
    "file": "pose_9_image.png",
    "cam_T_world": [
      [
        -0.8059266577361779,
        0.5299115789815182,
        0.28289778114769665,
        -0.29350030274613287
      ],
      [
        -0.5201085428821144,
        -0.3788236638082497,
        -0.7694646219998795,
        0.6782414944874808
      ],
      [
        -0.29897971288062825,
        -0.765264180028936,
        0.5766399979029797,
        0.4092479174997746
      ],
      [
        0.0,
        0.0,
        0.0,
        1.0
      ]
    ],
    "K": [
      [
        444.746337890625,
        0.0,
        259.0
      ],
      [
        0.0,
        444.746337890625,
        259.0
      ],
      [
        0.0,
        0.0,
        1.0
      ]
    ],
    "image_size": [
      518,
      518
    ]
  },
  {
    "index": 9,
    "file": "pose_10_image.png",
    "cam_T_world": [
      [
        -0.9456345788355563,
        0.30209121044749365,
        0.13565842278016713,
        -0.1710179409870955
      ],
      [
        -0.27720687445409636,
        -0.48990130537838134,
        -0.8278204798900988,
        0.7372987874836908
      ],
      [
        -0.18334099962355063,
        -0.8172807350939559,
        0.5447231576000401,
        0.4363037285515167
      ],
      [
        0.0,
        0.0,
        0.0,
        1.0
      ]
    ],
    "K": [
      [
        448.7682800292969,
        0.0,
        259.0
      ],
      [
        0.0,
        448.7682800292969,
        259.0
      ],
      [
        0.0,
        0.0,
        1.0
      ]
    ],
    "image_size": [
      518,
      518
    ]
  },
  {
    "index": 10,
    "file": "pose_11_image.png",
    "cam_T_world": [
      [
        -0.9999492477423885,
        0.06295845685044071,
        -0.012896571339310983,
        -0.04406118924839681
      ],
      [
        -0.024315034672124845,
        -0.5569268323695736,
        -0.8339151704674445,
        0.7602640641283941
      ],
      [
        -0.05961671207714917,
        -0.8298480072755892,
        0.5556143112006663,
        0.41282867076790325
      ],
      [
        0.0,
        0.0,
        0.0,
        1.0
      ]
    ],
    "K": [
      [
        465.41693115234375,
        0.0,
        259.0
      ],
      [
        0.0,
        461.1679992675781,
        259.0
      ],
      [
        0.0,
        0.0,
        1.0
      ]
    ],
    "image_size": [
      518,
      518
    ]
  }
]