{
  "note": "Per-image joint positions and camera pose at capture time.",
  "prompt": "yellow object .",
  "created_at": "2026-01-22T14:24:46.138474",
  "joint_names": [
    "shoulder_lift_joint",
    "elbow_joint",
    "wrist_1_joint",
    "wrist_2_joint",
    "wrist_3_joint",
    "shoulder_pan_joint"
  ],
  "shots": {
    "image_1": {
      "image_file": "pose_1_image.png",
      "image_stamp_ns": 1769088299280764133,
      "joint_stamp_ns": 1769088299489611920,
      "position": [
        -0.9693063062480469,
        1.2624848524676722,
        -1.8638931713499964,
        -1.570810619984762,
        -0.9503315130816858,
        0.6204710006713867
      ],
      "camera_pose": {
        "parent_frame": "base_link",
        "child_frame": "camera_optical",
        "stamp": {
          "sec": 1769088299,
          "nanosec": 280764133,
          "stamp_ns": 1769088299280764133
        },
        "R": [
          [
            -0.002189121176,
            -0.999977839101,
            -0.006287213657
          ],
          [
            -0.999989401533,
            0.002214524898,
            -0.004036421901
          ],
          [
            0.004050255642,
            0.006278310806,
            -0.999972088732
          ]
        ],
        "t": [
          0.504751240855969,
          0.583734220043479,
          0.30389563312317397
        ]
      }
    },
    "image_2": {
      "image_file": "pose_2_image.png",
      "image_stamp_ns": 1769088302280784110,
      "joint_stamp_ns": 1769088302389620064,
      "position": [
        -1.0275736612132569,
        1.3566530386554163,
        -1.8998266659178675,
        -1.570770565663473,
        -1.2442072073565882,
        0.6407556533813477
      ],
      "camera_pose": {
        "parent_frame": "base_link",
        "child_frame": "camera_optical",
        "stamp": {
          "sec": 1769088302,
          "nanosec": 280784110,
          "stamp_ns": 1769088302280784110
        },
        "R": [
          [
            0.306972633691,
            -0.951706311819,
            -0.004785207353
          ],
          [
            -0.951709741777,
            -0.306944604767,
            -0.005794567408
          ],
          [
            0.004045932797,
            0.006332902072,
            -0.999971761991
          ]
        ],
        "t": [
          0.455585325444702,
          0.5759399389430714,
          0.3038255143210117
        ]
      }
    },
    "image_3": {
      "image_file": "pose_3_image.png",
      "image_stamp_ns": 1769088305080810703,
      "joint_stamp_ns": 1769088305289619098,
      "position": [
        -1.094270871286728,
        1.460931126271383,
        -1.9373351536192835,
        -1.570817772542135,
        -1.5503581205951136,
        0.6488133668899536
      ],
      "camera_pose": {
        "parent_frame": "base_link",
        "child_frame": "camera_optical",
        "stamp": {
          "sec": 1769088305,
          "nanosec": 80810703,
          "stamp_ns": 1769088305080810703
        },
        "R": [
          [
            0.586096282529,
            -0.81023644297,
            -0.002837972896
          ],
          [
            -0.81023151887,
            -0.586068220371,
            -0.00699477667
          ],
          [
            0.004004177244,
            0.006399027693,
            -0.999971509099
          ]
        ],
        "t": [
          0.4112182564059931,
          0.5533377642310875,
          0.3037999326412292
        ]
      }
    },
    "image_4": {
      "image_file": "pose_4_image.png",
      "image_stamp_ns": 1769088308080840059,
      "joint_stamp_ns": 1769088308189609383,
      "position": [
        -1.1639782351306458,
        1.5653727690326136,
        -1.972145219842428,
        -1.5707758108722132,
        -1.8712895552264612,
        0.6419900059700012
      ],
      "camera_pose": {
        "parent_frame": "base_link",
        "child_frame": "camera_optical",
        "stamp": {
          "sec": 1769088308,
          "nanosec": 80840059,
          "stamp_ns": 1769088308080840059
        },
        "R": [
          [
            0.807800575391,
            -0.589455698286,
            -0.000458427774
          ],
          [
            -0.589442398236,
            -0.807776600935,
            -0.007390679482
          ],
          [
            0.003986170906,
            0.006240411904,
            -0.999972583475
          ]
        ],
        "t": [
          0.37595262759385634,
          0.5181449848028447,
          0.30387887231436567
        ]
      }
    },
    "image_5": {
      "image_file": "pose_5_image.png",
      "image_stamp_ns": 1769088310880871413,
      "joint_stamp_ns": 1769088311039609597,
      "position": [
        -1.2306973201087494,
        1.660992447529928,
        -2.001029153863424,
        -1.5708296934710901,
        -2.20851976076235,
        0.6189862489700317
      ],
      "camera_pose": {
        "parent_frame": "base_link",
        "child_frame": "camera_optical",
        "stamp": {
          "sec": 1769088310,
          "nanosec": 880871413,
          "stamp_ns": 1769088310880871413
        },
        "R": [
          [
            0.95043916151,
            -0.310905666262,
            0.001751272226
          ],
          [
            -0.31088590287,
            -0.950419584844,
            -0.007250389107
          ],
          [
            0.003918630478,
            0.006346607897,
            -0.999972182065
          ]
        ],
        "t": [
          0.35332369343077447,
          0.4737779706940498,
          0.3038395997676396
        ]
      }
    },
    "image_6": {
      "image_file": "pose_6_image.png",
      "image_stamp_ns": 1769088313680807828,
      "joint_stamp_ns": 1769088313939608742,
      "position": [
        -1.2879629892161866,
        1.7392361799823206,
        -2.022036691705221,
        -1.5708096663104456,
        -2.561605755482809,
        0.5800753831863403
      ],
      "camera_pose": {
        "parent_frame": "base_link",
        "child_frame": "camera_optical",
        "stamp": {
          "sec": 1769088313,
          "nanosec": 680807828,
          "stamp_ns": 1769088313680807828
        },
        "R": [
          [
            0.999990567655,
            -0.001947153229,
            0.003882421369
          ],
          [
            -0.001922715652,
            -0.999978380338,
            -0.006288244744
          ],
          [
            0.003894581608,
            0.006280720639,
            -0.999972692018
          ]
        ],
        "t": [
          0.34555338076734904,
          0.42455147885175276,
          0.30387282955033507
        ]
      }
    }
  }
}