{
  "note": "Per-image joint positions and camera pose at capture time.",
  "prompt": "blue object.",
  "created_at": "2026-01-28T15:58:35.519188",
  "joint_names": [
    "shoulder_lift_joint",
    "elbow_joint",
    "wrist_1_joint",
    "wrist_2_joint",
    "wrist_3_joint",
    "shoulder_pan_joint"
  ],
  "shots": {
    "image_1": {
      "image_file": "pose_1_image.png",
      "image_stamp_ns": 1769612328925820610,
      "joint_stamp_ns": 1769612329132489052,
      "position": [
        -1.3022632759860535,
        1.7582162062274378,
        -2.0266934833922328,
        -1.570817772542135,
        -0.7975066343890589,
        0.7733386754989624
      ],
      "camera_pose": {
        "parent_frame": "base_link",
        "child_frame": "camera_optical",
        "stamp": {
          "sec": 1769612328,
          "nanosec": 925820610,
          "stamp_ns": 1769612328925820610
        },
        "R": [
          [
            -0.002175323922,
            -0.999977971541,
            -0.006270916844
          ],
          [
            -0.99998944653,
            0.002200639215,
            -0.004032867003
          ],
          [
            0.004046578191,
            0.006262077872,
            -0.999972205407
          ]
        ],
        "t": [
          0.3108901988057087,
          0.5489677014097369,
          0.3038969588874778
        ]
      }
    },
    "image_2": {
      "image_file": "pose_2_image.png",
      "image_stamp_ns": 1769612331725878687,
      "joint_stamp_ns": 1769612331982438201,
      "position": [
        -1.3470194947770615,
        1.8161457220660608,
        -2.039896150628561,
        -1.5707758108722132,
        -1.0782764593707483,
        0.8066750764846802
      ],
      "camera_pose": {
        "parent_frame": "base_link",
        "child_frame": "camera_optical",
        "stamp": {
          "sec": 1769612331,
          "nanosec": 725878687,
          "stamp_ns": 1769612331725878687
        },
        "R": [
          [
            0.307254096251,
            -0.951615837468,
            -0.00471362049
          ],
          [
            -0.951618793226,
            -0.307226310155,
            -0.005802303667
          ],
          [
            0.004073415833,
            0.006268351412,
            -0.999972057137
          ]
        ],
        "t": [
          0.2617276817536885,
          0.5411367963696201,
          0.3038917864186636
        ]
      }
    },
    "image_3": {
      "image_file": "pose_3_image.png",
      "image_stamp_ns": 1769612334725879285,
      "joint_stamp_ns": 1769612334832489035,
      "position": [
        -1.4053059977344056,
        1.8882086912738245,
        -2.053647657433981,
        -1.570817772542135,
        -1.3724644819842737,
        0.8266700506210327
      ],
      "camera_pose": {
        "parent_frame": "base_link",
        "child_frame": "camera_optical",
        "stamp": {
          "sec": 1769612334,
          "nanosec": 725879285,
          "stamp_ns": 1769612334725879285
        },
        "R": [
          [
            0.586030333066,
            -0.810284438199,
            -0.002752805608
          ],
          [
            -0.810278995401,
            -0.586002654507,
            -0.006988456379
          ],
          [
            0.004049486058,
            0.006325987982,
            -0.999971791371
          ]
        ],
        "t": [
          0.21738997800660093,
          0.5185421083520713,
          0.30385837726523707
        ]
      }
    },
    "image_4": {
      "image_file": "pose_4_image.png",
      "image_stamp_ns": 1769612337525873132,
      "joint_stamp_ns": 1769612337682436804,
      "position": [
        -1.4738236156157036,
        1.9677780310260218,
        -2.0646568737425746,
        -1.5707915464984339,
        -1.6839664618121546,
        0.8293255567550659
      ],
      "camera_pose": {
        "parent_frame": "base_link",
        "child_frame": "camera_optical",
        "stamp": {
          "sec": 1769612337,
          "nanosec": 525873132,
          "stamp_ns": 1769612337525873132
        },
        "R": [
          [
            0.80778087274,
            -0.589482662136,
            -0.000502669378
          ],
          [
            -0.589469432096,
            -0.807756396819,
            -0.00744258172
          ],
          [
            0.00398123848,
            0.00630828339,
            -0.999972177263
          ]
        ],
        "t": [
          0.1821434304977615,
          0.4833348223050106,
          0.30386765406404703
        ]
      }
    },
    "image_5": {
      "image_file": "pose_5_image.png",
      "image_stamp_ns": 1769612340325897584,
      "joint_stamp_ns": 1769612340532493668,
      "position": [
        -1.548187320386507,
        2.0475037733661097,
        -2.070122858087057,
        -1.5707867781268519,
        -2.0164793173419397,
        0.8110110759735107
      ],
      "camera_pose": {
        "parent_frame": "base_link",
        "child_frame": "camera_optical",
        "stamp": {
          "sec": 1769612340,
          "nanosec": 325897584,
          "stamp_ns": 1769612340325897584
        },
        "R": [
          [
            0.950438316008,
            -0.310907751079,
            0.001837874355
          ],
          [
            -0.310887566721,
            -0.950419283538,
            -0.007218471995
          ],
          [
            0.003991030122,
            0.006289340081,
            -0.999972257555
          ]
        ],
        "t": [
          0.1594997257130897,
          0.438955960668644,
          0.3038923074232162
        ]
      }
    },
    "image_6": {
      "image_file": "pose_6_image.png",
      "image_stamp_ns": 1769612343125873720,
      "joint_stamp_ns": 1769612343382448996,
      "position": [
        -1.621615549127096,
        2.119650189076559,
        -2.068817277947897,
        -1.5707905928241175,
        -2.37234074274172,
        0.7692850232124329
      ],
      "camera_pose": {
        "parent_frame": "base_link",
        "child_frame": "camera_optical",
        "stamp": {
          "sec": 1769612343,
          "nanosec": 125873720,
          "stamp_ns": 1769612343125873720
        },
        "R": [
          [
            0.999990587692,
            -0.001720602596,
            0.003982970429
          ],
          [
            -0.001695814461,
            -0.999979226626,
            -0.006218563384
          ],
          [
            0.003993587366,
            0.006211750474,
            -0.999972732336
          ]
        ],
        "t": [
          0.15171909164029154,
          0.3897227891632267,
          0.30391341540438077
        ]
      }
    }
  }
}