{
  "note": "Per-image joint positions and camera pose at capture time.",
  "prompt": "yellow object .",
  "created_at": "2026-01-22T14:37:21.871380",
  "joint_names": [
    "shoulder_lift_joint",
    "elbow_joint",
    "wrist_1_joint",
    "wrist_2_joint",
    "wrist_3_joint",
    "shoulder_pan_joint"
  ],
  "shots": {
    "image_1": {
      "image_file": "pose_1_image.png",
      "image_stamp_ns": 1769089055285314392,
      "joint_stamp_ns": 1769089055485610717,
      "position": [
        -1.2317495507052918,
        1.662454907094137,
        -2.001402040521139,
        -1.5708673636065882,
        -0.6956990400897425,
        0.8751591444015503
      ],
      "camera_pose": {
        "parent_frame": "base_link",
        "child_frame": "camera_optical",
        "stamp": {
          "sec": 1769089055,
          "nanosec": 285314392,
          "stamp_ns": 1769089055285314392
        },
        "R": [
          [
            -0.002113488724,
            -0.999977749789,
            -0.006327170955
          ],
          [
            -0.999989197965,
            0.002139621018,
            -0.00412625443
          ],
          [
            0.004139700368,
            0.006318381817,
            -0.999971470059
          ]
        ],
        "t": [
          0.28052236691753213,
          0.6032044470035135,
          0.3038578248607212
        ]
      }
    },
    "image_2": {
      "image_file": "pose_2_image.png",
      "image_stamp_ns": 1769089058085323274,
      "joint_stamp_ns": 1769089058335609747,
      "position": [
        -1.2713095110705872,
        1.7168062368976038,
        -2.0162555179991664,
        -1.570763889943258,
        -0.9741604963885706,
        0.9108108282089233
      ],
      "camera_pose": {
        "parent_frame": "base_link",
        "child_frame": "camera_optical",
        "stamp": {
          "sec": 1769089058,
          "nanosec": 85323274,
          "stamp_ns": 1769089058085323274
        },
        "R": [
          [
            0.307145357559,
            -0.951650482143,
            -0.004805118789
          ],
          [
            -0.951653592965,
            -0.307116547345,
            -0.005904688362
          ],
          [
            0.004143468034,
            0.006386406178,
            -0.999971022325
          ]
        ],
        "t": [
          0.23138330465841295,
          0.5954065284515065,
          0.3038268616780407
        ]
      }
    },
    "image_3": {
      "image_file": "pose_3_image.png",
      "image_stamp_ns": 1769089061085414697,
      "joint_stamp_ns": 1769089061235609193,
      "position": [
        -1.3249302965453644,
        1.787823502217428,
        -2.033689161340231,
        -1.570793930684225,
        -1.2642162481891077,
        0.9349085092544556
      ],
      "camera_pose": {
        "parent_frame": "base_link",
        "child_frame": "camera_optical",
        "stamp": {
          "sec": 1769089061,
          "nanosec": 85414697,
          "stamp_ns": 1769089061085414697
        },
        "R": [
          [
            0.586069112153,
            -0.810256399322,
            -0.002750115955
          ],
          [
            -0.810250820738,
            -0.586041257025,
            -0.007018016712
          ],
          [
            0.00407471154,
            0.006341326533,
            -0.999971591748
          ]
        ],
        "t": [
          0.18704415968566884,
          0.5728138343651931,
          0.30383154849332134
        ]
      }
    },
    "image_4": {
      "image_file": "pose_4_image.png",
      "image_stamp_ns": 1769089063885367145,
      "joint_stamp_ns": 1769089064085607569,
      "position": [
        -1.3893776547959824,
        1.8689726034747522,
        -2.0502811870970667,
        -1.5708091894732874,
        -1.5694835821734827,
        0.9438538551330566
      ],
      "camera_pose": {
        "parent_frame": "base_link",
        "child_frame": "camera_optical",
        "stamp": {
          "sec": 1769089063,
          "nanosec": 885367145,
          "stamp_ns": 1769089063885367145
        },
        "R": [
          [
            0.807778059882,
            -0.589486485181,
            -0.000538296186
          ],
          [
            -0.589473172195,
            -0.807752949979,
            -0.007520044112
          ],
          [
            0.00399815404,
            0.006391837804,
            -0.999971579183
          ]
        ],
        "t": [
          0.15182277272307146,
          0.5375910311488183,
          0.30384422862791655
        ]
      }
    },
    "image_5": {
      "image_file": "pose_5_image.png",
      "image_stamp_ns": 1769089066885378983,
      "joint_stamp_ns": 1769089066985599361,
      "position": [
        -1.4604767125895997,
        1.9526522795306605,
        -2.0629474125304164,
        -1.5707953611956995,
        -1.8935073057757776,
        0.933998703956604
      ],
      "camera_pose": {
        "parent_frame": "base_link",
        "child_frame": "camera_optical",
        "stamp": {
          "sec": 1769089066,
          "nanosec": 885378983,
          "stamp_ns": 1769089066885378983
        },
        "R": [
          [
            0.950424131352,
            -0.310950980652,
            0.001859616753
          ],
          [
            -0.310930663096,
            -0.950405193594,
            -0.007217391231
          ],
          [
            0.004011644301,
            0.006281370922,
            -0.999972225159
          ]
        ],
        "t": [
          0.12914778531347085,
          0.49322443314640546,
          0.303888270694348
        ]
      }
    },
    "image_6": {
      "image_file": "pose_6_image.png",
      "image_stamp_ns": 1769089069685361237,
      "joint_stamp_ns": 1769089069835609033,
      "position": [
        -1.5323737126639863,
        2.0310967604266565,
        -2.06950106243276,
        -1.5708068052874964,
        -2.2388933340655726,
        0.9028017520904541
      ],
      "camera_pose": {
        "parent_frame": "base_link",
        "child_frame": "camera_optical",
        "stamp": {
          "sec": 1769089069,
          "nanosec": 685361237,
          "stamp_ns": 1769089069685361237
        },
        "R": [
          [
            0.999990209021,
            -0.002003899818,
            0.003945408518
          ],
          [
            -0.001979122432,
            -0.999978359914,
            -0.006273976307
          ],
          [
            0.003957895559,
            0.006266106432,
            -0.999972535109
          ]
        ],
        "t": [
          0.12136804423839517,
          0.4440406253622223,
          0.3038945210698132
        ]
      }
    }
  }
}