{
  "note": "Per-image joint positions and camera pose at capture time.",
  "prompt": "yellow object.",
  "created_at": "2026-01-28T14:47:08.823601",
  "joint_names": [
    "shoulder_lift_joint",
    "elbow_joint",
    "wrist_1_joint",
    "wrist_2_joint",
    "wrist_3_joint",
    "shoulder_pan_joint"
  ],
  "shots": {
    "image_1": {
      "image_file": "pose_1_image.png",
      "image_stamp_ns": 1769608042045893913,
      "joint_stamp_ns": 1769608042230485744,
      "position": [
        -0.8921688956073304,
        1.1336281935321253,
        -1.8121820888915003,
        -1.5708072821246546,
        -0.8780706564532679,
        0.6927903890609741
      ],
      "camera_pose": {
        "parent_frame": "base_link",
        "child_frame": "camera_optical",
        "stamp": {
          "sec": 1769608042,
          "nanosec": 45893913,
          "stamp_ns": 1769608042045893913
        },
        "R": [
          [
            -0.002120335427,
            -0.999978027115,
            -0.006280880842
          ],
          [
            -0.999989237508,
            0.002146194516,
            -0.004113236879
          ],
          [
            0.004126626492,
            0.006272091802,
            -0.999971815512
          ]
        ],
        "t": [
          0.48986349059045636,
          0.6390260798138523,
          0.3038714636023065
        ]
      }
    },
    "image_2": {
      "image_file": "pose_2_image.png",
      "image_stamp_ns": 1769608045045926384,
      "joint_stamp_ns": 1769608045128489877,
      "position": [
        -0.9505981367877503,
        1.2316516081439417,
        -1.8517962894835414,
        -1.570836369191305,
        -1.1701272169696253,
        0.7148271799087524
      ],
      "camera_pose": {
        "parent_frame": "base_link",
        "child_frame": "camera_optical",
        "stamp": {
          "sec": 1769608045,
          "nanosec": 45926384,
          "stamp_ns": 1769608045045926384
        },
        "R": [
          [
            0.306933182837,
            -0.951719063495,
            -0.004779691772
          ],
          [
            -0.95172223224,
            -0.306904825972,
            -0.005849825332
          ],
          [
            0.004100479815,
            0.006344444431,
            -0.999971466638
          ]
        ],
        "t": [
          0.44076265915566676,
          0.6312013610591567,
          0.3037980209843075
        ]
      }
    },
    "image_3": {
      "image_file": "pose_3_image.png",
      "image_stamp_ns": 1769608047845926486,
      "joint_stamp_ns": 1769608047980437938,
      "position": [
        -1.0181571406177063,
        1.3416631857501429,
        -1.894233842889303,
        -1.5707762877093714,
        -1.4734085241900843,
        0.7257444858551025
      ],
      "camera_pose": {
        "parent_frame": "base_link",
        "child_frame": "camera_optical",
        "stamp": {
          "sec": 1769608047,
          "nanosec": 845926486,
          "stamp_ns": 1769608047845926486
        },
        "R": [
          [
            0.586045045962,
            -0.810273693041,
            -0.002783247919
          ],
          [
            -0.810268515951,
            -0.586017358222,
            -0.006970503606
          ],
          [
            0.004016984107,
            0.006340207267,
            -0.999971832409
          ]
        ],
        "t": [
          0.39638128117346105,
          0.6085936604569044,
          0.30382586672080697
        ]
      }
    },
    "image_4": {
      "image_file": "pose_4_image.png",
      "image_stamp_ns": 1769608050645942082,
      "joint_stamp_ns": 1769608050880441024,
      "position": [
        -1.0892132085612793,
        1.453186337147848,
        -1.9346991978087367,
        -1.5708368460284632,
        -1.790382210408346,
        0.7229393720626831
      ],
      "camera_pose": {
        "parent_frame": "base_link",
        "child_frame": "camera_optical",
        "stamp": {
          "sec": 1769608050,
          "nanosec": 645942082,
          "stamp_ns": 1769608050645942082
        },
        "R": [
          [
            0.807880459336,
            -0.589346175911,
            -0.000498359487
          ],
          [
            -0.589332703374,
            -0.807855651129,
            -0.007497444465
          ],
          [
            0.004015987697,
            0.006350738422,
            -0.999971769584
          ]
        ],
        "t": [
          0.36111334091841585,
          0.573389733286829,
          0.30383755098396575
        ]
      }
    },
    "image_5": {
      "image_file": "pose_5_image.png",
      "image_stamp_ns": 1769608053645955561,
      "joint_stamp_ns": 1769608053780490742,
      "position": [
        -1.158028469686844,
        1.5567224661456507,
        -1.9693638286986292,
        -1.5708401838885706,
        -2.1226986090289515,
        0.7047780752182007
      ],
      "camera_pose": {
        "parent_frame": "base_link",
        "child_frame": "camera_optical",
        "stamp": {
          "sec": 1769608053,
          "nanosec": 645955561,
          "stamp_ns": 1769608053645955561
        },
        "R": [
          [
            0.950429479919,
            -0.310935364404,
            0.001732877137
          ],
          [
            -0.310915575914,
            -0.950409601615,
            -0.007286550114
          ],
          [
            0.003912589184,
            0.006386573542,
            -0.999971951269
          ]
        ],
        "t": [
          0.3384759502986202,
          0.5290488756455528,
          0.30380206221241374
        ]
      }
    },
    "image_6": {
      "image_file": "pose_6_image.png",
      "image_stamp_ns": 1769608056446047836,
      "joint_stamp_ns": 1769608056630443170,
      "position": [
        -1.2181661886027833,
        1.6433351675616663,
        -1.99591126064443,
        -1.5707600752459925,
        -2.47053033510317,
        0.6711618900299072
      ],
      "camera_pose": {
        "parent_frame": "base_link",
        "child_frame": "camera_optical",
        "stamp": {
          "sec": 1769608056,
          "nanosec": 446047836,
          "stamp_ns": 1769608056446047836
        },
        "R": [
          [
            0.999990382811,
            -0.002045973904,
            0.003879210854
          ],
          [
            -0.002021501969,
            -0.999978099279,
            -0.006301943487
          ],
          [
            0.003892019508,
            0.006294041047,
            -0.999972618241
          ]
        ],
        "t": [
          0.3307282023580133,
          0.4798473476185109,
          0.3038399941154093
        ]
      }
    }
  }
}