[
  {
    "index": 0,
    "file": "pose_1_image.png",
    "cam_T_world": [
      [
        0.9999999888959793,
        -4.480068021428346e-05,
        9.537777577907637e-05,
        -1.9177757255973828e-05
      ],
      [
        4.48446997576396e-05,
        0.9999999447272788,
        -0.0002307849088459802,
        -7.155482254731147e-05
      ],
      [
        -9.5357086593699e-05,
        0.00023079345809613616,
        0.9999999972460503,
        0.00012300930900263878
      ],
      [
        0.0,
        0.0,
        0.0,
        1.0
      ]
    ],
    "K": [
      [
        489.89862060546875,
        0.0,
        259.0
      ],
      [
        0.0,
        494.5645446777344,
        259.0
      ],
      [
        0.0,
        0.0,
        1.0
      ]
    ],
    "image_size": [
      518,
      518
    ]
  },
  {
    "index": 1,
    "file": "pose_2_image.png",
    "cam_T_world": [
      [
        0.9533354874681704,
        0.26401969940126496,
        0.14805864507616148,
        -0.12469009849926102
      ],
      [
        -0.2635484783613801,
        0.964669516506841,
        -0.021460365511967158,
        0.005095743266281784
      ],
      [
        -0.14889568247018423,
        -0.018434918780516642,
        0.9887221341931289,
        0.0062975160778001695
      ],
      [
        0.0,
        0.0,
        0.0,
        1.0
      ]
    ],
    "K": [
      [
        494.5645446777344,
        0.0,
        259.0
      ],
      [
        0.0,
        496.9236755371094,
        259.0
      ],
      [
        0.0,
        0.0,
        1.0
      ]
    ],
    "image_size": [
      518,
      518
    ]
  },
  {
    "index": 2,
    "file": "pose_3_image.png",
    "cam_T_world": [
      [
        0.8162862237416939,
        0.5038720212417768,
        0.27833341231515746,
        -0.24132395151085873
      ],
      [
        -0.5004960815245204,
        0.8599645595989761,
        -0.09673097490541226,
        0.059001334076752086
      ],
      [
        -0.2865072211883799,
        -0.06000290340251427,
        0.9558557020432886,
        0.03647561467480422
      ],
      [
        0.0,
        0.0,
        0.0,
        1.0
      ]
    ],
    "K": [
      [
        492.2229309082031,
        0.0,
        259.0
      ],
      [
        0.0,
        494.5645446777344,
        259.0
      ],
      [
        0.0,
        0.0,
        1.0
      ]
    ],
    "image_size": [
      518,
      518
    ]
  },
  {
    "index": 3,
    "file": "pose_4_image.png",
    "cam_T_world": [
      [
        0.6008916772295423,
        0.7127066092497273,
        0.3621981664390973,
        -0.3126995212249496
      ],
      [
        -0.6980073060866655,
        0.6881981374831205,
        -0.19772862224495516,
        0.13417271481206797
      ],
      [
        -0.3916649484795503,
        -0.1333145847936368,
        0.9110622106391915,
        0.09021771162780583
      ],
      [
        0.0,
        0.0,
        0.0,
        1.0
      ]
    ],
    "K": [
      [
        483.0275573730469,
        0.0,
        259.0
      ],
      [
        0.0,
        483.0275573730469,
        259.0
      ],
      [
        0.0,
        0.0,
        1.0
      ]
    ],
    "image_size": [
      518,
      518
    ]
  },
  {
    "index": 4,
    "file": "pose_5_image.png",
    "cam_T_world": [
      [
        0.33304748269327655,
        0.8353967877881655,
        0.43424311033334145,
        -0.3659132124330409
      ],
      [
        -0.8151539676736695,
        0.4846274608121727,
        -0.31561721366172113,
        0.22192875963801015
      ],
      [
        -0.4745768528538283,
        -0.25120823410892024,
        0.8443457949730098,
        0.16647353882688481
      ],
      [
        0.0,
        0.0,
        0.0,
        1.0
      ]
    ],
    "K": [
      [
        469.72589111328125,
        0.0,
        259.0
      ],
      [
        0.0,
        469.72589111328125,
        259.0
      ],
      [
        0.0,
        0.0,
        1.0
      ]
    ],
    "image_size": [
      518,
      518
    ]
  },
  {
    "index": 5,
    "file": "pose_6_image.png",
    "cam_T_world": [
      [
        0.025775102379719292,
        0.8981923778990992,
        0.4426708295486543,
        -0.38788866239319963
      ],
      [
        -0.8687747495487397,
        0.23560851041259268,
        -0.43242747821467953,
        0.32254785319376666
      ],
      [
        -0.49183407646209,
        -0.37522461937649615,
        0.7859117644456793,
        0.19638620897285702
      ],
      [
        0.0,
        0.0,
        0.0,
        1.0
      ]
    ],
    "K": [
      [
        469.72589111328125,
        0.0,
        259.0
      ],
      [
        0.0,
        474.0963134765625,
        259.0
      ],
      [
        0.0,
        0.0,
        1.0
      ]
    ],
    "image_size": [
      518,
      518
    ]
  }
]