[
  {
    "index": 0,
    "file": "pose_1_image.png",
    "cam_T_world": [
      [
        0.9999999795982111,
        -4.961217616703081e-05,
        0.00027846914985560817,
        5.014548025004306e-05
      ],
      [
        4.9569950145604237e-05,
        0.9999999917924925,
        7.583091593969147e-05,
        -0.00020406545140129288
      ],
      [
        -0.000278476669558054,
        -7.580329640366403e-05,
        0.9999999763092507,
        0.00024223479830057934
      ],
      [
        0.0,
        0.0,
        0.0,
        1.0
      ]
    ],
    "K": [
      [
        448.7682800292969,
        0.0,
        259.0
      ],
      [
        0.0,
        448.7682800292969,
        259.0
      ],
      [
        0.0,
        0.0,
        1.0
      ]
    ],
    "image_size": [
      518,
      518
    ]
  },
  {
    "index": 1,
    "file": "pose_2_image.png",
    "cam_T_world": [
      [
        0.9508301326409394,
        0.27169880638643745,
        0.14776869927587688,
        -0.16610052815094364
      ],
      [
        -0.270968854709665,
        0.962111324742664,
        -0.02311251262475458,
        0.011705663170768705
      ],
      [
        -0.14910291551976793,
        -0.018437460423955856,
        0.9886455439500474,
        0.0064526566317998435
      ],
      [
        0.0,
        0.0,
        0.0,
        1.0
      ]
    ],
    "K": [
      [
        448.7682800292969,
        0.0,
        259.0
      ],
      [
        0.0,
        452.84503173828125,
        259.0
      ],
      [
        0.0,
        0.0,
        1.0
      ]
    ],
    "image_size": [
      518,
      518
    ]
  },
  {
    "index": 2,
    "file": "pose_3_image.png",
    "cam_T_world": [
      [
        0.813127665376619,
        0.5064566001887706,
        0.28330340135056065,
        -0.3332212424969061
      ],
      [
        -0.506009414986472,
        0.8584063496362525,
        -0.09306914818239244,
        0.07897153807585695
      ],
      [
        -0.29010803634372545,
        -0.06610096388117993,
        0.954587249508919,
        0.019396279041517587
      ],
      [
        0.0,
        0.0,
        0.0,
        1.0
      ]
    ],
    "K": [
      [
        456.9778747558594,
        0.0,
        259.0
      ],
      [
        0.0,
        461.1679992675781,
        259.0
      ],
      [
        0.0,
        0.0,
        1.0
      ]
    ],
    "image_size": [
      518,
      518
    ]
  },
  {
    "index": 3,
    "file": "pose_4_image.png",
    "cam_T_world": [
      [
        0.5934735520454545,
        0.7068764378999249,
        0.38737980740189537,
        -0.4549882318318515
      ],
      [
        -0.6980825818840648,
        0.6902432016725348,
        -0.19104098007128645,
        0.18306057672657433
      ],
      [
        -0.40132648529613935,
        -0.1571608024744032,
        0.9025209135475181,
        0.09051622130149978
      ],
      [
        0.0,
        0.0,
        0.0,
        1.0
      ]
    ],
    "K": [
      [
        452.84503173828125,
        0.0,
        259.0
      ],
      [
        0.0,
        456.9778747558594,
        259.0
      ],
      [
        0.0,
        0.0,
        1.0
      ]
    ],
    "image_size": [
      518,
      518
    ]
  },
  {
    "index": 4,
    "file": "pose_5_image.png",
    "cam_T_world": [
      [
        0.3138978414121117,
        0.8232249432633205,
        0.4687825143570431,
        -0.539154160570692
      ],
      [
        -0.8138020500204692,
        0.48677057347457664,
        -0.31052287977483,
        0.310733604813525
      ],
      [
        -0.48280103977490146,
        -0.28647766093327043,
        0.8266981101037675,
        0.18788288318627197
      ],
      [
        0.0,
        0.0,
        0.0,
        1.0
      ]
    ],
    "K": [
      [
        448.7682800292969,
        0.0,
        259.0
      ],
      [
        0.0,
        452.84503173828125,
        259.0
      ],
      [
        0.0,
        0.0,
        1.0
      ]
    ],
    "image_size": [
      518,
      518
    ]
  },
  {
    "index": 5,
    "file": "pose_6_image.png",
    "cam_T_world": [
      [
        0.011983203155664809,
        0.8725022942171173,
        0.48717325937302836,
        -0.5555078720498458
      ],
      [
        -0.8604201570497853,
        0.2538666122648529,
        -0.43563938070280084,
        0.447850517005605
      ],
      [
        -0.5025166266786155,
        -0.4145359840594096,
        0.7577090035775763,
        0.28542035743372796
      ],
      [
        0.0,
        0.0,
        0.0,
        1.0
      ]
    ],
    "K": [
      [
        432.9974365234375,
        0.0,
        259.0
      ],
      [
        0.0,
        436.8620910644531,
        259.0
      ],
      [
        0.0,
        0.0,
        1.0
      ]
    ],
    "image_size": [
      518,
      518
    ]
  }
]