{
  "note": "Per-image joint positions and camera pose at capture time.",
  "prompt": "blue object.",
  "created_at": "2026-01-28T15:28:50.463935",
  "joint_names": [
    "shoulder_lift_joint",
    "elbow_joint",
    "wrist_1_joint",
    "wrist_2_joint",
    "wrist_3_joint",
    "shoulder_pan_joint"
  ],
  "shots": {
    "image_1": {
      "image_file": "pose_1_image.png",
      "image_stamp_ns": 1769610543713300195,
      "joint_stamp_ns": 1769610543922442536,
      "position": [
        -0.9406036895564576,
        1.2150128523456019,
        -1.8451415501036585,
        -1.5707877318011683,
        -0.9504583517657679,
        0.6203597187995911
      ],
      "camera_pose": {
        "parent_frame": "base_link",
        "child_frame": "camera_optical",
        "stamp": {
          "sec": 1769610543,
          "nanosec": 713300195,
          "stamp_ns": 1769610543713300195
        },
        "R": [
          [
            -0.002178569449,
            -0.999978112445,
            -0.006247276744
          ],
          [
            -0.999989306287,
            0.002203993797,
            -0.004065676274
          ],
          [
            0.004079356246,
            0.006238352579,
            -0.999972220519
          ]
        ],
        "t": [
          0.5145669258954273,
          0.5906869467034532,
          0.3039044136724439
        ]
      }
    },
    "image_2": {
      "image_file": "pose_2_image.png",
      "image_stamp_ns": 1769610546513298854,
      "joint_stamp_ns": 1769610546772444704,
      "position": [
        -1.0000978273204346,
        1.3126776854144495,
        -1.883245130578512,
        -1.570793930684225,
        -1.2446673552142542,
        0.6403006315231323
      ],
      "camera_pose": {
        "parent_frame": "base_link",
        "child_frame": "camera_optical",
        "stamp": {
          "sec": 1769610546,
          "nanosec": 513298854,
          "stamp_ns": 1769610546513298854
        },
        "R": [
          [
            0.307185633616,
            -0.95163753462,
            -0.004794705688
          ],
          [
            -0.95164096155,
            -0.307157458152,
            -0.005811729618
          ],
          [
            0.004057930434,
            0.006348118177,
            -0.999971616895
          ]
        ],
        "t": [
          0.4653762250194278,
          0.5828454757342002,
          0.30384526786591814
        ]
      }
    },
    "image_3": {
      "image_file": "pose_3_image.png",
      "image_stamp_ns": 1769610549513343549,
      "joint_stamp_ns": 1769610549622437851,
      "position": [
        -1.0677338999560853,
        1.4199631849872034,
        -1.9229117832579554,
        -1.5708263556109827,
        -1.5509937445269983,
        0.6481282711029053
      ],
      "camera_pose": {
        "parent_frame": "base_link",
        "child_frame": "camera_optical",
        "stamp": {
          "sec": 1769610549,
          "nanosec": 513343549,
          "stamp_ns": 1769610549513343549
        },
        "R": [
          [
            0.58605858657,
            -0.810263944882,
            -0.002769969846
          ],
          [
            -0.810258611237,
            -0.586030837593,
            -0.006988583994
          ],
          [
            0.004039309887,
            0.006340111578,
            -0.999971743081
          ]
        ],
        "t": [
          0.421031038492289,
          0.5602553532030597,
          0.303837884423314
        ]
      }
    },
    "image_4": {
      "image_file": "pose_4_image.png",
      "image_stamp_ns": 1769610552313341367,
      "joint_stamp_ns": 1769610552472487008,
      "position": [
        -1.1379749339869996,
        1.5269907156573694,
        -1.959728857079977,
        -1.570770565663473,
        -1.8718131224261683,
        0.6414933204650879
      ],
      "camera_pose": {
        "parent_frame": "base_link",
        "child_frame": "camera_optical",
        "stamp": {
          "sec": 1769610552,
          "nanosec": 313341367,
          "stamp_ns": 1769610552313341367
        },
        "R": [
          [
            0.807823720042,
            -0.589423876656,
            -0.000575295838
          ],
          [
            -0.589410722571,
            -0.807798332528,
            -0.007540164697
          ],
          [
            0.003979630087,
            0.006430209431,
            -0.999971407067
          ]
        ],
        "t": [
          0.3857976221976319,
          0.525062530320579,
          0.3037786871184482
        ]
      }
    },
    "image_5": {
      "image_file": "pose_5_image.png",
      "image_stamp_ns": 1769610555113352355,
      "joint_stamp_ns": 1769610555372434011,
      "position": [
        -1.2048911613276978,
        1.6245582739459437,
        -1.9903880558409632,
        -1.570810619984762,
        -2.2086084524737757,
        0.6188904047012329
      ],
      "camera_pose": {
        "parent_frame": "base_link",
        "child_frame": "camera_optical",
        "stamp": {
          "sec": 1769610555,
          "nanosec": 113352355,
          "stamp_ns": 1769610555113352355
        },
        "R": [
          [
            0.950450232166,
            -0.310871570454,
            0.001795232506
          ],
          [
            -0.31085164352,
            -0.950431010819,
            -0.007221453751
          ],
          [
            0.003951189314,
            0.006305581419,
            -0.99997231349
          ]
        ],
        "t": [
          0.3631554911515022,
          0.4806750803064114,
          0.3038629605869927
        ]
      }
    },
    "image_6": {
      "image_file": "pose_6_image.png",
      "image_stamp_ns": 1769610558113360886,
      "joint_stamp_ns": 1769610558194448228,
      "position": [
        -1.2618935269168396,
        1.70410663286318,
        -2.0129033527769984,
        -1.5707948843585413,
        -2.5609269777881067,
        0.5807703137397766
      ],
      "camera_pose": {
        "parent_frame": "base_link",
        "child_frame": "camera_optical",
        "stamp": {
          "sec": 1769610558,
          "nanosec": 113360886,
          "stamp_ns": 1769610558113360886
        },
        "R": [
          [
            0.99999035814,
            -0.002046986949,
            0.00388503171
          ],
          [
            -0.002022471675,
            -0.999978086502,
            -0.006303659612
          ],
          [
            0.003897850085,
            0.006295741467,
            -0.999972584826
          ]
        ],
        "t": [
          0.3554163645428132,
          0.43150376517919276,
          0.303844012728779
        ]
      }
    }
  }
}