{
  "note": "Per-image joint positions and camera pose at capture time.",
  "prompt": "yellow object.",
  "created_at": "2026-01-29T16:29:04.384491",
  "joint_names": [
    "shoulder_lift_joint",
    "elbow_joint",
    "wrist_1_joint",
    "wrist_2_joint",
    "wrist_3_joint",
    "shoulder_pan_joint"
  ],
  "shots": {
    "image_1": {
      "image_file": "pose_1_image.png",
      "image_stamp_ns": 1769700557794539954,
      "joint_stamp_ns": 1769700558004068201,
      "position": [
        -1.2322605413249512,
        1.6630786100970667,
        -2.0015698872008265,
        -1.5707867781268519,
        -1.0894721190081995,
        0.4813724160194397
      ],
      "camera_pose": {
        "parent_frame": "base_link",
        "child_frame": "camera_optical",
        "stamp": {
          "sec": 1769700557,
          "nanosec": 794539954,
          "stamp_ns": 1769700557794539954
        },
        "R": [
          [
            -0.002152055297,
            -0.999978385619,
            -0.006212644617
          ],
          [
            -0.999989602668,
            0.002176973494,
            -0.004006911858
          ],
          [
            0.004020350014,
            0.006203956926,
            -0.999972673479
          ]
        ],
        "t": [
          0.4676153633477488,
          0.4538412771476024,
          0.3039164208072588
        ]
      }
    },
    "image_2": {
      "image_file": "pose_2_image.png",
      "image_stamp_ns": 1769700560594625737,
      "joint_stamp_ns": 1769700560854070508,
      "position": [
        -1.2614881557277222,
        1.703468147908346,
        -2.0127626858153285,
        -1.5707553068744105,
        -1.3950608412372034,
        0.489915668964386
      ],
      "camera_pose": {
        "parent_frame": "base_link",
        "child_frame": "camera_optical",
        "stamp": {
          "sec": 1769700560,
          "nanosec": 594625737,
          "stamp_ns": 1769700560594625737
        },
        "R": [
          [
            0.307115370487,
            -0.951660254089,
            -0.004786438956
          ],
          [
            -0.951663766269,
            -0.30708744725,
            -0.005777171611
          ],
          [
            0.004028049283,
            0.006329338724,
            -0.999971856749
          ]
        ],
        "t": [
          0.4339241946929462,
          0.4484896929817151,
          0.303861795085985
        ]
      }
    },
    "image_3": {
      "image_file": "pose_3_image.png",
      "image_stamp_ns": 1769700563594662187,
      "joint_stamp_ns": 1769700563704072374,
      "position": [
        -1.2949195367148896,
        1.748535458241598,
        -2.0243259869017542,
        -1.5708263556109827,
        -1.708710018788473,
        0.490415096282959
      ],
      "camera_pose": {
        "parent_frame": "base_link",
        "child_frame": "camera_optical",
        "stamp": {
          "sec": 1769700563,
          "nanosec": 594662187,
          "stamp_ns": 1769700563594662187
        },
        "R": [
          [
            0.586086110284,
            -0.810244108786,
            -0.002748728871
          ],
          [
            -0.810239042183,
            -0.586059075619,
            -0.006888715975
          ],
          [
            0.003970624035,
            0.006264508198,
            -0.999972494663
          ]
        ],
        "t": [
          0.4034909758578633,
          0.4330049166480919,
          0.30387333693678087
        ]
      }
    },
    "image_4": {
      "image_file": "pose_4_image.png",
      "image_stamp_ns": 1769700566394624646,
      "joint_stamp_ns": 1769700566554069358,
      "position": [
        -1.3294812005809327,
        1.7937567869769495,
        -2.0350195370116175,
        -1.570770565663473,
        -2.0310896078692835,
        0.48220324516296387
      ],
      "camera_pose": {
        "parent_frame": "base_link",
        "child_frame": "camera_optical",
        "stamp": {
          "sec": 1769700566,
          "nanosec": 394624646,
          "stamp_ns": 1769700566394624646
        },
        "R": [
          [
            0.807795172405,
            -0.58946307484,
            -0.000492786494
          ],
          [
            -0.58944980625,
            -0.807770772161,
            -0.007436770457
          ],
          [
            0.003985643053,
            0.006297860177,
            -0.999972225418
          ]
        ],
        "t": [
          0.37931920045306633,
          0.4088431475656472,
          0.30387489843788146
        ]
      }
    },
    "image_5": {
      "image_file": "pose_5_image.png",
      "image_stamp_ns": 1769700569194706694,
      "joint_stamp_ns": 1769700569404068051,
      "position": [
        -1.3617385190776368,
        1.8347051779376429,
        -2.043764730493063,
        -1.5708144346820276,
        -2.362084929143087,
        0.4653908312320709
      ],
      "camera_pose": {
        "parent_frame": "base_link",
        "child_frame": "camera_optical",
        "stamp": {
          "sec": 1769700569,
          "nanosec": 194706694,
          "stamp_ns": 1769700569194706694
        },
        "R": [
          [
            0.95042752862,
            -0.310940828594,
            0.001820427027
          ],
          [
            -0.310920889795,
            -0.950408643172,
            -0.007184098613
          ],
          [
            0.003963979156,
            0.006261956299,
            -0.999972537009
          ]
        ],
        "t": [
          0.3638230476100399,
          0.378423578659726,
          0.30388137252012304
        ]
      }
    },
    "image_6": {
      "image_file": "pose_6_image.png",
      "image_stamp_ns": 1769700571994700366,
      "joint_stamp_ns": 1769700572254071851,
      "position": [
        -1.3882759374431153,
        1.8675249258624476,
        -2.050065656701559,
        -1.5708382765399378,
        -2.7003899256335657,
        0.44127610325813293
      ],
      "camera_pose": {
        "parent_frame": "base_link",
        "child_frame": "camera_optical",
        "stamp": {
          "sec": 1769700571,
          "nanosec": 994700366,
          "stamp_ns": 1769700571994700366
        },
        "R": [
          [
            0.999990725156,
            -0.0018107151,
            0.003907801425
          ],
          [
            -0.001786142859,
            -0.999978670643,
            -0.006282352494
          ],
          [
            0.003919093624,
            0.006275314335,
            -0.999972630193
          ]
        ],
        "t": [
          0.35845908222307954,
          0.34467710032798915,
          0.30387114449366254
        ]
      }
    }
  }
}