[
  {
    "index": 0,
    "file": "pose_1_image.png",
    "cam_T_world": [
      [
        0.9999999860453956,
        -9.679526178673812e-05,
        6.771470643290255e-05,
        4.795236367171875e-06
      ],
      [
        9.680062143893245e-05,
        0.9999999890637812,
        -3.9570929243111375e-05,
        -0.00016213069907044855
      ],
      [
        -6.770704439490639e-05,
        3.958403779004457e-05,
        0.99999999384886,
        0.00016497891532345438
      ],
      [
        0.0,
        0.0,
        0.0,
        1.0
      ]
    ],
    "K": [
      [
        456.9778747558594,
        0.0,
        259.0
      ],
      [
        0.0,
        461.1679992675781,
        259.0
      ],
      [
        0.0,
        0.0,
        1.0
      ]
    ],
    "image_size": [
      518,
      518
    ]
  },
  {
    "index": 1,
    "file": "pose_2_image.png",
    "cam_T_world": [
      [
        0.9525044824159918,
        0.2683721565400863,
        0.14693909471615502,
        -0.15417257835690135
      ],
      [
        -0.2667496113651684,
        0.9635110046071967,
        -0.02551650672424011,
        0.015824438478725042
      ],
      [
        -0.14793053816733606,
        -0.01476924154018882,
        0.9888732930896044,
        0.00910057827925734
      ],
      [
        0.0,
        0.0,
        0.0,
        1.0
      ]
    ],
    "K": [
      [
        456.9778747558594,
        0.0,
        259.0
      ],
      [
        0.0,
        456.9778747558594,
        259.0
      ],
      [
        0.0,
        0.0,
        1.0
      ]
    ],
    "image_size": [
      518,
      518
    ]
  },
  {
    "index": 2,
    "file": "pose_3_image.png",
    "cam_T_world": [
      [
        0.8100482383894706,
        0.5112294862321604,
        0.2911515080582443,
        -0.31678952812660494
      ],
      [
        -0.5080480829984735,
        0.8571635494822446,
        -0.08701467429332835,
        0.0706182730881569
      ],
      [
        -0.2927839152729068,
        -0.07708831318315079,
        0.9530757864173499,
        0.02899297492463723
      ],
      [
        0.0,
        0.0,
        0.0,
        1.0
      ]
    ],
    "K": [
      [
        465.41693115234375,
        0.0,
        259.0
      ],
      [
        0.0,
        465.41693115234375,
        259.0
      ],
      [
        0.0,
        0.0,
        1.0
      ]
    ],
    "image_size": [
      518,
      518
    ]
  },
  {
    "index": 3,
    "file": "pose_4_image.png",
    "cam_T_world": [
      [
        0.5825189083726507,
        0.708261949527845,
        0.39857791137859844,
        -0.4351896087367242
      ],
      [
        -0.6997198877005663,
        0.6854721879995984,
        -0.1970262739067503,
        0.17425769714773565
      ],
      [
        -0.4113655742521952,
        -0.16443211877431047,
        0.895414396082796,
        0.09283953906664703
      ],
      [
        0.0,
        0.0,
        0.0,
        1.0
      ]
    ],
    "K": [
      [
        465.41693115234375,
        0.0,
        259.0
      ],
      [
        0.0,
        465.41693115234375,
        259.0
      ],
      [
        0.0,
        0.0,
        1.0
      ]
    ],
    "image_size": [
      518,
      518
    ]
  },
  {
    "index": 4,
    "file": "pose_5_image.png",
    "cam_T_world": [
      [
        0.3072320306285856,
        0.8353602870035624,
        0.4520921389590794,
        -0.4920020172830529
      ],
      [
        -0.8231824244008707,
        0.4732367882951776,
        -0.3156497772292044,
        0.2931174750301452
      ],
      [
        -0.47821606846243675,
        -0.276648181520504,
        0.8338057382169528,
        0.1761864732420924
      ],
      [
        0.0,
        0.0,
        0.0,
        1.0
      ]
    ],
    "K": [
      [
        448.7682800292969,
        0.0,
        259.0
      ],
      [
        0.0,
        452.84503173828125,
        259.0
      ],
      [
        0.0,
        0.0,
        1.0
      ]
    ],
    "image_size": [
      518,
      518
    ]
  },
  {
    "index": 5,
    "file": "pose_6_image.png",
    "cam_T_world": [
      [
        0.0009619303293878755,
        0.8801276386628898,
        0.47874723907006755,
        -0.5260206783026822
      ],
      [
        -0.8582837769282942,
        0.24464299235974488,
        -0.44878397185985874,
        0.42790192727037696
      ],
      [
        -0.5112419215299341,
        -0.41222856457916923,
        0.7529335668877803,
        0.26615348641999337
      ],
      [
        0.0,
        0.0,
        0.0,
        1.0
      ]
    ],
    "K": [
      [
        440.77801513671875,
        0.0,
        259.0
      ],
      [
        0.0,
        444.746337890625,
        259.0
      ],
      [
        0.0,
        0.0,
        1.0
      ]
    ],
    "image_size": [
      518,
      518
    ]
  }
]