[
  {
    "index": 0,
    "file": "pose_1_image.png",
    "cam_T_world": [
      [
        0.9999999864548955,
        9.729013504489336e-05,
        -6.387280079888986e-05,
        -4.436137501812451e-05
      ],
      [
        -9.725942322633256e-05,
        0.9999999923857071,
        0.000240332154734911,
        3.464605832589124e-05
      ],
      [
        6.391955610475854e-05,
        -0.00024031972376073162,
        0.9999999977653686,
        0.000295627894838256
      ],
      [
        0.0,
        0.0,
        0.0,
        1.0
      ]
    ],
    "K": [
      [
        456.9778747558594,
        0.0,
        259.0
      ],
      [
        0.0,
        461.1679992675781,
        259.0
      ],
      [
        0.0,
        0.0,
        1.0
      ]
    ],
    "image_size": [
      518,
      518
    ]
  },
  {
    "index": 1,
    "file": "pose_2_image.png",
    "cam_T_world": [
      [
        0.9496001872384492,
        0.26762916531351266,
        0.16282742772659553,
        -0.1734428142404864
      ],
      [
        -0.2708002376679836,
        0.9626388509705084,
        -0.012803143685666023,
        0.0022988944689289145
      ],
      [
        -0.15949479900060068,
        -0.031757349876384365,
        0.9867112488469382,
        -0.0015349352863757275
      ],
      [
        0.0,
        0.0,
        0.0,
        1.0
      ]
    ],
    "K": [
      [
        465.41693115234375,
        0.0,
        259.0
      ],
      [
        0.0,
        469.72589111328125,
        259.0
      ],
      [
        0.0,
        0.0,
        1.0
      ]
    ],
    "image_size": [
      518,
      518
    ]
  },
  {
    "index": 2,
    "file": "pose_3_image.png",
    "cam_T_world": [
      [
        0.8080327025070182,
        0.5082329649434757,
        0.30087693666521503,
        -0.32659776100305926
      ],
      [
        -0.5099905616406649,
        0.8572803532088197,
        -0.08204598846496695,
        0.06352612209940726
      ],
      [
        -0.2978901709673402,
        -0.0867839031948183,
        0.9504918942813638,
        0.030134830127168197
      ],
      [
        0.0,
        0.0,
        0.0,
        1.0
      ]
    ],
    "K": [
      [
        469.72589111328125,
        0.0,
        259.0
      ],
      [
        0.0,
        474.0963134765625,
        259.0
      ],
      [
        0.0,
        0.0,
        1.0
      ]
    ],
    "image_size": [
      518,
      518
    ]
  },
  {
    "index": 3,
    "file": "pose_4_image.png",
    "cam_T_world": [
      [
        0.5875851301695951,
        0.6975234263593562,
        0.4109638858081074,
        -0.4486324166801025
      ],
      [
        -0.699888780802597,
        0.6928144779621619,
        -0.1688398040775967,
        0.14964023704959584
      ],
      [
        -0.4012172914770272,
        -0.18919333895280485,
        0.895504620618522,
        0.09111225512843248
      ],
      [
        0.0,
        0.0,
        0.0,
        1.0
      ]
    ],
    "K": [
      [
        474.0963134765625,
        0.0,
        259.0
      ],
      [
        0.0,
        478.5296936035156,
        259.0
      ],
      [
        0.0,
        0.0,
        1.0
      ]
    ],
    "image_size": [
      518,
      518
    ]
  },
  {
    "index": 4,
    "file": "pose_5_image.png",
    "cam_T_world": [
      [
        0.3119226781794833,
        0.8141977727196535,
        0.48572280543024904,
        -0.5420167983646104
      ],
      [
        -0.8327262677521635,
        0.48234842451344745,
        -0.27291000574776897,
        0.26617357978665707
      ],
      [
        -0.45740480971107866,
        -0.320884361620033,
        0.8288330623459199,
        0.15257432738238547
      ],
      [
        0.0,
        0.0,
        0.0,
        1.0
      ]
    ],
    "K": [
      [
        480.7704772949219,
        0.0,
        259.0
      ],
      [
        0.0,
        483.0275573730469,
        259.0
      ],
      [
        0.0,
        0.0,
        1.0
      ]
    ],
    "image_size": [
      518,
      518
    ]
  },
  {
    "index": 5,
    "file": "pose_6_image.png",
    "cam_T_world": [
      [
        0.023898662021340496,
        0.8570057553147213,
        0.5142104790015234,
        -0.5665294916036598
      ],
      [
        -0.8777350307986453,
        0.26390746216890115,
        -0.40268448734483814,
        0.3943474560349777
      ],
      [
        -0.48203402721694144,
        -0.4384768841095007,
        0.7586255222428949,
        0.25417007609619535
      ],
      [
        0.0,
        0.0,
        0.0,
        1.0
      ]
    ],
    "K": [
      [
        465.41693115234375,
        0.0,
        259.0
      ],
      [
        0.0,
        469.72589111328125,
        259.0
      ],
      [
        0.0,
        0.0,
        1.0
      ]
    ],
    "image_size": [
      518,
      518
    ]
  }
]