[
  {
    "index": 0,
    "file": "pose_1_image.png",
    "cam_T_world": [
      [
        0.9999999961062258,
        -1.0486780333660398e-05,
        -6.15126132290194e-05,
        -3.12368965083788e-05
      ],
      [
        1.0494054472231423e-05,
        0.9999999963938535,
        5.9127161893754436e-05,
        -0.00018596103901194694
      ],
      [
        6.151137267825535e-05,
        -5.9128452466726725e-05,
        0.999999992720177,
        9.776069145640748e-05
      ],
      [
        0.0,
        0.0,
        0.0,
        1.0
      ]
    ],
    "K": [
      [
        461.1679992675781,
        0.0,
        259.0
      ],
      [
        0.0,
        461.1679992675781,
        259.0
      ],
      [
        0.0,
        0.0,
        1.0
      ]
    ],
    "image_size": [
      518,
      518
    ]
  },
  {
    "index": 1,
    "file": "pose_2_image.png",
    "cam_T_world": [
      [
        0.9530689545405596,
        0.2669505851534901,
        0.14617302282001757,
        -0.1597256358251065
      ],
      [
        -0.26441846365744615,
        0.9640363752891795,
        -0.02831916119502114,
        0.018890519343556685
      ],
      [
        -0.14878086691248188,
        -0.01169410881309626,
        0.9888886146834036,
        0.007163147259042111
      ],
      [
        0.0,
        0.0,
        0.0,
        1.0
      ]
    ],
    "K": [
      [
        461.1679992675781,
        0.0,
        259.0
      ],
      [
        0.0,
        461.1679992675781,
        259.0
      ],
      [
        0.0,
        0.0,
        1.0
      ]
    ],
    "image_size": [
      518,
      518
    ]
  },
  {
    "index": 2,
    "file": "pose_3_image.png",
    "cam_T_world": [
      [
        0.8097431749220059,
        0.5111380237426248,
        0.2882018313581597,
        -0.31795791091223474
      ],
      [
        -0.5078851635657834,
        0.8568658004299632,
        -0.09968273363810684,
        0.08381584530542745
      ],
      [
        -0.2995899068875889,
        -0.06567249387225169,
        0.9522328485882675,
        0.03781912284683965
      ],
      [
        0.0,
        0.0,
        0.0,
        1.0
      ]
    ],
    "K": [
      [
        465.41693115234375,
        0.0,
        259.0
      ],
      [
        0.0,
        465.41693115234375,
        259.0
      ],
      [
        0.0,
        0.0,
        1.0
      ]
    ],
    "image_size": [
      518,
      518
    ]
  },
  {
    "index": 3,
    "file": "pose_4_image.png",
    "cam_T_world": [
      [
        0.5917197794867199,
        0.7007836976103204,
        0.3962247395720008,
        -0.4419881305539786
      ],
      [
        -0.6938808872894459,
        0.6940530730111114,
        -0.19160558807478487,
        0.17614740646795202
      ],
      [
        -0.40995390259579295,
        -0.16284609121574237,
        0.8971359350654372,
        0.08766904658113382
      ],
      [
        0.0,
        0.0,
        0.0,
        1.0
      ]
    ],
    "K": [
      [
        465.41693115234375,
        0.0,
        259.0
      ],
      [
        0.0,
        469.72589111328125,
        259.0
      ],
      [
        0.0,
        0.0,
        1.0
      ]
    ],
    "image_size": [
      518,
      518
    ]
  },
  {
    "index": 4,
    "file": "pose_5_image.png",
    "cam_T_world": [
      [
        0.31185454492021125,
        0.831258630623863,
        0.458122745643252,
        -0.49893638680287206
      ],
      [
        -0.8157428967586349,
        0.48245713371160354,
        -0.3186969055081735,
        0.3011434759594198
      ],
      [
        -0.4851021496425016,
        -0.2751734763319097,
        0.828946408277991,
        0.18915053973127108
      ],
      [
        0.0,
        0.0,
        0.0,
        1.0
      ]
    ],
    "K": [
      [
        448.7682800292969,
        0.0,
        259.0
      ],
      [
        0.0,
        452.84503173828125,
        259.0
      ],
      [
        0.0,
        0.0,
        1.0
      ]
    ],
    "image_size": [
      518,
      518
    ]
  },
  {
    "index": 5,
    "file": "pose_6_image.png",
    "cam_T_world": [
      [
        0.01335774522975128,
        0.8776957356088206,
        0.47244493377309776,
        -0.5155738225549683
      ],
      [
        -0.8557270114265118,
        0.25398617362280934,
        -0.446144363988202,
        0.43001257581316454
      ],
      [
        -0.5133065719655333,
        -0.39983463238317085,
        0.7591766235947358,
        0.27667338959317794
      ],
      [
        0.0,
        0.0,
        0.0,
        1.0
      ]
    ],
    "K": [
      [
        436.8620910644531,
        0.0,
        259.0
      ],
      [
        0.0,
        440.77801513671875,
        259.0
      ],
      [
        0.0,
        0.0,
        1.0
      ]
    ],
    "image_size": [
      518,
      518
    ]
  }
]