{
  "note": "Per-image joint positions and camera pose at capture time.",
  "prompt": "blue object.",
  "created_at": "2026-01-28T15:38:57.253975",
  "joint_names": [
    "shoulder_lift_joint",
    "elbow_joint",
    "wrist_1_joint",
    "wrist_2_joint",
    "wrist_3_joint",
    "shoulder_pan_joint"
  ],
  "shots": {
    "image_1": {
      "image_file": "pose_1_image.png",
      "image_stamp_ns": 1769611150517850301,
      "joint_stamp_ns": 1769611150720426223,
      "position": [
        -1.1855175656131287,
        1.5966842810260218,
        -1.9819361172118128,
        -1.57082444826235,
        -0.6660130659686487,
        0.9048454761505127
      ],
      "camera_pose": {
        "parent_frame": "base_link",
        "child_frame": "camera_optical",
        "stamp": {
          "sec": 1769611150,
          "nanosec": 517850301,
          "stamp_ns": 1769611150517850301
        },
        "R": [
          [
            -0.002075099908,
            -0.999978141146,
            -0.006277833307
          ],
          [
            -0.999989614506,
            0.002100515538,
            -0.004044590742
          ],
          [
            0.004057689018,
            0.006269375179,
            -0.999972114659
          ]
        ],
        "t": [
          0.2775065871755466,
          0.6282138456937966,
          0.30391455103564297
        ]
      }
    },
    "image_2": {
      "image_file": "pose_2_image.png",
      "image_stamp_ns": 1769611153317885173,
      "joint_stamp_ns": 1769611153570431219,
      "position": [
        -1.2238230270198365,
        1.651334587727682,
        -1.998221059838766,
        -1.5708330313311976,
        -0.9446299711810511,
        0.9403272867202759
      ],
      "camera_pose": {
        "parent_frame": "base_link",
        "child_frame": "camera_optical",
        "stamp": {
          "sec": 1769611153,
          "nanosec": 317885173,
          "stamp_ns": 1769611153317885173
        },
        "R": [
          [
            0.307254841881,
            -0.951615446029,
            -0.004743945532
          ],
          [
            -0.951618317083,
            -0.307226508535,
            -0.005869501323
          ],
          [
            0.004128042297,
            0.006317858164,
            -0.999971521562
          ]
        ],
        "t": [
          0.2283722913986661,
          0.6204056040674873,
          0.30384436553902666
        ]
      }
    },
    "image_3": {
      "image_file": "pose_3_image.png",
      "image_stamp_ns": 1769611156317913712,
      "joint_stamp_ns": 1769611156420434022,
      "position": [
        -1.276298390035965,
        1.7236202398883265,
        -2.0180326900877894,
        -1.570810619984762,
        -1.2341960112201136,
        0.9649292230606079
      ],
      "camera_pose": {
        "parent_frame": "base_link",
        "child_frame": "camera_optical",
        "stamp": {
          "sec": 1769611156,
          "nanosec": 317913712,
          "stamp_ns": 1769611156317913712
        },
        "R": [
          [
            0.586051645466,
            -0.810269057751,
            -0.002742789934
          ],
          [
            -0.81026341999,
            -0.586023801473,
            -0.007020992365
          ],
          [
            0.004081552684,
            0.00633704648,
            -0.999971590981
          ]
        ],
        "t": [
          0.18403353470583816,
          0.5978003182749766,
          0.3038416992559274
        ]
      }
    },
    "image_4": {
      "image_file": "pose_4_image.png",
      "image_stamp_ns": 1769611159117974008,
      "joint_stamp_ns": 1769611159320437867,
      "position": [
        -1.339595080619194,
        1.8067401091205042,
        -2.0378853283324183,
        -1.5708330313311976,
        -1.5381344000445765,
        0.9751670360565186
      ],
      "camera_pose": {
        "parent_frame": "base_link",
        "child_frame": "camera_optical",
        "stamp": {
          "sec": 1769611159,
          "nanosec": 117974008,
          "stamp_ns": 1769611159117974008
        },
        "R": [
          [
            0.807766855684,
            -0.589501908608,
            -0.000454538536
          ],
          [
            -0.589488245884,
            -0.807742370938,
            -0.00747463417
          ],
          [
            0.004039161075,
            0.006305706866,
            -0.999971961226
          ]
        ],
        "t": [
          0.14884486481935383,
          0.5625807615355456,
          0.30387660184833043
        ]
      }
    },
    "image_5": {
      "image_file": "pose_5_image.png",
      "image_stamp_ns": 1769611162117977660,
      "joint_stamp_ns": 1769611162220475529,
      "position": [
        -1.4092957538417359,
        1.8930218855487269,
        -2.0544496975340785,
        -1.5707710425006312,
        -1.8598101774798792,
        0.9676586389541626
      ],
      "camera_pose": {
        "parent_frame": "base_link",
        "child_frame": "camera_optical",
        "stamp": {
          "sec": 1769611162,
          "nanosec": 117977660,
          "stamp_ns": 1769611162117977660
        },
        "R": [
          [
            0.9504055657,
            -0.311007864535,
            0.001835451725
          ],
          [
            -0.310987580524,
            -0.950386347531,
            -0.007246736272
          ],
          [
            0.003998180234,
            0.006316535795,
            -0.999972057575
          ]
        ],
        "t": [
          0.1261800387243955,
          0.5182159138441428,
          0.3038646558596423
        ]
      }
    },
    "image_6": {
      "image_file": "pose_6_image.png",
      "image_stamp_ns": 1769611164918018068,
      "joint_stamp_ns": 1769611165070428842,
      "position": [
        -1.4798387226513405,
        1.9744580427752894,
        -2.0653239689269007,
        -1.5707634131061,
        -2.20180589357485,
        0.9398862719535828
      ],
      "camera_pose": {
        "parent_frame": "base_link",
        "child_frame": "camera_optical",
        "stamp": {
          "sec": 1769611164,
          "nanosec": 918018068,
          "stamp_ns": 1769611164918018068
        },
        "R": [
          [
            0.999990120565,
            -0.002041528988,
            0.003948535405
          ],
          [
            -0.002016646073,
            -0.999978149313,
            -0.006295556827
          ],
          [
            0.003961301688,
            0.006287531832,
            -0.999972387135
          ]
        ],
        "t": [
          0.11838214106290176,
          0.46902589543186174,
          0.30387577659710013
        ]
      }
    }
  }
}