{
  "note": "Per-image joint positions and camera pose at capture time.",
  "prompt": "yellow object .",
  "created_at": "2026-01-22T14:32:42.991225",
  "joint_names": [
    "shoulder_lift_joint",
    "elbow_joint",
    "wrist_1_joint",
    "wrist_2_joint",
    "wrist_3_joint",
    "shoulder_pan_joint"
  ],
  "shots": {
    "image_1": {
      "image_file": "pose_1_image.png",
      "image_stamp_ns": 1769088776283652830,
      "joint_stamp_ns": 1769088776487608179,
      "position": [
        -0.8274517816356202,
        1.0219457785235804,
        -1.7652679882445277,
        -1.5708382765399378,
        -1.1016181151019495,
        0.4691711664199829
      ],
      "camera_pose": {
        "parent_frame": "base_link",
        "child_frame": "camera_optical",
        "stamp": {
          "sec": 1769088776,
          "nanosec": 283652830,
          "stamp_ns": 1769088776283652830
        },
        "R": [
          [
            -0.002174142017,
            -0.999977834634,
            -0.006293118957
          ],
          [
            -0.99998949943,
            0.0021994686,
            -0.004020369092
          ],
          [
            0.004034121497,
            0.006284312023,
            -0.999972116254
          ]
        ],
        "t": [
          0.6284039414583662,
          0.5272109035736944,
          0.3038889421073544
        ]
      }
    },
    "image_2": {
      "image_file": "pose_2_image.png",
      "image_stamp_ns": 1769088779083679098,
      "joint_stamp_ns": 1769088779337605030,
      "position": [
        -0.9001166385463257,
        1.1471732298480433,
        -1.817747255364889,
        -1.570817772542135,
        -1.4028399626361292,
        0.48207995295524597
      ],
      "camera_pose": {
        "parent_frame": "base_link",
        "child_frame": "camera_optical",
        "stamp": {
          "sec": 1769088779,
          "nanosec": 83679098,
          "stamp_ns": 1769088779083679098
        },
        "R": [
          [
            0.307098717103,
            -0.951665804897,
            -0.004751183313
          ],
          [
            -0.951669253647,
            -0.307071185734,
            -0.005737469337
          ],
          [
            0.004001201881,
            0.00628352455,
            -0.999972253466
          ]
        ],
        "t": [
          0.5792535227429526,
          0.5193096751965559,
          0.3038775358411677
        ]
      }
    },
    "image_3": {
      "image_file": "pose_3_image.png",
      "image_stamp_ns": 1769088782083687286,
      "joint_stamp_ns": 1769088782237610181,
      "position": [
        -0.9757417005351563,
        1.2730544249164026,
        -1.8680736027159632,
        -1.5707781950580042,
        -1.7165430227862757,
        0.48253560066223145
      ],
      "camera_pose": {
        "parent_frame": "base_link",
        "child_frame": "camera_optical",
        "stamp": {
          "sec": 1769088782,
          "nanosec": 83687286,
          "stamp_ns": 1769088782083687286
        },
        "R": [
          [
            0.586032907843,
            -0.810282423862,
            -0.002797231849
          ],
          [
            -0.810277276653,
            -0.586005071539,
            -0.006985060575
          ],
          [
            0.004020679764,
            0.006360008765,
            -0.999971691811
          ]
        ],
        "t": [
          0.5348773768294128,
          0.49678257310681645,
          0.3038048497272177
        ]
      }
    },
    "image_4": {
      "image_file": "pose_4_image.png",
      "image_stamp_ns": 1769088784883660097,
      "joint_stamp_ns": 1769088785087610745,
      "position": [
        -1.0484942954829712,
        1.3897455374347132,
        -1.9120408497252406,
        -1.5708215872394007,
        -2.0443790594684046,
        0.4688679277896881
      ],
      "camera_pose": {
        "parent_frame": "base_link",
        "child_frame": "camera_optical",
        "stamp": {
          "sec": 1769088784,
          "nanosec": 883660097,
          "stamp_ns": 1769088784883660097
        },
        "R": [
          [
            0.807815913922,
            -0.589434601599,
            -0.000547404966
          ],
          [
            -0.58942175023,
            -0.80779141159,
            -0.007418606166
          ],
          [
            0.00393059414,
            0.006315520513,
            -0.999972331932
          ]
        ],
        "t": [
          0.49962884761308085,
          0.46161844158184817,
          0.30382410600288
        ]
      }
    },
    "image_5": {
      "image_file": "pose_5_image.png",
      "image_stamp_ns": 1769088787683679465,
      "joint_stamp_ns": 1769088787937606316,
      "position": [
        -1.112430529003479,
        1.4885299841510218,
        -1.946848054925436,
        -1.5708187262164515,
        -2.386745278035299,
        0.4407247006893158
      ],
      "camera_pose": {
        "parent_frame": "base_link",
        "child_frame": "camera_optical",
        "stamp": {
          "sec": 1769088787,
          "nanosec": 683679465,
          "stamp_ns": 1769088787683679465
        },
        "R": [
          [
            0.950483742162,
            -0.310769023375,
            0.001808313139
          ],
          [
            -0.310749122804,
            -0.950464740012,
            -0.007194488904
          ],
          [
            0.003954562168,
            0.006276313015,
            -0.999972484288
          ]
        ],
        "t": [
          0.4770069937002445,
          0.4172015893371602,
          0.30387058455225574
        ]
      }
    },
    "image_6": {
      "image_file": "pose_6_image.png",
      "image_stamp_ns": 1769088790683728811,
      "joint_stamp_ns": 1769088790837615085,
      "position": [
        -1.161499635582306,
        1.56187612215151,
        -1.9710189304747523,
        -1.570817772542135,
        -2.7417853514300745,
        0.3998357057571411
      ],
      "camera_pose": {
        "parent_frame": "base_link",
        "child_frame": "camera_optical",
        "stamp": {
          "sec": 1769088790,
          "nanosec": 683728811,
          "stamp_ns": 1769088790683728811
        },
        "R": [
          [
            0.999990542411,
            -0.002071111481,
            0.003824341128
          ],
          [
            -0.002047042615,
            -0.999978142497,
            -0.006286823184
          ],
          [
            0.003837278249,
            0.006278935137,
            -0.999972924768
          ]
        ],
        "t": [
          0.46922452839197587,
          0.3680250790964028,
          0.3038406175454203
        ]
      }
    }
  }
}