[
  {
    "index": 0,
    "file": "pose_1_image.png",
    "cam_T_world": [
      [
        0.999999993194706,
        -6.627739002108902e-05,
        4.911824060801858e-05,
        3.481169209341597e-05
      ],
      [
        6.628333857112368e-05,
        0.9999999919396032,
        -6.055506314871635e-05,
        1.549506804562945e-05
      ],
      [
        -4.911021295311745e-05,
        6.056157376647081e-05,
        0.9999999939204827,
        7.343215096919831e-05
      ],
      [
        0.0,
        0.0,
        0.0,
        1.0
      ]
    ],
    "K": [
      [
        492.2229309082031,
        0.0,
        259.0
      ],
      [
        0.0,
        496.9236755371094,
        259.0
      ],
      [
        0.0,
        0.0,
        1.0
      ]
    ],
    "image_size": [
      518,
      518
    ]
  },
  {
    "index": 1,
    "file": "pose_2_image.png",
    "cam_T_world": [
      [
        0.9531158840772208,
        0.26611369122196316,
        0.14576244525638388,
        -0.12393919905043478
      ],
      [
        -0.2652911541854781,
        0.9640980111664357,
        -0.022508788443342996,
        0.0063886422708157396
      ],
      [
        -0.14725397913610716,
        -0.01715817455180282,
        0.9890024994919889,
        0.005725094127252152
      ],
      [
        0.0,
        0.0,
        0.0,
        1.0
      ]
    ],
    "K": [
      [
        494.5645446777344,
        0.0,
        259.0
      ],
      [
        0.0,
        499.3006286621094,
        259.0
      ],
      [
        0.0,
        0.0,
        1.0
      ]
    ],
    "image_size": [
      518,
      518
    ]
  },
  {
    "index": 2,
    "file": "pose_3_image.png",
    "cam_T_world": [
      [
        0.8162562690198271,
        0.504220115649069,
        0.2808808555486124,
        -0.25170413025521354
      ],
      [
        -0.5003378658770188,
        0.8602336599601041,
        -0.08451858846580465,
        0.04946284087477241
      ],
      [
        -0.28389360955220766,
        -0.0722124758100758,
        0.9559367338277712,
        0.012926758518583088
      ],
      [
        0.0,
        0.0,
        0.0,
        1.0
      ]
    ],
    "K": [
      [
        499.3006286621094,
        0.0,
        259.0
      ],
      [
        0.0,
        504.1084899902344,
        259.0
      ],
      [
        0.0,
        0.0,
        1.0
      ]
    ],
    "image_size": [
      518,
      518
    ]
  },
  {
    "index": 3,
    "file": "pose_4_image.png",
    "cam_T_world": [
      [
        0.5960639229105007,
        0.7082034422135605,
        0.38034435227888935,
        -0.3293729206063171
      ],
      [
        -0.6997055309029252,
        0.6893483761580375,
        -0.18762549754729285,
        0.12549465992539868
      ],
      [
        -0.39435095107888535,
        -0.15363257724921425,
        0.9055123909638194,
        0.08246643820645742
      ],
      [
        0.0,
        0.0,
        0.0,
        1.0
      ]
    ],
    "K": [
      [
        492.2229309082031,
        0.0,
        259.0
      ],
      [
        0.0,
        494.5645446777344,
        259.0
      ],
      [
        0.0,
        0.0,
        1.0
      ]
    ],
    "image_size": [
      518,
      518
    ]
  },
  {
    "index": 4,
    "file": "pose_5_image.png",
    "cam_T_world": [
      [
        0.330786762862453,
        0.8315485383595113,
        0.4473473574808122,
        -0.3864835355361155
      ],
      [
        -0.8182413655892296,
        0.48640838442865586,
        -0.2984970152479099,
        0.2135034595452823
      ],
      [
        -0.46597655182093317,
        -0.2682570443093059,
        0.8436645508073075,
        0.15327319825008912
      ],
      [
        0.0,
        0.0,
        0.0,
        1.0
      ]
    ],
    "K": [
      [
        480.7704772949219,
        0.0,
        259.0
      ],
      [
        0.0,
        483.0275573730469,
        259.0
      ],
      [
        0.0,
        0.0,
        1.0
      ]
    ],
    "image_size": [
      518,
      518
    ]
  },
  {
    "index": 5,
    "file": "pose_6_image.png",
    "cam_T_world": [
      [
        0.0300033349870915,
        0.8826413602370506,
        0.4680800774795335,
        -0.4244814889887624
      ],
      [
        -0.8720057683116336,
        0.25294543864479585,
        -0.4231423341252673,
        0.3266551487842346
      ],
      [
        -0.4926603816600528,
        -0.39409729119589293,
        0.7762809462359747,
        0.18435768622062682
      ],
      [
        0.0,
        0.0,
        0.0,
        1.0
      ]
    ],
    "K": [
      [
        487.5914306640625,
        0.0,
        259.0
      ],
      [
        0.0,
        489.89862060546875,
        259.0
      ],
      [
        0.0,
        0.0,
        1.0
      ]
    ],
    "image_size": [
      518,
      518
    ]
  }
]