{
  "note": "Per-image joint positions and camera pose at capture time.",
  "prompt": "blue object.",
  "created_at": "2026-01-28T15:36:58.883582",
  "joint_names": [
    "shoulder_lift_joint",
    "elbow_joint",
    "wrist_1_joint",
    "wrist_2_joint",
    "wrist_3_joint",
    "shoulder_pan_joint"
  ],
  "shots": {
    "image_1": {
      "image_file": "pose_1_image.png",
      "image_stamp_ns": 1769611032117042501,
      "joint_stamp_ns": 1769611032278435254,
      "position": [
        -1.2695228022388,
        1.7143638769732874,
        -2.0156084499754847,
        -1.570810619984762,
        -0.7995851675616663,
        0.7712321281433105
      ],
      "camera_pose": {
        "parent_frame": "base_link",
        "child_frame": "camera_optical",
        "stamp": {
          "sec": 1769611032,
          "nanosec": 117042501,
          "stamp_ns": 1769611032117042501
        },
        "R": [
          [
            -0.002172900578,
            -0.999978138844,
            -0.006245025005
          ],
          [
            -0.999989538541,
            0.00219797748,
            -0.004011446484
          ],
          [
            0.004025085213,
            0.006236243198,
            -0.9999724536
          ]
        ],
        "t": [
          0.32284261600394726,
          0.5589299910636022,
          0.3039206648203675
        ]
      }
    },
    "image_2": {
      "image_file": "pose_2_image.png",
      "image_stamp_ns": 1769611034917036124,
      "joint_stamp_ns": 1769611035128440705,
      "position": [
        -1.3145124179175873,
        1.774348560963766,
        -2.0305663547911585,
        -1.5707796255694788,
        -1.0813429991351526,
        0.803612232208252
      ],
      "camera_pose": {
        "parent_frame": "base_link",
        "child_frame": "camera_optical",
        "stamp": {
          "sec": 1769611034,
          "nanosec": 917036124,
          "stamp_ns": 1769611034917036124
        },
        "R": [
          [
            0.30700982489,
            -0.9516943194,
            -0.004784333028
          ],
          [
            -0.95169746051,
            -0.306981357394,
            -0.005864287843
          ],
          [
            0.00411230838,
            0.006353631577,
            -0.999971359733
          ]
        ],
        "t": [
          0.2736953122154275,
          0.5511322107085962,
          0.30383096758480466
        ]
      }
    },
    "image_3": {
      "image_file": "pose_3_image.png",
      "image_stamp_ns": 1769611037717049114,
      "joint_stamp_ns": 1769611037978436632,
      "position": [
        -1.372706727390625,
        1.8484180609332483,
        -2.046425004998678,
        -1.5708025137530726,
        -1.3762648741351526,
        0.8228766918182373
      ],
      "camera_pose": {
        "parent_frame": "base_link",
        "child_frame": "camera_optical",
        "stamp": {
          "sec": 1769611037,
          "nanosec": 717049114,
          "stamp_ns": 1769611037717049114
        },
        "R": [
          [
            0.586285248279,
            -0.810100012569,
            -0.002752687055
          ],
          [
            -0.810094681166,
            -0.586257730403,
            -0.006962836271
          ],
          [
            0.004026809686,
            0.006312145334,
            -0.99997197042
          ]
        ],
        "t": [
          0.2292960796958913,
          0.5284669671696028,
          0.3038931529384948
        ]
      }
    },
    "image_4": {
      "image_file": "pose_4_image.png",
      "image_stamp_ns": 1769611040717088201,
      "joint_stamp_ns": 1769611040828488865,
      "position": [
        -1.4406822931817551,
        1.9299562613116663,
        -2.0600325069823207,
        -1.570810619984762,
        -1.6880744139300745,
        0.8252124786376953
      ],
      "camera_pose": {
        "parent_frame": "base_link",
        "child_frame": "camera_optical",
        "stamp": {
          "sec": 1769611040,
          "nanosec": 717088201,
          "stamp_ns": 1769611040717088201
        },
        "R": [
          [
            0.807730662545,
            -0.589551458874,
            -0.00050410717
          ],
          [
            -0.589538163834,
            -0.807706067958,
            -0.007460641114
          ],
          [
            0.003991261433,
            0.006323379005,
            -0.999972041964
          ]
        ],
        "t": [
          0.19410227275091013,
          0.4933140826594794,
          0.303870893408785
        ]
      }
    },
    "image_5": {
      "image_file": "pose_5_image.png",
      "image_stamp_ns": 1769611043517098622,
      "joint_stamp_ns": 1769611043728438851,
      "position": [
        -1.5136581149748345,
        2.011322323475973,
        -2.068430086175436,
        -1.570824925099508,
        -2.020273510609762,
        0.8072021007537842
      ],
      "camera_pose": {
        "parent_frame": "base_link",
        "child_frame": "camera_optical",
        "stamp": {
          "sec": 1769611043,
          "nanosec": 517098622,
          "stamp_ns": 1769611043517098622
        },
        "R": [
          [
            0.950432111498,
            -0.310926662212,
            0.001847203281
          ],
          [
            -0.310906437845,
            -0.950413146603,
            -0.007213714
          ],
          [
            0.003998542299,
            0.006281838036,
            -0.999972274701
          ]
        ],
        "t": [
          0.17145400780724446,
          0.44894239996636987,
          0.3038899219866054
        ]
      }
    },
    "image_6": {
      "image_file": "pose_6_image.png",
      "image_stamp_ns": 1769611046317107469,
      "joint_stamp_ns": 1769611046578455696,
      "position": [
        -1.5852090320982875,
        2.0847728888141077,
        -2.070280214349264,
        -1.5707514921771448,
        -2.3749094645129603,
        0.7666805386543274
      ],
      "camera_pose": {
        "parent_frame": "base_link",
        "child_frame": "camera_optical",
        "stamp": {
          "sec": 1769611046,
          "nanosec": 317107469,
          "stamp_ns": 1769611046317107469
        },
        "R": [
          [
            0.999990171723,
            -0.001905875883,
            0.004003010599
          ],
          [
            -0.00188102756,
            -0.999978998073,
            -0.006202027763
          ],
          [
            0.004014746823,
            0.006194437035,
            -0.999972755008
          ]
        ],
        "t": [
          0.16366368575047774,
          0.39971634259136685,
          0.3039271561033461
        ]
      }
    }
  }
}