[
  {
    "index": 0,
    "file": "pose_1_image.png",
    "cam_T_world": [
      [
        0.9999999577084935,
        0.0001525957720987356,
        0.00028037596084071897,
        -0.00022692850406809542
      ],
      [
        -0.000152579996003378,
        0.999999975925449,
        -2.8176173753391835e-05,
        -0.00023839221783049534
      ],
      [
        -0.0002803845464708456,
        2.809060849043536e-05,
        0.9999999802000705,
        0.0002937886264529793
      ],
      [
        0.0,
        0.0,
        0.0,
        1.0
      ]
    ],
    "K": [
      [
        474.0963134765625,
        0.0,
        259.0
      ],
      [
        0.0,
        474.0963134765625,
        259.0
      ],
      [
        0.0,
        0.0,
        1.0
      ]
    ],
    "image_size": [
      518,
      518
    ]
  },
  {
    "index": 1,
    "file": "pose_2_image.png",
    "cam_T_world": [
      [
        0.9516412175118856,
        0.2656246596032542,
        0.15541053925669304,
        -0.1626725113200338
      ],
      [
        -0.26558643737308957,
        0.9638576274596352,
        -0.021274438220654886,
        0.013527780696917471
      ],
      [
        -0.15547585572387404,
        -0.021040455569916072,
        0.9877220902925858,
        0.005370688703210654
      ],
      [
        0.0,
        0.0,
        0.0,
        1.0
      ]
    ],
    "K": [
      [
        474.0963134765625,
        0.0,
        259.0
      ],
      [
        0.0,
        476.3050537109375,
        259.0
      ],
      [
        0.0,
        0.0,
        1.0
      ]
    ],
    "image_size": [
      518,
      518
    ]
  },
  {
    "index": 2,
    "file": "pose_3_image.png",
    "cam_T_world": [
      [
        0.810179623576704,
        0.5022198534144631,
        0.3027262817526252,
        -0.333391295059643
      ],
      [
        -0.5010300512017963,
        0.8611337468038466,
        -0.08563877681382347,
        0.0710063962132483
      ],
      [
        -0.30469137445442124,
        -0.08246468689415341,
        0.9490388928652055,
        0.022556801909258455
      ],
      [
        0.0,
        0.0,
        0.0,
        1.0
      ]
    ],
    "K": [
      [
        485.3011169433594,
        0.0,
        259.0
      ],
      [
        0.0,
        487.5914306640625,
        259.0
      ],
      [
        0.0,
        0.0,
        1.0
      ]
    ],
    "image_size": [
      518,
      518
    ]
  },
  {
    "index": 3,
    "file": "pose_4_image.png",
    "cam_T_world": [
      [
        0.5893547319184628,
        0.6992982904246877,
        0.41205252141752485,
        -0.4596065160434035
      ],
      [
        -0.6953135392452314,
        0.6956188916777722,
        -0.185201828490203,
        0.16639732317157066
      ],
      [
        -0.41480742355155426,
        -0.1778071296537075,
        0.8927074873770411,
        0.084929676294115
      ],
      [
        0.0,
        0.0,
        0.0,
        1.0
      ]
    ],
    "K": [
      [
        487.5914306640625,
        0.0,
        259.0
      ],
      [
        0.0,
        489.89862060546875,
        259.0
      ],
      [
        0.0,
        0.0,
        1.0
      ]
    ],
    "image_size": [
      518,
      518
    ]
  },
  {
    "index": 4,
    "file": "pose_5_image.png",
    "cam_T_world": [
      [
        0.30867337059724875,
        0.8201823146729255,
        0.48271000313317114,
        -0.5398286889783637
      ],
      [
        -0.8235482210837732,
        0.4843833605125779,
        -0.2924015871838632,
        0.28147428548072595
      ],
      [
        -0.4712625183711948,
        -0.3074456797220879,
        0.8260674011388885,
        0.17326752380934113
      ],
      [
        0.0,
        0.0,
        0.0,
        1.0
      ]
    ],
    "K": [
      [
        480.7704772949219,
        0.0,
        259.0
      ],
      [
        0.0,
        485.3011169433594,
        259.0
      ],
      [
        0.0,
        0.0,
        1.0
      ]
    ],
    "image_size": [
      518,
      518
    ]
  },
  {
    "index": 5,
    "file": "pose_6_image.png",
    "cam_T_world": [
      [
        0.0031411356949923477,
        0.862350960350544,
        0.5032614649215644,
        -0.555360806899893
      ],
      [
        -0.8643118585833373,
        0.25392134425080387,
        -0.4316574905099992,
        0.4287392741949544
      ],
      [
        -0.49987585165200504,
        -0.4316728125978259,
        0.7492160070173696,
        0.267073757093033
      ],
      [
        0.0,
        0.0,
        0.0,
        1.0
      ]
    ],
    "K": [
      [
        474.0963134765625,
        0.0,
        259.0
      ],
      [
        0.0,
        474.0963134765625,
        259.0
      ],
      [
        0.0,
        0.0,
        1.0
      ]
    ],
    "image_size": [
      518,
      518
    ]
  },
  {
    "index": 6,
    "file": "pose_7_image.png",
    "cam_T_world": [
      [
        -0.29666952528631824,
        0.8286197950853401,
        0.47148863351213083,
        -0.5223767704986709
      ],
      [
        -0.8333526303472837,
        0.015286316470779339,
        -0.5463332744401407,
        0.5405239773153095
      ],
      [
        -0.4608528379088507,
        -0.5573972186285524,
        0.6898570880243396,
        0.35420164255817593
      ],
      [
        0.0,
        0.0,
        0.0,
        1.0
      ]
    ],
    "K": [
      [
        456.9778747558594,
        0.0,
        259.0
      ],
      [
        0.0,
        461.1679992675781,
        259.0
      ],
      [
        0.0,
        0.0,
        1.0
      ]
    ],
    "image_size": [
      518,
      518
    ]
  },
  {
    "index": 7,
    "file": "pose_8_image.png",
    "cam_T_world": [
      [
        -0.5785465908970291,
        0.7149337325690638,
        0.3886009274625017,
        -0.4288213356692383
      ],
      [
        -0.7089239319674074,
        -0.2086650898351082,
        -0.6740982774449811,
        0.6553001281534648
      ],
      [
        -0.40178391804759994,
        -0.6672242742900863,
        0.6280453936033031,
        0.4371823211648976
      ],
      [
        0.0,
        0.0,
        0.0,
        1.0
      ]
    ],
    "K": [
      [
        440.77801513671875,
        0.0,
        259.0
      ],
      [
        0.0,
        444.746337890625,
        259.0
      ],
      [
        0.0,
        0.0,
        1.0
      ]
    ],
    "image_size": [
      518,
      518
    ]
  },
  {
    "index": 8,
    "file": "pose_9_image.png",
    "cam_T_world": [
      [
        -0.7971694095590984,
        0.5156740606866443,
        0.3089486142275027,
        -0.35548943408141925
      ],
      [
        -0.5243954809696411,
        -0.35604314592368697,
        -0.769944442936969,
        0.7530214416754208
      ],
      [
        -0.28592068558662265,
        -0.7784890474048672,
        0.5565964572965185,
        0.49705736705989295
      ],
      [
        0.0,
        0.0,
        0.0,
        1.0
      ]
    ],
    "K": [
      [
        452.84503173828125,
        0.0,
        259.0
      ],
      [
        0.0,
        452.84503173828125,
        259.0
      ],
      [
        0.0,
        0.0,
        1.0
      ]
    ],
    "image_size": [
      518,
      518
    ]
  },
  {
    "index": 9,
    "file": "pose_10_image.png",
    "cam_T_world": [
      [
        -0.9478735969494887,
        0.2886744787496445,
        0.1630981154292554,
        -0.21100846730634046
      ],
      [
        -0.2897990462301729,
        -0.4827546412177029,
        -0.826911221023591,
        0.7997176657072961
      ],
      [
        -0.15799183169705303,
        -0.828659838810628,
        0.5387646376472377,
        0.5334546199443357
      ],
      [
        0.0,
        0.0,
        0.0,
        1.0
      ]
    ],
    "K": [
      [
        440.77801513671875,
        0.0,
        259.0
      ],
      [
        0.0,
        440.77801513671875,
        259.0
      ],
      [
        0.0,
        0.0,
        1.0
      ]
    ],
    "image_size": [
      518,
      518
    ]
  }
]