[
  {
    "index": 0,
    "file": "pose_1_image.png",
    "cam_T_world": [
      [
        0.999999937888792,
        0.00015441707088893815,
        0.00031284375806124836,
        7.444123609996647e-05
      ],
      [
        -0.00015457338756148757,
        0.9999999733045155,
        0.0002498143277626594,
        -0.00017160806886853326
      ],
      [
        -0.00031276655287541593,
        -0.00024991098158309074,
        0.9999998993262168,
        0.00025941902237157024
      ],
      [
        0.0,
        0.0,
        0.0,
        1.0
      ]
    ],
    "K": [
      [
        448.7682800292969,
        0.0,
        259.0
      ],
      [
        0.0,
        448.7682800292969,
        259.0
      ],
      [
        0.0,
        0.0,
        1.0
      ]
    ],
    "image_size": [
      518,
      518
    ]
  },
  {
    "index": 1,
    "file": "pose_2_image.png",
    "cam_T_world": [
      [
        0.9523163642061073,
        0.2698409629964522,
        0.1438066139093386,
        -0.15991345980740682
      ],
      [
        -0.26910057234471846,
        0.9629577060025942,
        -0.02231000205964885,
        0.013969248492149977
      ],
      [
        -0.1451873424406105,
        -0.017430543607814906,
        0.9893458977780393,
        -0.004959931292353193
      ],
      [
        0.0,
        0.0,
        0.0,
        1.0
      ]
    ],
    "K": [
      [
        452.84503173828125,
        0.0,
        259.0
      ],
      [
        0.0,
        456.9778747558594,
        259.0
      ],
      [
        0.0,
        0.0,
        1.0
      ]
    ],
    "image_size": [
      518,
      518
    ]
  },
  {
    "index": 2,
    "file": "pose_3_image.png",
    "cam_T_world": [
      [
        0.812576927672085,
        0.5093866552486218,
        0.28195554993768807,
        -0.31541827031728126
      ],
      [
        -0.5093866552486218,
        0.8565512315261,
        -0.07926062995898671,
        0.06566001428834244
      ],
      [
        -0.28195554993768807,
        -0.07926062995898671,
        0.9560255758722811,
        0.024455118745943694
      ],
      [
        0.0,
        0.0,
        0.0,
        1.0
      ]
    ],
    "K": [
      [
        456.9778747558594,
        0.0,
        259.0
      ],
      [
        0.0,
        461.1679992675781,
        259.0
      ],
      [
        0.0,
        0.0,
        1.0
      ]
    ],
    "image_size": [
      518,
      518
    ]
  },
  {
    "index": 3,
    "file": "pose_4_image.png",
    "cam_T_world": [
      [
        0.5934242082482968,
        0.7054119838895397,
        0.3881272341651143,
        -0.43697081912323277
      ],
      [
        -0.6996190866451358,
        0.6903284072458243,
        -0.18794599786454455,
        0.17349682904293717
      ],
      [
        -0.40065254425340036,
        -0.1603057145758534,
        0.9026190176602311,
        0.09037902715106204
      ],
      [
        0.0,
        0.0,
        0.0,
        1.0
      ]
    ],
    "K": [
      [
        456.9778747558594,
        0.0,
        259.0
      ],
      [
        0.0,
        456.9778747558594,
        259.0
      ],
      [
        0.0,
        0.0,
        1.0
      ]
    ],
    "image_size": [
      518,
      518
    ]
  },
  {
    "index": 4,
    "file": "pose_5_image.png",
    "cam_T_world": [
      [
        0.3109230398140962,
        0.8344060288517926,
        0.45051589403656356,
        -0.5104261135732554
      ],
      [
        -0.8243238352284188,
        0.47209181524327387,
        -0.31290131718988284,
        0.30358710006337064
      ],
      [
        -0.473258027389211,
        -0.2752044048852025,
        0.8368399083410955,
        0.17301414480038202
      ],
      [
        0.0,
        0.0,
        0.0,
        1.0
      ]
    ],
    "K": [
      [
        448.7682800292969,
        0.0,
        259.0
      ],
      [
        0.0,
        448.7682800292969,
        259.0
      ],
      [
        0.0,
        0.0,
        1.0
      ]
    ],
    "image_size": [
      518,
      518
    ]
  },
  {
    "index": 5,
    "file": "pose_6_image.png",
    "cam_T_world": [
      [
        0.011293933923611402,
        0.8738682056255513,
        0.476828476675897,
        -0.5629916336762166
      ],
      [
        -0.8551734693238845,
        0.25716269646647266,
        -0.4474230046227011,
        0.45703059675587815
      ],
      [
        -0.5150549584755941,
        -0.40475924987382467,
        0.7542636224587298,
        0.24004331806524257
      ],
      [
        0.0,
        0.0,
        0.0,
        1.0
      ]
    ],
    "K": [
      [
        452.84503173828125,
        0.0,
        259.0
      ],
      [
        0.0,
        456.9778747558594,
        259.0
      ],
      [
        0.0,
        0.0,
        1.0
      ]
    ],
    "image_size": [
      518,
      518
    ]
  }
]