[
  {
    "index": 0,
    "file": "pose_1_image.png",
    "cam_T_world": [
      [
        0.9999999025448992,
        -6.005110233259814e-05,
        0.0004615823307567439,
        -9.820456669237603e-05
      ],
      [
        6.0111849303777426e-05,
        0.999999992060112,
        -6.5775788821276e-05,
        -0.00013924456496983584
      ],
      [
        -0.00046157442360966896,
        6.583125344713534e-05,
        0.9999999018245794,
        3.3653189985222756e-05
      ],
      [
        0.0,
        0.0,
        0.0,
        1.0
      ]
    ],
    "K": [
      [
        487.5914306640625,
        0.0,
        259.0
      ],
      [
        0.0,
        487.5914306640625,
        259.0
      ],
      [
        0.0,
        0.0,
        1.0
      ]
    ],
    "image_size": [
      518,
      518
    ]
  },
  {
    "index": 1,
    "file": "pose_2_image.png",
    "cam_T_world": [
      [
        0.9530670181193043,
        0.2659792228815378,
        0.14538228620296847,
        -0.1542018332133588
      ],
      [
        -0.2653539853294047,
        0.9638814915937041,
        -0.034969315706621276,
        0.023606270301098103
      ],
      [
        -0.1496384790554449,
        -0.004868662342764106,
        0.988785646705381,
        0.0342652252755942
      ],
      [
        0.0,
        0.0,
        0.0,
        1.0
      ]
    ],
    "K": [
      [
        474.0963134765625,
        0.0,
        259.0
      ],
      [
        0.0,
        474.0963134765625,
        259.0
      ],
      [
        0.0,
        0.0,
        1.0
      ]
    ],
    "image_size": [
      518,
      518
    ]
  },
  {
    "index": 2,
    "file": "pose_3_image.png",
    "cam_T_world": [
      [
        0.8133001658047174,
        0.5127743539908834,
        0.27389362833944725,
        -0.2988367930261722
      ],
      [
        -0.5011146454916438,
        0.8567368830949802,
        -0.11992693785857947,
        0.1001360104691666
      ],
      [
        -0.2955884208312094,
        -0.038661002343653945,
        0.9546737937782993,
        0.06502310252478508
      ],
      [
        0.0,
        0.0,
        0.0,
        1.0
      ]
    ],
    "K": [
      [
        469.72589111328125,
        0.0,
        259.0
      ],
      [
        0.0,
        469.72589111328125,
        259.0
      ],
      [
        0.0,
        0.0,
        1.0
      ]
    ],
    "image_size": [
      518,
      518
    ]
  },
  {
    "index": 3,
    "file": "pose_4_image.png",
    "cam_T_world": [
      [
        0.5921512453100564,
        0.7092911611904714,
        0.3805886711898874,
        -0.417223956490624
      ],
      [
        -0.693109649160652,
        0.6892367109847853,
        -0.2155927834358124,
        0.1904253451798776
      ],
      [
        -0.4152904808547457,
        -0.1352521652878719,
        0.89944620367222,
        0.12986581582188958
      ],
      [
        0.0,
        0.0,
        0.0,
        1.0
      ]
    ],
    "K": [
      [
        461.1679992675781,
        0.0,
        259.0
      ],
      [
        0.0,
        465.41693115234375,
        259.0
      ],
      [
        0.0,
        0.0,
        1.0
      ]
    ],
    "image_size": [
      518,
      518
    ]
  },
  {
    "index": 4,
    "file": "pose_5_image.png",
    "cam_T_world": [
      [
        0.3141547419805106,
        0.8357434122003745,
        0.4497317350763016,
        -0.49172603388715014
      ],
      [
        -0.8142253767255957,
        0.4797751116669185,
        -0.32734880597400445,
        0.3131159387543503
      ],
      [
        -0.48966244831470407,
        -0.26419792527654357,
        0.8313548942042128,
        0.20345911306487066
      ],
      [
        0.0,
        0.0,
        0.0,
        1.0
      ]
    ],
    "K": [
      [
        465.41693115234375,
        0.0,
        259.0
      ],
      [
        0.0,
        465.41693115234375,
        259.0
      ],
      [
        0.0,
        0.0,
        1.0
      ]
    ],
    "image_size": [
      518,
      518
    ]
  },
  {
    "index": 5,
    "file": "pose_6_image.png",
    "cam_T_world": [
      [
        0.013819646037087994,
        0.8799339446256699,
        0.46708969267647155,
        -0.5253051532076805
      ],
      [
        -0.8540075786733906,
        0.25300182603491894,
        -0.4517960998328213,
        0.44679242896174365
      ],
      [
        -0.5190048520276515,
        -0.39294555851034807,
        0.7593607097083389,
        0.2649253136834537
      ],
      [
        0.0,
        0.0,
        0.0,
        1.0
      ]
    ],
    "K": [
      [
        465.41693115234375,
        0.0,
        259.0
      ],
      [
        0.0,
        469.72589111328125,
        259.0
      ],
      [
        0.0,
        0.0,
        1.0
      ]
    ],
    "image_size": [
      518,
      518
    ]
  }
]