{
  "note": "Per-image joint positions and camera pose at capture time.",
  "prompt": "red object .",
  "created_at": "2026-01-22T14:12:49.476876",
  "joint_names": [
    "shoulder_lift_joint",
    "elbow_joint",
    "wrist_1_joint",
    "wrist_2_joint",
    "wrist_3_joint",
    "shoulder_pan_joint"
  ],
  "shots": {
    "image_1": {
      "image_file": "pose_1_image.png",
      "image_stamp_ns": 1769087583475747992,
      "joint_stamp_ns": 1769087583585606905,
      "position": [
        -0.7762689155391236,
        0.9315598646747034,
        -1.7261325321593226,
        -1.5707867781268519,
        -0.9814589659320276,
        0.5893540978431702
      ],
      "camera_pose": {
        "parent_frame": "base_link",
        "child_frame": "camera_optical",
        "stamp": {
          "sec": 1769087583,
          "nanosec": 475747992,
          "stamp_ns": 1769087583475747992
        },
        "R": [
          [
            -0.002156627552,
            -0.999978332253,
            -0.006219644827
          ],
          [
            -0.999989569489,
            0.002181609687,
            -0.004012666401
          ],
          [
            0.004026148293,
            0.006210926126,
            -0.999972606888
          ]
        ],
        "t": [
          0.5829681120872218,
          0.60934536735138,
          0.303939631318319
        ]
      }
    },
    "image_2": {
      "image_file": "pose_2_image.png",
      "image_stamp_ns": 1769087586675713733,
      "joint_stamp_ns": 1769087586935607401,
      "position": [
        -0.8479890388301392,
        1.0578120390521448,
        -1.780553480187887,
        -1.5707796255694788,
        -1.2784364859210413,
        0.6065759658813477
      ],
      "camera_pose": {
        "parent_frame": "base_link",
        "child_frame": "camera_optical",
        "stamp": {
          "sec": 1769087586,
          "nanosec": 675713733,
          "stamp_ns": 1769087586675713733
        },
        "R": [
          [
            0.30721690075,
            -0.951627701622,
            -0.004742720648
          ],
          [
            -0.951631022048,
            -0.30718928068,
            -0.005757057466
          ],
          [
            0.00402166242,
            0.006281985449,
            -0.999972181058
          ]
        ],
        "t": [
          0.5337571812766848,
          0.6014972846329174,
          0.3038991358852709
        ]
      }
    },
    "image_3": {
      "image_file": "pose_3_image.png",
      "image_stamp_ns": 1769087590075774451,
      "joint_stamp_ns": 1769087590285606092,
      "position": [
        -0.9246959847262879,
        1.1885655562030237,
        -1.8345867596068324,
        -1.570763889943258,
        -1.5868595282184046,
        0.612311840057373
      ],
      "camera_pose": {
        "parent_frame": "base_link",
        "child_frame": "camera_optical",
        "stamp": {
          "sec": 1769087590,
          "nanosec": 75774451,
          "stamp_ns": 1769087590075774451
        },
        "R": [
          [
            0.586099469119,
            -0.810234086442,
            -0.002852624509
          ],
          [
            -0.810229273373,
            -0.586071375742,
            -0.006990501098
          ],
          [
            0.0039921007,
            0.006408408866,
            -0.999971497308
          ]
        ],
        "t": [
          0.48941739608786117,
          0.5789417521045805,
          0.30377670656224737
        ]
      }
    },
    "image_4": {
      "image_file": "pose_4_image.png",
      "image_stamp_ns": 1769087593475864384,
      "joint_stamp_ns": 1769087593685612081,
      "position": [
        -1.000338391666748,
        1.3130186239825647,
        -1.8834053478636683,
        -1.5708211104022425,
        -1.9086673895465296,
        0.6046433448791504
      ],
      "camera_pose": {
        "parent_frame": "base_link",
        "child_frame": "camera_optical",
        "stamp": {
          "sec": 1769087593,
          "nanosec": 475864384,
          "stamp_ns": 1769087593475864384
        },
        "R": [
          [
            0.807855165526,
            -0.589380807403,
            -0.000543505469
          ],
          [
            -0.589367677744,
            -0.807830268173,
            -0.007483198121
          ],
          [
            0.003971393182,
            0.006365664812,
            -0.999971852778
          ]
        ],
        "t": [
          0.45417983397057415,
          0.5437464075091638,
          0.30380484787601253
        ]
      }
    },
    "image_5": {
      "image_file": "pose_5_image.png",
      "image_stamp_ns": 1769087596875815323,
      "joint_stamp_ns": 1769087597035609559,
      "position": [
        -1.069130317573883,
        1.4221509138690394,
        -1.9237047634520472,
        -1.5707600752459925,
        -2.244906727467672,
        0.5826514363288879
      ],
      "camera_pose": {
        "parent_frame": "base_link",
        "child_frame": "camera_optical",
        "stamp": {
          "sec": 1769087596,
          "nanosec": 875815323,
          "stamp_ns": 1769087596875815323
        },
        "R": [
          [
            0.950444711804,
            -0.310888484322,
            0.001788887591
          ],
          [
            -0.310868588432,
            -0.950425451964,
            -0.007223640778
          ],
          [
            0.00394595103,
            0.006309562217,
            -0.999972309064
          ]
        ],
        "t": [
          0.431547755052671,
          0.49940443288610453,
          0.3038313378369973
        ]
      }
    },
    "image_6": {
      "image_file": "pose_6_image.png",
      "image_stamp_ns": 1769087600275875730,
      "joint_stamp_ns": 1769087600385621583,
      "position": [
        -1.125271127825119,
        1.5080230871783655,
        -1.9534417591490687,
        -1.5707867781268519,
        -2.594657007847921,
        0.5469842553138733
      ],
      "camera_pose": {
        "parent_frame": "base_link",
        "child_frame": "camera_optical",
        "stamp": {
          "sec": 1769087600,
          "nanosec": 275875730,
          "stamp_ns": 1769087600275875730
        },
        "R": [
          [
            0.999990584685,
            -0.002044583211,
            0.00382756057
          ],
          [
            -0.002020443662,
            -0.999978113349,
            -0.006300049981
          ],
          [
            0.003840357774,
            0.006292257293,
            -0.999972829206
          ]
        ],
        "t": [
          0.42378135917461457,
          0.4502034738705819,
          0.30381658760666214
        ]
      }
    },
    "image_7": {
      "image_file": "pose_7_image.png",
      "image_stamp_ns": 1769087603675872003,
      "joint_stamp_ns": 1769087603785604854,
      "position": [
        -1.1630093914321442,
        1.5639713446246546,
        -1.9717103443541468,
        -1.570770565663473,
        -2.9546244780169886,
        0.5012296438217163
      ],
      "camera_pose": {
        "parent_frame": "base_link",
        "child_frame": "camera_optical",
        "stamp": {
          "sec": 1769087603,
          "nanosec": 675872003,
          "stamp_ns": 1769087603675872003
        },
        "R": [
          [
            0.951669389689,
            0.307071333619,
            0.005706907908
          ],
          [
            0.307098437587,
            -0.951666188578,
            -0.004692030467
          ],
          [
            0.003990283244,
            0.006217844273,
            -0.999972707654
          ]
        ],
        "t": [
          0.43160578476074485,
          0.4010115272440023,
          0.30387683465007354
        ]
      }
    },
    "image_8": {
      "image_file": "pose_8_image.png",
      "image_stamp_ns": 1769087606875931975,
      "joint_stamp_ns": 1769087607135653696,
      "position": [
        -1.17781354606662,
        1.5854881445514124,
        -1.97853483776235,
        -1.5707796255694788,
        -3.318749491368429,
        0.45123541355133057
      ],
      "camera_pose": {
        "parent_frame": "base_link",
        "child_frame": "camera_optical",
        "stamp": {
          "sec": 1769087606,
          "nanosec": 875931975,
          "stamp_ns": 1769087606875931975
        },
        "R": [
          [
            0.810125638322,
            0.586215858198,
            0.006886053329
          ],
          [
            0.586242589572,
            -0.810131138678,
            -0.002676624106
          ],
          [
            0.004009526727,
            0.006205299548,
            -0.999972708604
          ]
        ],
        "t": [
          0.45423624175624083,
          0.3566078881143701,
          0.30390224136210414
        ]
      }
    }
  }
}