[
  {
    "index": 0,
    "file": "pose_1_image.png",
    "cam_T_world": [
      [
        0.9999999931143861,
        1.9790701651163e-05,
        -8.058499789740899e-05,
        6.005555843581124e-05
      ],
      [
        -1.9786782183775022e-05,
        0.9999999990170068,
        2.432028957178898e-05,
        -0.00012158756678899477
      ],
      [
        8.058596037016993e-05,
        -2.4317100201267383e-05,
        0.9999999929145815,
        0.00029183213727726075
      ],
      [
        0.0,
        0.0,
        0.0,
        1.0
      ]
    ],
    "K": [
      [
        452.84503173828125,
        0.0,
        259.0
      ],
      [
        0.0,
        456.9778747558594,
        259.0
      ],
      [
        0.0,
        0.0,
        1.0
      ]
    ],
    "image_size": [
      518,
      518
    ]
  },
  {
    "index": 1,
    "file": "pose_2_image.png",
    "cam_T_world": [
      [
        0.9523875567438078,
        0.26560843095197423,
        0.1497829884422432,
        -0.1624608888440183
      ],
      [
        -0.26551945920026765,
        0.9639602595684917,
        -0.03349348877102195,
        0.02343490614451469
      ],
      [
        -0.15288698690683203,
        -0.007527798901666129,
        0.9882093305875239,
        0.0019929825254102963
      ],
      [
        0.0,
        0.0,
        0.0,
        1.0
      ]
    ],
    "K": [
      [
        452.84503173828125,
        0.0,
        259.0
      ],
      [
        0.0,
        456.9778747558594,
        259.0
      ],
      [
        0.0,
        0.0,
        1.0
      ]
    ],
    "image_size": [
      518,
      518
    ]
  },
  {
    "index": 2,
    "file": "pose_3_image.png",
    "cam_T_world": [
      [
        0.8081658426899772,
        0.5064926003796775,
        0.29769346233370086,
        -0.33119777100423803
      ],
      [
        -0.5028716298097267,
        0.8587270201083858,
        -0.10171836540908197,
        0.08660279328187867
      ],
      [
        -0.3089174346661914,
        -0.0677223081074683,
        0.9490396073111965,
        0.023733304937481048
      ],
      [
        0.0,
        0.0,
        0.0,
        1.0
      ]
    ],
    "K": [
      [
        461.1679992675781,
        0.0,
        259.0
      ],
      [
        0.0,
        465.41693115234375,
        259.0
      ],
      [
        0.0,
        0.0,
        1.0
      ]
    ],
    "image_size": [
      518,
      518
    ]
  },
  {
    "index": 3,
    "file": "pose_4_image.png",
    "cam_T_world": [
      [
        0.5869759013900955,
        0.7017014416338978,
        0.40468024999425006,
        -0.4603256613510808
      ],
      [
        -0.6892677423487561,
        0.6960577598807433,
        -0.20937620684844968,
        0.19689506350854408
      ],
      [
        -0.4281104895205643,
        -0.15510573478719633,
        0.8900830526741403,
        0.07636369714953985
      ],
      [
        0.0,
        0.0,
        0.0,
        1.0
      ]
    ],
    "K": [
      [
        469.72589111328125,
        0.0,
        259.0
      ],
      [
        0.0,
        469.72589111328125,
        259.0
      ],
      [
        0.0,
        0.0,
        1.0
      ]
    ],
    "image_size": [
      518,
      518
    ]
  },
  {
    "index": 4,
    "file": "pose_5_image.png",
    "cam_T_world": [
      [
        0.30844681377577937,
        0.8265065101167081,
        0.4713090396456705,
        -0.522884903704952
      ],
      [
        -0.810086235696966,
        0.4857702786445577,
        -0.325418696030122,
        0.3114194059452027
      ],
      [
        -0.49810296934723514,
        -0.2819362866241084,
        0.8202528869549077,
        0.19010369945590372
      ],
      [
        0.0,
        0.0,
        0.0,
        1.0
      ]
    ],
    "K": [
      [
        444.746337890625,
        0.0,
        259.0
      ],
      [
        0.0,
        448.7682800292969,
        259.0
      ],
      [
        0.0,
        0.0,
        1.0
      ]
    ],
    "image_size": [
      518,
      518
    ]
  },
  {
    "index": 5,
    "file": "pose_6_image.png",
    "cam_T_world": [
      [
        0.01163041520758931,
        0.8724485192452271,
        0.4905507397697145,
        -0.5474214799056977
      ],
      [
        -0.8536374241700874,
        0.2659180065805808,
        -0.4480385071965011,
        0.43806866281836637
      ],
      [
        -0.5199603181996424,
        -0.41431087631832514,
        0.7464984288350859,
        0.28064422960581736
      ],
      [
        0.0,
        0.0,
        0.0,
        1.0
      ]
    ],
    "K": [
      [
        436.8620910644531,
        0.0,
        259.0
      ],
      [
        0.0,
        440.77801513671875,
        259.0
      ],
      [
        0.0,
        0.0,
        1.0
      ]
    ],
    "image_size": [
      518,
      518
    ]
  }
]