[
  {
    "index": 0,
    "file": "pose_1_image.png",
    "cam_T_world": [
      [
        0.999999981658903,
        -0.00012015581146139465,
        6.247941732028344e-05,
        -7.245776832272941e-05
      ],
      [
        0.00012017010871765704,
        0.9999999724641393,
        -0.00011443340831143923,
        -9.348756101224685e-05
      ],
      [
        -6.245191420136645e-05,
        0.00011444842043051476,
        0.9999999830013172,
        0.00016402580974245423
      ],
      [
        0.0,
        0.0,
        0.0,
        1.0
      ]
    ],
    "K": [
      [
        483.0275573730469,
        0.0,
        259.0
      ],
      [
        0.0,
        487.5914306640625,
        259.0
      ],
      [
        0.0,
        0.0,
        1.0
      ]
    ],
    "image_size": [
      518,
      518
    ]
  },
  {
    "index": 1,
    "file": "pose_2_image.png",
    "cam_T_world": [
      [
        0.9501715051964794,
        0.2615459591304697,
        0.16934889502092482,
        -0.19026253959758269
      ],
      [
        -0.2611323646455844,
        0.9650649314391595,
        -0.023836168490268223,
        0.013847679392422338
      ],
      [
        -0.16998592561101541,
        -0.021519652206493708,
        0.9852255199850292,
        0.0008878101422464419
      ],
      [
        0.0,
        0.0,
        0.0,
        1.0
      ]
    ],
    "K": [
      [
        485.3011169433594,
        0.0,
        259.0
      ],
      [
        0.0,
        489.89862060546875,
        259.0
      ],
      [
        0.0,
        0.0,
        1.0
      ]
    ],
    "image_size": [
      518,
      518
    ]
  },
  {
    "index": 2,
    "file": "pose_3_image.png",
    "cam_T_world": [
      [
        0.8075174400534592,
        0.5013211429670749,
        0.3128052246952811,
        -0.3589908669740274
      ],
      [
        -0.5007088056915919,
        0.861251021576927,
        -0.08730691816587864,
        0.07643943005513623
      ],
      [
        -0.31378496433605363,
        -0.08572847481295487,
        0.9460201093655395,
        0.03861902863780583
      ],
      [
        0.0,
        0.0,
        0.0,
        1.0
      ]
    ],
    "K": [
      [
        485.3011169433594,
        0.0,
        259.0
      ],
      [
        0.0,
        492.2229309082031,
        259.0
      ],
      [
        0.0,
        0.0,
        1.0
      ]
    ],
    "image_size": [
      518,
      518
    ]
  },
  {
    "index": 3,
    "file": "pose_4_image.png",
    "cam_T_world": [
      [
        0.580515335504347,
        0.6894095809808204,
        0.43126581815750453,
        -0.49879080751991944
      ],
      [
        -0.6906755055087734,
        0.6964582093242734,
        -0.17869638681613173,
        0.17190824984776507
      ],
      [
        -0.42441071105609574,
        -0.1966377707101477,
        0.883878323044682,
        0.09582042384630435
      ],
      [
        0.0,
        0.0,
        0.0,
        1.0
      ]
    ],
    "K": [
      [
        499.3006286621094,
        0.0,
        259.0
      ],
      [
        0.0,
        501.69549560546875,
        259.0
      ],
      [
        0.0,
        0.0,
        1.0
      ]
    ],
    "image_size": [
      518,
      518
    ]
  },
  {
    "index": 4,
    "file": "pose_5_image.png",
    "cam_T_world": [
      [
        0.3050563674190788,
        0.8140823929803482,
        0.4922365505576944,
        -0.5646688241229892
      ],
      [
        -0.8191329331350978,
        0.4877788835656904,
        -0.303796149479262,
        0.3063257516370388
      ],
      [
        -0.4877343234771189,
        -0.309402738361506,
        0.8172447097701929,
        0.19152360540392466
      ],
      [
        0.0,
        0.0,
        0.0,
        1.0
      ]
    ],
    "K": [
      [
        485.3011169433594,
        0.0,
        259.0
      ],
      [
        0.0,
        489.89862060546875,
        259.0
      ],
      [
        0.0,
        0.0,
        1.0
      ]
    ],
    "image_size": [
      518,
      518
    ]
  },
  {
    "index": 5,
    "file": "pose_6_image.png",
    "cam_T_world": [
      [
        -3.96946239467455e-05,
        0.8638238846850155,
        0.5046235666694797,
        -0.5918237570200656
      ],
      [
        -0.8564622656929114,
        0.25703738090508665,
        -0.44034072075053043,
        0.4575364385875111
      ],
      [
        -0.5093386229502543,
        -0.43361788726143713,
        0.7428707598576471,
        0.27392639385254663
      ],
      [
        0.0,
        0.0,
        0.0,
        1.0
      ]
    ],
    "K": [
      [
        478.5296936035156,
        0.0,
        259.0
      ],
      [
        0.0,
        483.0275573730469,
        259.0
      ],
      [
        0.0,
        0.0,
        1.0
      ]
    ],
    "image_size": [
      518,
      518
    ]
  }
]