{
  "note": "Per-image joint positions and camera pose at capture time.",
  "prompt": "blue object.",
  "created_at": "2026-01-28T16:06:31.635238",
  "joint_names": [
    "shoulder_lift_joint",
    "elbow_joint",
    "wrist_1_joint",
    "wrist_2_joint",
    "wrist_3_joint",
    "shoulder_pan_joint"
  ],
  "shots": {
    "image_1": {
      "image_file": "pose_1_image.png",
      "image_stamp_ns": 1769612804929087901,
      "joint_stamp_ns": 1769612805116445883,
      "position": [
        -0.9492588204196473,
        1.2293174902545374,
        -1.8508535824217738,
        -1.5708139578448694,
        -1.206489388142721,
        0.36435216665267944
      ],
      "camera_pose": {
        "parent_frame": "base_link",
        "child_frame": "camera_optical",
        "stamp": {
          "sec": 1769612804,
          "nanosec": 929087901,
          "stamp_ns": 1769612804929087901
        },
        "R": [
          [
            -0.002159114789,
            -0.999978241833,
            -0.006233304346
          ],
          [
            -0.999989665211,
            0.002183994889,
            -0.003987434844
          ],
          [
            0.004000961589,
            0.006224630596,
            -0.999972622765
          ]
        ],
        "t": [
          0.6290349695045556,
          0.4417583159385492,
          0.30394487135666104
        ]
      }
    },
    "image_2": {
      "image_file": "pose_2_image.png",
      "image_stamp_ns": 1769612807729100224,
      "joint_stamp_ns": 1769612807966446106,
      "position": [
        -1.0179415506175538,
        1.3412531057940882,
        -1.8940826855101527,
        -1.5707915464984339,
        -1.5113604704486292,
        0.3736191391944885
      ],
      "camera_pose": {
        "parent_frame": "base_link",
        "child_frame": "camera_optical",
        "stamp": {
          "sec": 1769612807,
          "nanosec": 729100224,
          "stamp_ns": 1769612807729100224
        },
        "R": [
          [
            0.307149358836,
            -0.951649116894,
            -0.004819717925
          ],
          [
            -0.951652882986,
            -0.307121368011,
            -0.005766768253
          ],
          [
            0.004007701552,
            0.00635795763,
            -0.999971756953
          ]
        ],
        "t": [
          0.5798593762435849,
          0.4339216469866882,
          0.3038293100237001
        ]
      }
    },
    "image_3": {
      "image_file": "pose_3_image.png",
      "image_stamp_ns": 1769612810729125821,
      "joint_stamp_ns": 1769612810816453072,
      "position": [
        -1.0893525344184418,
        1.4533146063434046,
        -1.934728284875387,
        -1.5707829634295862,
        -1.8301070372210901,
        0.36906978487968445
      ],
      "camera_pose": {
        "parent_frame": "base_link",
        "child_frame": "camera_optical",
        "stamp": {
          "sec": 1769612810,
          "nanosec": 729125821,
          "stamp_ns": 1769612810729125821
        },
        "R": [
          [
            0.586094132049,
            -0.810238182166,
            -0.002785056364
          ],
          [
            -0.81023316939,
            -0.586066675975,
            -0.006932714578
          ],
          [
            0.003984921332,
            0.006319768379,
            -0.999972090075
          ]
        ],
        "t": [
          0.5354896004805264,
          0.4113623636227957,
          0.303852713955624
        ]
      }
    },
    "image_4": {
      "image_file": "pose_4_image.png",
      "image_stamp_ns": 1769612813529237159,
      "joint_stamp_ns": 1769612813666445199,
      "position": [
        -1.1575214129737397,
        1.5559900442706507,
        -1.969152113000387,
        -1.5708215872394007,
        -2.1642892996417444,
        0.34907329082489014
      ],
      "camera_pose": {
        "parent_frame": "base_link",
        "child_frame": "camera_optical",
        "stamp": {
          "sec": 1769612813,
          "nanosec": 529237159,
          "stamp_ns": 1769612813529237159
        },
        "R": [
          [
            0.807849084385,
            -0.5893891056,
            -0.0005822868
          ],
          [
            -0.589376518164,
            -0.807824512759,
            -0.007407862236
          ],
          [
            0.003895727747,
            0.006327620891,
            -0.999972391878
          ]
        ],
        "t": [
          0.5002506715726602,
          0.376183166222493,
          0.30382944189495525
        ]
      }
    },
    "image_5": {
      "image_file": "pose_5_image.png",
      "image_stamp_ns": 1769612816329219356,
      "joint_stamp_ns": 1769612816518444142,
      "position": [
        -1.2162273985198517,
        1.6405699888812464,
        -1.9951392612852992,
        -1.5708296934710901,
        -2.5135746637927454,
        0.31391286849975586
      ],
      "camera_pose": {
        "parent_frame": "base_link",
        "child_frame": "camera_optical",
        "stamp": {
          "sec": 1769612816,
          "nanosec": 329219356,
          "stamp_ns": 1769612816329219356
        },
        "R": [
          [
            0.950428686867,
            -0.310936887622,
            0.001887616327
          ],
          [
            -0.310916616792,
            -0.950410205952,
            -0.007162249955
          ],
          [
            0.004021017531,
            0.006220316537,
            -0.999972569164
          ]
        ],
        "t": [
          0.4776765795865613,
          0.3317825761787579,
          0.303899415014417
        ]
      }
    },
    "image_6": {
      "image_file": "pose_6_image.png",
      "image_stamp_ns": 1769612819329171719,
      "joint_stamp_ns": 1769612819410443526,
      "position": [
        -1.2588466864875336,
        1.6998937765704554,
        -2.011787553826803,
        -1.5707867781268519,
        -2.8751755396472376,
        0.2664708197116852
      ],
      "camera_pose": {
        "parent_frame": "base_link",
        "child_frame": "camera_optical",
        "stamp": {
          "sec": 1769612819,
          "nanosec": 329171719,
          "stamp_ns": 1769612819329171719
        },
        "R": [
          [
            0.999990140766,
            -0.002091035935,
            0.003917389498
          ],
          [
            -0.002066424177,
            -0.999978169104,
            -0.006276241477
          ],
          [
            0.003930427824,
            0.006268084609,
            -0.999972631052
          ]
        ],
        "t": [
          0.4698825247619866,
          0.2825691639322667,
          0.3038668365344298
        ]
      }
    }
  }
}