{
  "note": "Per-image joint positions and camera pose at capture time.",
  "prompt": "blue object .",
  "created_at": "2026-01-22T14:45:44.866893",
  "joint_names": [
    "shoulder_lift_joint",
    "elbow_joint",
    "wrist_1_joint",
    "wrist_2_joint",
    "wrist_3_joint",
    "shoulder_pan_joint"
  ],
  "shots": {
    "image_1": {
      "image_file": "pose_1_image.png",
      "image_stamp_ns": 1769089558089050611,
      "joint_stamp_ns": 1769089558279600147,
      "position": [
        -1.2142973703197022,
        1.637869660054342,
        -1.9943043194212855,
        -1.570817772542135,
        -1.069085423146383,
        0.5017601847648621
      ],
      "camera_pose": {
        "parent_frame": "base_link",
        "child_frame": "camera_optical",
        "stamp": {
          "sec": 1769089558,
          "nanosec": 89050611,
          "stamp_ns": 1769089558089050611
        },
        "R": [
          [
            -0.00213221831,
            -0.999977751995,
            -0.006320534748
          ],
          [
            -0.999989495584,
            0.002157803123,
            -0.004043835659
          ],
          [
            0.004057384161,
            0.006311846014,
            -0.999971848721
          ]
        ],
        "t": [
          0.4667837711621494,
          0.46729759467227366,
          0.303887181341293
        ]
      }
    },
    "image_2": {
      "image_file": "pose_2_image.png",
      "image_stamp_ns": 1769089561089067227,
      "joint_stamp_ns": 1769089561179601842,
      "position": [
        -1.271993265753128,
        1.7178204695331019,
        -2.0164886913695277,
        -1.5707901159869593,
        -1.3649609724627894,
        0.5199294090270996
      ],
      "camera_pose": {
        "parent_frame": "base_link",
        "child_frame": "camera_optical",
        "stamp": {
          "sec": 1769089561,
          "nanosec": 89067227,
          "stamp_ns": 1769089561089067227
        },
        "R": [
          [
            0.30692072587,
            -0.951723083862,
            -0.004779087235
          ],
          [
            -0.951726534115,
            -0.306892816316,
            -0.005779580815
          ],
          [
            0.004033892936,
            0.006322257269,
            -0.99997187799
          ]
        ],
        "t": [
          0.41767885466037374,
          0.45947658647542367,
          0.3038553459891188
        ]
      }
    },
    "image_3": {
      "image_file": "pose_3_image.png",
      "image_stamp_ns": 1769089563889090753,
      "joint_stamp_ns": 1769089564079598744,
      "position": [
        -1.338438944225647,
        1.8053153196917933,
        -2.0375520191588343,
        -1.5708330313311976,
        -1.6763270537005823,
        0.5227715373039246
      ],
      "camera_pose": {
        "parent_frame": "base_link",
        "child_frame": "camera_optical",
        "stamp": {
          "sec": 1769089563,
          "nanosec": 889090753,
          "stamp_ns": 1769089563889090753
        },
        "R": [
          [
            0.586080232951,
            -0.810248049983,
            -0.002838669229
          ],
          [
            -0.810243132648,
            -0.58605217268,
            -0.006994061404
          ],
          [
            0.004003316345,
            0.006399093385,
            -0.999971512125
          ]
        ],
        "t": [
          0.3732796241739189,
          0.4368732995000314,
          0.30383446606054915
        ]
      }
    },
    "image_4": {
      "image_file": "pose_4_image.png",
      "image_stamp_ns": 1769089566889133791,
      "joint_stamp_ns": 1769089566979599363,
      "position": [
        -1.4086385530284424,
        1.8921669165240687,
        -2.054315229455465,
        -1.570836369191305,
        -2.006228748952047,
        0.5071065425872803
      ],
      "camera_pose": {
        "parent_frame": "base_link",
        "child_frame": "camera_optical",
        "stamp": {
          "sec": 1769089566,
          "nanosec": 889133791,
          "stamp_ns": 1769089566889133791
        },
        "R": [
          [
            0.80781129381,
            -0.589441031269,
            -0.000429243754
          ],
          [
            -0.589427479753,
            -0.807787327107,
            -0.007408122419
          ],
          [
            0.004019913653,
            0.00623737302,
            -0.999972467357
          ]
        ],
        "t": [
          0.3380295133505484,
          0.4017005262451573,
          0.3039019830073574
        ]
      }
    },
    "image_5": {
      "image_file": "pose_5_image.png",
      "image_stamp_ns": 1769089569689108835,
      "joint_stamp_ns": 1769089569879599951,
      "position": [
        -1.476151281302311,
        1.9703391234027308,
        -2.064916273156637,
        -1.5707901159869593,
        -2.356192413960592,
        0.4712607264518738
      ],
      "camera_pose": {
        "parent_frame": "base_link",
        "child_frame": "camera_optical",
        "stamp": {
          "sec": 1769089569,
          "nanosec": 689108835,
          "stamp_ns": 1769089569689108835
        },
        "R": [
          [
            0.950411971327,
            -0.310987681527,
            0.001935638736
          ],
          [
            -0.310967247437,
            -0.950393893053,
            -0.007128749501
          ],
          [
            0.004056572513,
            0.006173328617,
            -0.999972716744
          ]
        ],
        "t": [
          0.3154637318060911,
          0.3573062403736617,
          0.3039337623314697
        ]
      }
    },
    "image_6": {
      "image_file": "pose_6_image.png",
      "image_stamp_ns": 1769089572489203232,
      "joint_stamp_ns": 1769089572729602459,
      "position": [
        -1.5330533546260376,
        2.0318449179278772,
        -2.069571634332174,
        -1.5707796255694788,
        -2.724973503743307,
        0.41664063930511475
      ],
      "camera_pose": {
        "parent_frame": "base_link",
        "child_frame": "camera_optical",
        "stamp": {
          "sec": 1769089572,
          "nanosec": 489203232,
          "stamp_ns": 1769089572489203232
        },
        "R": [
          [
            0.99999021299,
            -0.001883582343,
            0.004003253818
          ],
          [
            -0.001858758194,
            -0.99997907898,
            -0.00619569365
          ],
          [
            0.004014840165,
            0.006188191932,
            -0.999972793299
          ]
        ],
        "t": [
          0.3076593770102526,
          0.3080901506004889,
          0.30392390411138326
        ]
      }
    }
  }
}