{
  "note": "Per-image joint positions and camera pose at capture time.",
  "prompt": "red object.",
  "created_at": "2026-02-04T12:19:16.582011",
  "joint_names": [
    "shoulder_lift_joint",
    "elbow_joint",
    "wrist_1_joint",
    "wrist_2_joint",
    "wrist_3_joint",
    "shoulder_pan_joint"
  ],
  "shots": {
    "image_1": {
      "image_file": "pose_1_image.png",
      "image_stamp_ns": 1770203969666111628,
      "joint_stamp_ns": 1770203969837051124,
      "position": [
        -1.0113928479007264,
        1.330726448689596,
        -1.8900934658446253,
        -1.5707796255694788,
        -0.8934844175921839,
        0.6773743629455566
      ],
      "camera_pose": {
        "parent_frame": "base_link",
        "child_frame": "camera_optical",
        "stamp": {
          "sec": 1770203969,
          "nanosec": 666111628,
          "stamp_ns": 1770203969666111628
        },
        "R": [
          [
            -0.002176310121,
            -0.99997844684,
            -0.00619431436
          ],
          [
            -0.999989525672,
            0.002201191881,
            -0.004012891689
          ],
          [
            0.004026440073,
            0.006185516182,
            -0.999972763214
          ]
        ],
        "t": [
          0.4600585947463366,
          0.6002651518922639,
          0.30394725240069354
        ]
      }
    },
    "image_2": {
      "image_file": "pose_2_image.png",
      "image_stamp_ns": 1770203972466151294,
      "joint_stamp_ns": 1770203972687051629,
      "position": [
        -1.0548647207072754,
        1.3997910658465784,
        -1.9156776867308558,
        -1.5708096663104456,
        -1.1892817656146448,
        0.6957513093948364
      ],
      "camera_pose": {
        "parent_frame": "base_link",
        "child_frame": "camera_optical",
        "stamp": {
          "sec": 1770203972,
          "nanosec": 466151294,
          "stamp_ns": 1770203972466151294
        },
        "R": [
          [
            0.307025477649,
            -0.95168900812,
            -0.004836103541
          ],
          [
            -0.951692643411,
            -0.306997054236,
            -0.005824188189
          ],
          [
            0.00405814634,
            0.006390658323,
            -0.999971345057
          ]
        ],
        "t": [
          0.41708800712383254,
          0.5934309971607507,
          0.3038119965231364
        ]
      }
    },
    "image_3": {
      "image_file": "pose_3_image.png",
      "image_stamp_ns": 1770203975466137365,
      "joint_stamp_ns": 1770203975587051308,
      "position": [
        -1.1065308314612885,
        1.4795611540423792,
        -1.9438368282713832,
        -1.5708296934710901,
        -1.494890038167135,
        0.7042746543884277
      ],
      "camera_pose": {
        "parent_frame": "base_link",
        "child_frame": "camera_optical",
        "stamp": {
          "sec": 1770203975,
          "nanosec": 466137365,
          "stamp_ns": 1770203975466137365
        },
        "R": [
          [
            0.586087188955,
            -0.810243145237,
            -0.002802238467
          ],
          [
            -0.810237991868,
            -0.586059269043,
            -0.006994977007
          ],
          [
            0.004025354343,
            0.006370146479,
            -0.999971608475
          ]
        ],
        "t": [
          0.37825937403551524,
          0.5736899883477059,
          0.3038205852819222
        ]
      }
    },
    "image_4": {
      "image_file": "pose_4_image.png",
      "image_stamp_ns": 1770203978266164412,
      "joint_stamp_ns": 1770203978487043396,
      "position": [
        -1.1619000893882294,
        1.5623095671283167,
        -1.9712020359435023,
        -1.5707762877093714,
        -1.8122904936419886,
        0.7010380029678345
      ],
      "camera_pose": {
        "parent_frame": "base_link",
        "child_frame": "camera_optical",
        "stamp": {
          "sec": 1770203978,
          "nanosec": 266164412,
          "stamp_ns": 1770203978266164412
        },
        "R": [
          [
            0.80787464196,
            -0.58935411148,
            -0.000542364966
          ],
          [
            -0.589340997063,
            -0.807849783445,
            -0.00747773824
          ],
          [
            0.003968886356,
            0.006360713013,
            -0.999971894241
          ]
        ],
        "t": [
          0.3474224774770389,
          0.5429100811379612,
          0.3038387077311678
        ]
      }
    },
    "image_5": {
      "image_file": "pose_5_image.png",
      "image_stamp_ns": 1770203981066153932,
      "joint_stamp_ns": 1770203981337044106,
      "position": [
        -1.216087595825531,
        1.6404250303851526,
        -1.995028635064596,
        -1.570793930684225,
        -2.1424887816058558,
        0.6850584745407104
      ],
      "camera_pose": {
        "parent_frame": "base_link",
        "child_frame": "camera_optical",
        "stamp": {
          "sec": 1770203981,
          "nanosec": 66153932,
          "stamp_ns": 1770203981066153932
        },
        "R": [
          [
            0.950562191744,
            -0.310528776702,
            0.001843493075
          ],
          [
            -0.310508709151,
            -0.950543400989,
            -0.007182226509
          ],
          [
            0.003982608189,
            0.006254732317,
            -0.9999725082
          ]
        ],
        "t": [
          0.32760766305459876,
          0.5040678962484214,
          0.303916939109227
        ]
      }
    },
    "image_6": {
      "image_file": "pose_6_image.png",
      "image_stamp_ns": 1770203984066235267,
      "joint_stamp_ns": 1770203984187042908,
      "position": [
        -1.263806329374649,
        1.7066376844989222,
        -2.0135556660094203,
        -1.570810619984762,
        -2.4851587454425257,
        0.6565102934837341
      ],
      "camera_pose": {
        "parent_frame": "base_link",
        "child_frame": "camera_optical",
        "stamp": {
          "sec": 1770203984,
          "nanosec": 66235267,
          "stamp_ns": 1770203984066235267
        },
        "R": [
          [
            0.999990162728,
            -0.002047272155,
            0.003934860189
          ],
          [
            -0.002022608915,
            -0.999978350009,
            -0.006261674453
          ],
          [
            0.003947594352,
            0.006253654172,
            -0.99997265378
          ]
        ],
        "t": [
          0.32086453491773187,
          0.46111914146043304,
          0.3038742686666304
        ]
      }
    },
    "image_7": {
      "image_file": "pose_7_image.png",
      "image_stamp_ns": 1770203986866218590,
      "joint_stamp_ns": 1770203987037041971,
      "position": [
        -1.299717829828598,
        1.7548993269549769,
        -2.025868078271383,
        -1.5707605520831507,
        -2.838003698979513,
        0.6178643107414246
      ],
      "camera_pose": {
        "parent_frame": "base_link",
        "child_frame": "camera_optical",
        "stamp": {
          "sec": 1770203986,
          "nanosec": 866218590,
          "stamp_ns": 1770203986866218590
        },
        "R": [
          [
            0.951665796997,
            0.307083777566,
            0.005635989951
          ],
          [
            0.307110611485,
            -0.951662044768,
            -0.004735489594
          ],
          [
            0.003909365688,
            0.006237475798,
            -0.999972905011
          ]
        ],
        "t": [
          0.32768715581302416,
          0.4181039892327929,
          0.3038565396759736
        ]
      }
    },
    "image_8": {
      "image_file": "pose_8_image.png",
      "image_stamp_ns": 1770203989666235245,
      "joint_stamp_ns": 1770203989887051207,
      "position": [
        -1.3190873128226777,
        1.7802370230304163,
        -2.0319372616209925,
        -1.5707901159869593,
        -3.1964054743396204,
        0.5735929012298584
      ],
      "camera_pose": {
        "parent_frame": "base_link",
        "child_frame": "camera_optical",
        "stamp": {
          "sec": 1770203989,
          "nanosec": 666235245,
          "stamp_ns": 1770203989666235245
        },
        "R": [
          [
            0.81013225522,
            0.58620806138,
            0.006770363769
          ],
          [
            0.586234346817,
            -0.810136873103,
            -0.002745441907
          ],
          [
            0.003875521156,
            0.006193190826,
            -0.999973312005
          ]
        ],
        "t": [
          0.3474794542159958,
          0.379307261281532,
          0.3038479200484723
        ]
      }
    },
    "image_9": {
      "image_file": "pose_9_image.png",
      "image_stamp_ns": 1770203992666299294,
      "joint_stamp_ns": 1770203992787043384,
      "position": [
        -1.3192265790751954,
        1.78040057817568,
        -2.0319487057127894,
        -1.570824925099508,
        -3.5543115774737757,
        0.52985680103302
      ],
      "camera_pose": {
        "parent_frame": "base_link",
        "child_frame": "camera_optical",
        "stamp": {
          "sec": 1770203992,
          "nanosec": 666299294,
          "stamp_ns": 1770203992666299294
        },
        "R": [
          [
            0.589400707773,
            0.807807099378,
            0.007382131887
          ],
          [
            0.807830960151,
            -0.589414067928,
            -0.000443114426
          ],
          [
            0.003993181406,
            0.006224686646,
            -0.999972653515
          ]
        ],
        "t": [
          0.3782414086084617,
          0.34850401358747557,
          0.30390737990313693
        ]
      }
    },
    "image_10": {
      "image_file": "pose_10_image.png",
      "image_stamp_ns": 1770203995466309513,
      "joint_stamp_ns": 1770203995637049782,
      "position": [
        -1.3000225883773346,
        1.7551968733416956,
        -2.0259696445860804,
        -1.5707953611956995,
        -3.905586067830221,
        0.4927539527416229
      ],
      "camera_pose": {
        "parent_frame": "base_link",
        "child_frame": "camera_optical",
        "stamp": {
          "sec": 1770203995,
          "nanosec": 466309513,
          "stamp_ns": 1770203995466309513
        },
        "R": [
          [
            0.310906833604,
            0.950413876054,
            0.007099649448
          ],
          [
            0.950431971863,
            -0.310926849701,
            0.001887060203
          ],
          [
            0.004000959839,
            0.006161033911,
            -0.999973016627
          ]
        ],
        "t": [
          0.41697979734960466,
          0.32872848658484816,
          0.30391321109792335
        ]
      }
    },
    "image_11": {
      "image_file": "pose_11_image.png",
      "image_stamp_ns": 1770203998266293443,
      "joint_stamp_ns": 1770203998537049332,
      "position": [
        -1.264209733610489,
        1.7071574370013636,
        -2.0136872730650843,
        -1.5708091894732874,
        -4.245684210454122,
        0.46679022908210754
      ],
      "camera_pose": {
        "parent_frame": "base_link",
        "child_frame": "camera_optical",
        "stamp": {
          "sec": 1770203998,
          "nanosec": 266293443,
          "stamp_ns": 1770203998266293443
        },
        "R": [
          [
            0.001923523562,
            0.999978728926,
            0.006232315159
          ],
          [
            0.999989999781,
            -0.001948632813,
            0.004025316013
          ],
          [
            0.004037374884,
            0.006224510044,
            -0.999972477161
          ]
        ],
        "t": [
          0.46004619728142226,
          0.3219276538698485,
          0.30391640728533215
        ]
      }
    },
    "image_12": {
      "image_file": "pose_12_image.png",
      "image_stamp_ns": 1770204001266343356,
      "joint_stamp_ns": 1770204001437048814,
      "position": [
        -1.216508613233902,
        1.640984360371725,
        -1.9952088795103968,
        -1.570824925099508,
        -4.572430078183309,
        0.45418834686279297
      ],
      "camera_pose": {
        "parent_frame": "base_link",
        "child_frame": "camera_optical",
        "stamp": {
          "sec": 1770204001,
          "nanosec": 266343356,
          "stamp_ns": 1770204001266343356
        },
        "R": [
          [
            -0.307153414888,
            0.951648240485,
            0.004733508675
          ],
          [
            0.951651432118,
            0.307125724102,
            0.005774196358
          ],
          [
            0.004041221525,
            0.006278214439,
            -0.999972125888
          ]
        ],
        "t": [
          0.5030181239339411,
          0.32877138152230073,
          0.303960031627109
        ]
      }
    },
    "image_13": {
      "image_file": "pose_13_image.png",
      "image_stamp_ns": 1770204004066317320,
      "joint_stamp_ns": 1770204004337045747,
      "position": [
        -1.1623726052096863,
        1.5629680792437952,
        -1.9713579616942347,
        -1.570817772542135,
        -4.8858917395221155,
        0.4548715651035309
      ],
      "camera_pose": {
        "parent_frame": "base_link",
        "child_frame": "camera_optical",
        "stamp": {
          "sec": 1770204004,
          "nanosec": 66317320,
          "stamp_ns": 1770204004066317320
        },
        "R": [
          [
            -0.586299191189,
            0.810090211262,
            0.002666088673
          ],
          [
            0.810084560648,
            0.586272367902,
            0.006907621557
          ],
          [
            0.004032742487,
            0.006209690203,
            -0.999972587992
          ]
        ],
        "t": [
          0.541905586900188,
          0.34851731260990226,
          0.30388735584571364
        ]
      }
    },
    "image_14": {
      "image_file": "pose_14_image.png",
      "image_stamp_ns": 1770204007066340046,
      "joint_stamp_ns": 1770204007187042654,
      "position": [
        -1.1069754523089905,
        1.4802048842059534,
        -1.9440094433226527,
        -1.5708487669574183,
        -5.187632147465841,
        0.4672528803348541
      ],
      "camera_pose": {
        "parent_frame": "base_link",
        "child_frame": "camera_optical",
        "stamp": {
          "sec": 1770204007,
          "nanosec": 66340046,
          "stamp_ns": 1770204007066340046
        },
        "R": [
          [
            -0.807747183021,
            0.589528916699,
            0.00038039071
          ],
          [
            0.58951514336,
            0.807723544823,
            0.007387211144
          ],
          [
            0.004047724051,
            0.006191245076,
            -0.999972641833
          ]
        ],
        "t": [
          0.5726780965738353,
          0.3792536889422053,
          0.3039025477705384
        ]
      }
    },
    "image_15": {
      "image_file": "pose_15_image.png",
      "image_stamp_ns": 1770204009866343735,
      "joint_stamp_ns": 1770204010087044131,
      "position": [
        -1.0553013843349,
        1.4003356138812464,
        -1.915866037408346,
        -1.5708144346820276,
        -5.4799373785602015,
        0.4890850782394409
      ],
      "camera_pose": {
        "parent_frame": "base_link",
        "child_frame": "camera_optical",
        "stamp": {
          "sec": 1770204009,
          "nanosec": 866343735,
          "stamp_ns": 1770204009866343735
        },
        "R": [
          [
            -0.950411877679,
            0.310988317931,
            -0.001878530615
          ],
          [
            0.31096804708,
            0.950393275174,
            0.007176085262
          ],
          [
            0.004017021549,
            0.006236073672,
            -0.999972487083
          ]
        ],
        "t": [
          0.5924355771450222,
          0.4180580200432718,
          0.30394174456785683
        ]
      }
    },
    "image_16": {
      "image_file": "pose_16_image.png",
      "image_stamp_ns": 1770204012866343153,
      "joint_stamp_ns": 1770204012987046501,
      "position": [
        -1.0117235344699402,
        1.3311474959002894,
        -1.8902608356871546,
        -1.5707905928241175,
        -5.76538455883135,
        0.5178494453430176
      ],
      "camera_pose": {
        "parent_frame": "base_link",
        "child_frame": "camera_optical",
        "stamp": {
          "sec": 1770204012,
          "nanosec": 866343153,
          "stamp_ns": 1770204012866343153
        },
        "R": [
          [
            -0.999990028808,
            0.002142419938,
            -0.003918203834
          ],
          [
            0.002117825269,
            0.999978097959,
            0.006270440078
          ],
          [
            0.003931551933,
            0.006262079483,
            -0.999972664256
          ]
        ],
        "t": [
          0.5992431677772323,
          0.46108389928183696,
          0.30398972652447687
        ]
      }
    }
  }
}