{
  "note": "Per-image joint positions and camera pose at capture time.",
  "prompt": "blue object.",
  "created_at": "2026-01-28T15:41:08.950260",
  "joint_names": [
    "shoulder_lift_joint",
    "elbow_joint",
    "wrist_1_joint",
    "wrist_2_joint",
    "wrist_3_joint",
    "shoulder_pan_joint"
  ],
  "shots": {
    "image_1": {
      "image_file": "pose_1_image.png",
      "image_stamp_ns": 1769611282318847131,
      "joint_stamp_ns": 1769611282508440513,
      "position": [
        -0.9659070533565064,
        1.2568219343768519,
        -1.861683031121725,
        -1.5707796255694788,
        -0.7355950514422815,
        0.8352944254875183
      ],
      "camera_pose": {
        "parent_frame": "base_link",
        "child_frame": "camera_optical",
        "stamp": {
          "sec": 1769611282,
          "nanosec": 318847131,
          "stamp_ns": 1769611282318847131
        },
        "R": [
          [
            -0.002110455513,
            -0.999978434367,
            -0.006219065711
          ],
          [
            -0.999989566627,
            0.002135592474,
            -0.004038054299
          ],
          [
            0.004051248606,
            0.006210478692,
            -0.999972508292
          ]
        ],
        "t": [
          0.3822922195218954,
          0.6803325342755862,
          0.30394358312339964
        ]
      }
    },
    "image_2": {
      "image_file": "pose_2_image.png",
      "image_stamp_ns": 1769611285318886852,
      "joint_stamp_ns": 1769611285400485757,
      "position": [
        -1.0132404130748291,
        1.333738152180807,
        -1.8912841282286585,
        -1.5708072821246546,
        -1.0215123335467737,
        0.8634867668151855
      ],
      "camera_pose": {
        "parent_frame": "base_link",
        "child_frame": "camera_optical",
        "stamp": {
          "sec": 1769611285,
          "nanosec": 318886852,
          "stamp_ns": 1769611285318886852
        },
        "R": [
          [
            0.307004459451,
            -0.951696005199,
            -0.004793283382
          ],
          [
            -0.951699299334,
            -0.306976104515,
            -0.005840796566
          ],
          [
            0.004087239299,
            0.006354915029,
            -0.999971454358
          ]
        ],
        "t": [
          0.3331630436131137,
          0.672544015352803,
          0.3037981596541801
        ]
      }
    },
    "image_3": {
      "image_file": "pose_3_image.png",
      "image_stamp_ns": 1769611288118871328,
      "joint_stamp_ns": 1769611288258441197,
      "position": [
        -1.0729682308486481,
        1.4280913511859339,
        -1.9258190594115199,
        -1.570751969014303,
        -1.3177970091449183,
        0.8813724517822266
      ],
      "camera_pose": {
        "parent_frame": "base_link",
        "child_frame": "camera_optical",
        "stamp": {
          "sec": 1769611288,
          "nanosec": 118871328,
          "stamp_ns": 1769611288118871328
        },
        "R": [
          [
            0.586035861671,
            -0.810280338535,
            -0.002782412475
          ],
          [
            -0.810275028078,
            -0.586007976098,
            -0.007002201271
          ],
          [
            0.004043230113,
            0.006358060402,
            -0.999971613276
          ]
        ],
        "t": [
          0.28881915697102073,
          0.6499150618957226,
          0.3038230607061331
        ]
      }
    },
    "image_4": {
      "image_file": "pose_4_image.png",
      "image_stamp_ns": 1769611290918924122,
      "joint_stamp_ns": 1769611291108449773,
      "position": [
        -1.140127883558609,
        1.530222241078512,
        -1.9607678852477015,
        -1.5708330313311976,
        -1.6272829214679163,
        0.8860809803009033
      ],
      "camera_pose": {
        "parent_frame": "base_link",
        "child_frame": "camera_optical",
        "stamp": {
          "sec": 1769611290,
          "nanosec": 918924122,
          "stamp_ns": 1769611290918924122
        },
        "R": [
          [
            0.807795943934,
            -0.589462006525,
            -0.000505793578
          ],
          [
            -0.589448530641,
            -0.807771033342,
            -0.007509155702
          ],
          [
            0.004017796586,
            0.0063640048,
            -0.999971677976
          ]
        ],
        "t": [
          0.2535699653228542,
          0.6147168779229751,
          0.3038153838841454
        ]
      }
    },
    "image_5": {
      "image_file": "pose_5_image.png",
      "image_stamp_ns": 1769611293718942973,
      "joint_stamp_ns": 1769611293958447827,
      "position": [
        -1.2092998784831543,
        1.6308468023883265,
        -1.9922696552672328,
        -1.5708368460284632,
        -1.9523323217975062,
        0.8752261400222778
      ],
      "camera_pose": {
        "parent_frame": "base_link",
        "child_frame": "camera_optical",
        "stamp": {
          "sec": 1769611293,
          "nanosec": 718942973,
          "stamp_ns": 1769611293718942973
        },
        "R": [
          [
            0.950483922264,
            -0.310768325774,
            0.001833361146
          ],
          [
            -0.310748128475,
            -0.950464799159,
            -0.007229537331
          ],
          [
            0.003989256446,
            0.006301845453,
            -0.999972185902
          ]
        ],
        "t": [
          0.2309118753972679,
          0.5703181021720316,
          0.30386343147200834
        ]
      }
    },
    "image_6": {
      "image_file": "pose_6_image.png",
      "image_stamp_ns": 1769611296718946933,
      "joint_stamp_ns": 1769611296808444218,
      "position": [
        -1.2744453114322205,
        1.721039120350973,
        -2.0173665485777796,
        -1.570810619984762,
        -2.294192139302389,
        0.8475118279457092
      ],
      "camera_pose": {
        "parent_frame": "base_link",
        "child_frame": "camera_optical",
        "stamp": {
          "sec": 1769611296,
          "nanosec": 718946933,
          "stamp_ns": 1769611296718946933
        },
        "R": [
          [
            0.999990202682,
            -0.002057880095,
            0.003919141446
          ],
          [
            -0.00203324508,
            -0.999978216884,
            -0.006279464363
          ],
          [
            0.00393197846,
            0.006271434267,
            -0.999972603954
          ]
        ],
        "t": [
          0.22313987762540569,
          0.5211603952074517,
          0.30386903804682586
        ]
      }
    }
  }
}