{
  "note": "Per-image joint positions and camera pose at capture time.",
  "prompt": "blue object.",
  "created_at": "2026-01-29T16:32:42.275558",
  "joint_names": [
    "shoulder_lift_joint",
    "elbow_joint",
    "wrist_1_joint",
    "wrist_2_joint",
    "wrist_3_joint",
    "shoulder_pan_joint"
  ],
  "shots": {
    "image_1": {
      "image_file": "pose_1_image.png",
      "image_stamp_ns": 1769700775797360587,
      "joint_stamp_ns": 1769700775950056846,
      "position": [
        -1.0869373840144654,
        1.4495256582843226,
        -1.9333893261351527,
        -1.5707672278033655,
        -0.91315204301943,
        0.6576718091964722
      ],
      "camera_pose": {
        "parent_frame": "base_link",
        "child_frame": "camera_optical",
        "stamp": {
          "sec": 1769700775,
          "nanosec": 797360587,
          "stamp_ns": 1769700775797360587
        },
        "R": [
          [
            -0.002178146309,
            -0.99997809204,
            -0.006250689431
          ],
          [
            -0.999989425975,
            0.002203402167,
            -0.004036453448
          ],
          [
            0.0040501378,
            0.00624183135,
            -0.999972317579
          ]
        ],
        "t": [
          0.44408218669641886,
          0.5706189932679414,
          0.3039260399561153
        ]
      }
    },
    "image_2": {
      "image_file": "pose_2_image.png",
      "image_stamp_ns": 1769700778597450447,
      "joint_stamp_ns": 1769700778800069730,
      "position": [
        -1.1136442583850403,
        1.4903367201434534,
        -1.9474717579283656,
        -1.5707634131061,
        -1.2157586256610315,
        0.6692374348640442
      ],
      "camera_pose": {
        "parent_frame": "base_link",
        "child_frame": "camera_optical",
        "stamp": {
          "sec": 1769700778,
          "nanosec": 597450447,
          "stamp_ns": 1769700778597450447
        },
        "R": [
          [
            0.307025984442,
            -0.951689022122,
            -0.004801046679
          ],
          [
            -0.951692566298,
            -0.306997910863,
            -0.005791543667
          ],
          [
            0.004037837229,
            0.006347274831,
            -0.999971703586
          ]
        ],
        "t": [
          0.4104146727780843,
          0.5652853712916994,
          0.3038383129751171
        ]
      }
    },
    "image_3": {
      "image_file": "pose_3_image.png",
      "image_stamp_ns": 1769700781397450359,
      "joint_stamp_ns": 1769700781650070539,
      "position": [
        -1.1456873577884217,
        1.5384491125689905,
        -1.9635054073729457,
        -1.5708454290973108,
        -1.5250914732562464,
        0.6740442514419556
      ],
      "camera_pose": {
        "parent_frame": "base_link",
        "child_frame": "camera_optical",
        "stamp": {
          "sec": 1769700781,
          "nanosec": 397450359,
          "stamp_ns": 1769700781397450359
        },
        "R": [
          [
            0.586177107272,
            -0.810177908816,
            -0.002855691986
          ],
          [
            -0.810173100805,
            -0.586148973403,
            -0.006994834538
          ],
          [
            0.003993199492,
            0.006413816707,
            -0.999971458249
          ]
        ],
        "t": [
          0.3799352482264894,
          0.5497806068403397,
          0.3038168634785377
        ]
      }
    },
    "image_4": {
      "image_file": "pose_4_image.png",
      "image_stamp_ns": 1769700784397445716,
      "joint_stamp_ns": 1769700784550060288,
      "position": [
        -1.180194841032364,
        1.5890381971942347,
        -1.9795786343016566,
        -1.5708215872394007,
        -1.8420541922198694,
        0.6712541580200195
      ],
      "camera_pose": {
        "parent_frame": "base_link",
        "child_frame": "camera_optical",
        "stamp": {
          "sec": 1769700784,
          "nanosec": 397445716,
          "stamp_ns": 1769700784397445716
        },
        "R": [
          [
            0.807801696695,
            -0.589454136346,
            -0.000489858494
          ],
          [
            -0.589440813955,
            -0.807777251724,
            -0.007445699548
          ],
          [
            0.003993201848,
            0.006303391317,
            -0.999972160411
          ]
        ],
        "t": [
          0.35577799952810507,
          0.5256482764716708,
          0.30385283182621037
        ]
      }
    },
    "image_5": {
      "image_file": "pose_5_image.png",
      "image_stamp_ns": 1769700787197536850,
      "joint_stamp_ns": 1769700787400059677,
      "position": [
        -1.2138735812953492,
        1.637259308491842,
        -1.9941607914366664,
        -1.570817772542135,
        -2.1669324080096644,
        0.6605679392814636
      ],
      "camera_pose": {
        "parent_frame": "base_link",
        "child_frame": "camera_optical",
        "stamp": {
          "sec": 1769700787,
          "nanosec": 197536850,
          "stamp_ns": 1769700787197536850
        },
        "R": [
          [
            0.95043180324,
            -0.310927907943,
            0.001795397454
          ],
          [
            -0.310908060717,
            -0.950412714286,
            -0.007200715584
          ],
          [
            0.003945272,
            0.006285585556,
            -0.999972462742
          ]
        ],
        "t": [
          0.34025801773445324,
          0.49522869091268706,
          0.30386049151097005
        ]
      }
    },
    "image_6": {
      "image_file": "pose_6_image.png",
      "image_stamp_ns": 1769700790197645142,
      "joint_stamp_ns": 1769700790300058958,
      "position": [
        -1.2433232229999085,
        1.6784666220294397,
        -2.005949636498922,
        -1.5707905928241175,
        -2.4991257826434534,
        0.6425361633300781
      ],
      "camera_pose": {
        "parent_frame": "base_link",
        "child_frame": "camera_optical",
        "stamp": {
          "sec": 1769700790,
          "nanosec": 197645142,
          "stamp_ns": 1769700790197645142
        },
        "R": [
          [
            0.999989999575,
            -0.002043565653,
            0.003978013281
          ],
          [
            -0.002018583755,
            -0.999978281445,
            -0.006273910906
          ],
          [
            0.003990748033,
            0.006265818212,
            -0.999972406345
          ]
        ],
        "t": [
          0.33493191688989427,
          0.4614884464470279,
          0.3038819104479377
        ]
      }
    }
  }
}