[
  {
    "index": 0,
    "file": "pose_1_image.png",
    "cam_T_world": [
      [
        0.9999999754925295,
        -2.5295500286003824e-05,
        0.00015449144805550086,
        0.00012879223376407466
      ],
      [
        2.5249236111685015e-05,
        0.9999999769431736,
        0.00014973076511032898,
        -0.00018401562006702072
      ],
      [
        -0.00015449901596055918,
        -0.000149722956189186,
        0.9999999537130883,
        0.0002689438115219886
      ],
      [
        0.0,
        0.0,
        0.0,
        1.0
      ]
    ],
    "K": [
      [
        448.7682800292969,
        0.0,
        259.0
      ],
      [
        0.0,
        448.7682800292969,
        259.0
      ],
      [
        0.0,
        0.0,
        1.0
      ]
    ],
    "image_size": [
      518,
      518
    ]
  },
  {
    "index": 1,
    "file": "pose_2_image.png",
    "cam_T_world": [
      [
        0.9510744191039984,
        0.2691330548670242,
        0.1535458970138039,
        -0.16229363778268577
      ],
      [
        -0.2658156441018596,
        0.9631794716037443,
        -0.03147581423050923,
        0.020818073796898214
      ],
      [
        -0.15728957658909407,
        -0.01090424143753839,
        0.9876726737423953,
        0.007997515269436253
      ],
      [
        0.0,
        0.0,
        0.0,
        1.0
      ]
    ],
    "K": [
      [
        444.746337890625,
        0.0,
        259.0
      ],
      [
        0.0,
        448.7682800292969,
        259.0
      ],
      [
        0.0,
        0.0,
        1.0
      ]
    ],
    "image_size": [
      518,
      518
    ]
  },
  {
    "index": 2,
    "file": "pose_3_image.png",
    "cam_T_world": [
      [
        0.8087785561823269,
        0.511177088128136,
        0.29107419012558367,
        -0.3167794457091701
      ],
      [
        -0.5069503617062324,
        0.8570422098867134,
        -0.10194118322408474,
        0.08429242266570856
      ],
      [
        -0.3000920699311002,
        -0.06436862393152157,
        0.9517179108699768,
        0.0396819836092831
      ],
      [
        0.0,
        0.0,
        0.0,
        1.0
      ]
    ],
    "K": [
      [
        448.7682800292969,
        0.0,
        259.0
      ],
      [
        0.0,
        448.7682800292969,
        259.0
      ],
      [
        0.0,
        0.0,
        1.0
      ]
    ],
    "image_size": [
      518,
      518
    ]
  },
  {
    "index": 3,
    "file": "pose_4_image.png",
    "cam_T_world": [
      [
        0.5849412585660062,
        0.7051227485977479,
        0.4049742275159707,
        -0.44481029391613613
      ],
      [
        -0.6906127298671403,
        0.692257536225972,
        -0.2034768587091973,
        0.18546383087741786
      ],
      [
        -0.42301276184246245,
        -0.16112675145705782,
        0.8915244500102746,
        0.09719843379545552
      ],
      [
        0.0,
        0.0,
        0.0,
        1.0
      ]
    ],
    "K": [
      [
        448.7682800292969,
        0.0,
        259.0
      ],
      [
        0.0,
        452.84503173828125,
        259.0
      ],
      [
        0.0,
        0.0,
        1.0
      ]
    ],
    "image_size": [
      518,
      518
    ]
  },
  {
    "index": 4,
    "file": "pose_5_image.png",
    "cam_T_world": [
      [
        0.30738744476859853,
        0.8287736698334337,
        0.4661286844715922,
        -0.5159675504972178
      ],
      [
        -0.8127298023861744,
        0.483762203119239,
        -0.32401999313213026,
        0.31249328280525956
      ],
      [
        -0.4929217003609502,
        -0.2808312107108937,
        0.8222055453160758,
        0.17586720196132583
      ],
      [
        0.0,
        0.0,
        0.0,
        1.0
      ]
    ],
    "K": [
      [
        444.746337890625,
        0.0,
        259.0
      ],
      [
        0.0,
        448.7682800292969,
        259.0
      ],
      [
        0.0,
        0.0,
        1.0
      ]
    ],
    "image_size": [
      518,
      518
    ]
  },
  {
    "index": 5,
    "file": "pose_6_image.png",
    "cam_T_world": [
      [
        0.0036046184036653156,
        0.8729485492266936,
        0.48685081191474483,
        -0.5352580778236316
      ],
      [
        -0.8534766466126159,
        0.25363935941154275,
        -0.44897820412546546,
        0.4419264497778483
      ],
      [
        -0.5161033439407146,
        -0.4139278248040034,
        0.7487343132619234,
        0.2588365442876481
      ],
      [
        0.0,
        0.0,
        0.0,
        1.0
      ]
    ],
    "K": [
      [
        436.8620910644531,
        0.0,
        259.0
      ],
      [
        0.0,
        440.77801513671875,
        259.0
      ],
      [
        0.0,
        0.0,
        1.0
      ]
    ],
    "image_size": [
      518,
      518
    ]
  }
]