{
  "note": "Per-image joint positions and camera pose at capture time.",
  "prompt": "blue object.",
  "created_at": "2026-01-28T15:50:25.514540",
  "joint_names": [
    "shoulder_lift_joint",
    "elbow_joint",
    "wrist_1_joint",
    "wrist_2_joint",
    "wrist_3_joint",
    "shoulder_pan_joint"
  ],
  "shots": {
    "image_1": {
      "image_file": "pose_1_image.png",
      "image_stamp_ns": 1769611839322630629,
      "joint_stamp_ns": 1769611839506443571,
      "position": [
        -0.8259374064258118,
        1.0193255583392542,
        -1.7641636333861292,
        -1.5707562605487269,
        -0.8084257284747522,
        0.7624235153198242
      ],
      "camera_pose": {
        "parent_frame": "base_link",
        "child_frame": "camera_optical",
        "stamp": {
          "sec": 1769611839,
          "nanosec": 322630629,
          "stamp_ns": 1769611839322630629
        },
        "R": [
          [
            -0.002135722384,
            -0.999978442497,
            -0.006209124819
          ],
          [
            -0.99998975313,
            0.002160448231,
            -0.003978202851
          ],
          [
            0.003991531584,
            0.006200564858,
            -0.999972809966
          ]
        ],
        "t": [
          0.46668069187726546,
          0.6892473636712504,
          0.3039582186021385
        ]
      }
    },
    "image_2": {
      "image_file": "pose_2_image.png",
      "image_stamp_ns": 1769611842122655812,
      "joint_stamp_ns": 1769611842358441205,
      "position": [
        -0.8845164340785523,
        1.1205938498126429,
        -1.8068000278868617,
        -1.5707781950580042,
        -1.098800007496969,
        0.7861803770065308
      ],
      "camera_pose": {
        "parent_frame": "base_link",
        "child_frame": "camera_optical",
        "stamp": {
          "sec": 1769611842,
          "nanosec": 122655812,
          "stamp_ns": 1769611842122655812
        },
        "R": [
          [
            0.307107488612,
            -0.951662431691,
            -0.004858656927
          ],
          [
            -0.951666073125,
            -0.307078752073,
            -0.005858778661
          ],
          [
            0.004083589242,
            0.00642309376,
            -0.999971033663
          ]
        ],
        "t": [
          0.41754224051095395,
          0.681425857358322,
          0.30377210686261275
        ]
      }
    },
    "image_3": {
      "image_file": "pose_3_image.png",
      "image_stamp_ns": 1769611845122638386,
      "joint_stamp_ns": 1769611845204443342,
      "position": [
        -0.9531635803035279,
        1.2359374205218714,
        -1.8534985981383265,
        -1.5708335081683558,
        -1.399524990712301,
        0.7996256947517395
      ],
      "camera_pose": {
        "parent_frame": "base_link",
        "child_frame": "camera_optical",
        "stamp": {
          "sec": 1769611845,
          "nanosec": 122638386,
          "stamp_ns": 1769611845122638386
        },
        "R": [
          [
            0.586071067195,
            -0.810254793716,
            -0.002805967993
          ],
          [
            -0.81024960239,
            -0.586043035569,
            -0.007010156086
          ],
          [
            0.004035594573,
            0.006381984109,
            -0.999971491721
          ]
        ],
        "t": [
          0.37315944422482583,
          0.6588255519648902,
          0.3038015022289214
        ]
      }
    },
    "image_4": {
      "image_file": "pose_4_image.png",
      "image_stamp_ns": 1769611847922683404,
      "joint_stamp_ns": 1769611848056440871,
      "position": [
        -1.0259478849223633,
        1.3540919462787073,
        -1.8989025555052699,
        -1.5707481543170374,
        -1.7130501906024378,
        0.8002790212631226
      ],
      "camera_pose": {
        "parent_frame": "base_link",
        "child_frame": "camera_optical",
        "stamp": {
          "sec": 1769611847,
          "nanosec": 922683404,
          "stamp_ns": 1769611847922683404
        },
        "R": [
          [
            0.807798770658,
            -0.589458157688,
            -0.00047587572
          ],
          [
            -0.589444760964,
            -0.807774403473,
            -0.00744223529
          ],
          [
            0.004002486077,
            0.006292330968,
            -0.999972192951
          ]
        ],
        "t": [
          0.33792214306615054,
          0.6236274019149419,
          0.30384549364087576
        ]
      }
    },
    "image_5": {
      "image_file": "pose_5_image.png",
      "image_stamp_ns": 1769611850722699015,
      "joint_stamp_ns": 1769611850908447503,
      "position": [
        -1.0969874423793335,
        1.4650567213641565,
        -1.938824316064352,
        -1.570815388356344,
        -2.04117995897402,
        0.7863121032714844
      ],
      "camera_pose": {
        "parent_frame": "base_link",
        "child_frame": "camera_optical",
        "stamp": {
          "sec": 1769611850,
          "nanosec": 722699015,
          "stamp_ns": 1769611850722699015
        },
        "R": [
          [
            0.950446954538,
            -0.310881457335,
            0.001818267065
          ],
          [
            -0.310861246977,
            -0.950427605532,
            -0.00725615396
          ],
          [
            0.00398393493,
            0.006331360666,
            -0.999972020676
          ]
        ],
        "t": [
          0.3152617176494707,
          0.5792751541917142,
          0.30383781426659096
        ]
      }
    },
    "image_6": {
      "image_file": "pose_6_image.png",
      "image_stamp_ns": 1769611853722763859,
      "joint_stamp_ns": 1769611853804444805,
      "position": [
        -1.160231576567032,
        1.55988055864443,
        -1.9704071484007777,
        -1.57080585161318,
        -2.384369436894552,
        0.7573169469833374
      ],
      "camera_pose": {
        "parent_frame": "base_link",
        "child_frame": "camera_optical",
        "stamp": {
          "sec": 1769611853,
          "nanosec": 722763859,
          "stamp_ns": 1769611853722763859
        },
        "R": [
          [
            0.999990106836,
            -0.002066462069,
            0.003939030828
          ],
          [
            -0.00204174198,
            -0.999978262706,
            -0.006269402277
          ],
          [
            0.003951900686,
            0.006261297768,
            -0.99997258894
          ]
        ],
        "t": [
          0.30750324045212696,
          0.5300705260769849,
          0.30386679329985933
        ]
      }
    }
  }
}