[
  {
    "index": 0,
    "file": "pose_1_image.png",
    "cam_T_world": [
      [
        0.9999999541960303,
        0.00021077158983973817,
        -3.7139026837899814e-05,
        -3.5799249934808304e-05
      ],
      [
        -0.00021075243588118277,
        0.9999999488818491,
        0.0002574999061935833,
        -0.0001157803922697957
      ],
      [
        3.7247565936380364e-05,
        -0.0002574842283238027,
        0.9999999919191388,
        0.00032427776794674486
      ],
      [
        0.0,
        0.0,
        0.0,
        1.0
      ]
    ],
    "K": [
      [
        465.41693115234375,
        0.0,
        259.0
      ],
      [
        0.0,
        465.41693115234375,
        259.0
      ],
      [
        0.0,
        0.0,
        1.0
      ]
    ],
    "image_size": [
      518,
      518
    ]
  },
  {
    "index": 1,
    "file": "pose_2_image.png",
    "cam_T_world": [
      [
        0.9521687853657993,
        0.26801440151851047,
        0.14844185114739797,
        -0.1622077806269804
      ],
      [
        -0.26699402528020816,
        0.96353957746204,
        -0.02368022402400767,
        0.01730643112332848
      ],
      [
        -0.1502691916575474,
        -0.017176137787267468,
        0.9886063549763658,
        -0.005336338689380358
      ],
      [
        0.0,
        0.0,
        0.0,
        1.0
      ]
    ],
    "K": [
      [
        469.72589111328125,
        0.0,
        259.0
      ],
      [
        0.0,
        474.0963134765625,
        259.0
      ],
      [
        0.0,
        0.0,
        1.0
      ]
    ],
    "image_size": [
      518,
      518
    ]
  },
  {
    "index": 2,
    "file": "pose_3_image.png",
    "cam_T_world": [
      [
        0.8100541861231519,
        0.5116511733794953,
        0.29039752322871376,
        -0.3211702954051843
      ],
      [
        -0.5076121578526237,
        0.8571515296493969,
        -0.08820170801554157,
        0.07442627592625843
      ],
      [
        -0.2935264909117075,
        -0.07589634340764749,
        0.9530608815227245,
        0.030274972775368923
      ],
      [
        0.0,
        0.0,
        0.0,
        1.0
      ]
    ],
    "K": [
      [
        469.72589111328125,
        0.0,
        259.0
      ],
      [
        0.0,
        474.0963134765625,
        259.0
      ],
      [
        0.0,
        0.0,
        1.0
      ]
    ],
    "image_size": [
      518,
      518
    ]
  },
  {
    "index": 3,
    "file": "pose_4_image.png",
    "cam_T_world": [
      [
        0.5929699226704878,
        0.6999516825492829,
        0.3960352118232621,
        -0.441458750044642
      ],
      [
        -0.6963067775301434,
        0.6938010956478562,
        -0.1872972907961817,
        0.17443282476956973
      ],
      [
        -0.4043149180655334,
        -0.16313249922431447,
        0.8993307674896163,
        0.08531968036580735
      ],
      [
        0.0,
        0.0,
        0.0,
        1.0
      ]
    ],
    "K": [
      [
        469.72589111328125,
        0.0,
        259.0
      ],
      [
        0.0,
        474.0963134765625,
        259.0
      ],
      [
        0.0,
        0.0,
        1.0
      ]
    ],
    "image_size": [
      518,
      518
    ]
  },
  {
    "index": 4,
    "file": "pose_5_image.png",
    "cam_T_world": [
      [
        0.31529807883149064,
        0.8249567412662615,
        0.46393228601176795,
        -0.5225900767106206
      ],
      [
        -0.8137872068359062,
        0.48657101715896306,
        -0.30846509797474636,
        0.30232180264623454
      ],
      [
        -0.4812174944698303,
        -0.28309570094239117,
        0.8291751080712403,
        0.16578876305424106
      ],
      [
        0.0,
        0.0,
        0.0,
        1.0
      ]
    ],
    "K": [
      [
        469.72589111328125,
        0.0,
        259.0
      ],
      [
        0.0,
        469.72589111328125,
        259.0
      ],
      [
        0.0,
        0.0,
        1.0
      ]
    ],
    "image_size": [
      518,
      518
    ]
  },
  {
    "index": 5,
    "file": "pose_6_image.png",
    "cam_T_world": [
      [
        0.01227831668363169,
        0.8749881039320254,
        0.4796791971426932,
        -0.5349532289757528
      ],
      [
        -0.8577531129968778,
        0.2537488259164853,
        -0.4409457554870844,
        0.4429854725163296
      ],
      [
        -0.5099399640613944,
        -0.40899247219016854,
        0.7574150811361766,
        0.2647268714883025
      ],
      [
        0.0,
        0.0,
        0.0,
        1.0
      ]
    ],
    "K": [
      [
        452.84503173828125,
        0.0,
        259.0
      ],
      [
        0.0,
        456.9778747558594,
        259.0
      ],
      [
        0.0,
        0.0,
        1.0
      ]
    ],
    "image_size": [
      518,
      518
    ]
  }
]