[
  {
    "index": 0,
    "file": "pose_1_image.png",
    "cam_T_world": [
      [
        0.9999999827659805,
        0.00026130655459153724,
        9.250703399429464e-05,
        -0.00010593524763405589
      ],
      [
        -0.0002613069956964863,
        0.9999999913177324,
        2.3749143596421353e-06,
        -0.00028988937045750456
      ],
      [
        -9.250578798650041e-05,
        -2.393457140183802e-06,
        0.9999999914368797,
        -1.775169762332417e-05
      ],
      [
        0.0,
        0.0,
        0.0,
        1.0
      ]
    ],
    "K": [
      [
        494.5645446777344,
        0.0,
        259.0
      ],
      [
        0.0,
        494.5645446777344,
        259.0
      ],
      [
        0.0,
        0.0,
        1.0
      ]
    ],
    "image_size": [
      518,
      518
    ]
  },
  {
    "index": 1,
    "file": "pose_2_image.png",
    "cam_T_world": [
      [
        0.9507792195619427,
        0.26931331919919227,
        0.1514288786446184,
        -0.14178540009113383
      ],
      [
        -0.2693877611746225,
        0.9627229733097343,
        -0.02080478469319457,
        0.016511369564983294
      ],
      [
        -0.1512964299322333,
        -0.02127237337791536,
        0.9881790040252277,
        -0.004361082825146622
      ],
      [
        0.0,
        0.0,
        0.0,
        1.0
      ]
    ],
    "K": [
      [
        499.3006286621094,
        0.0,
        259.0
      ],
      [
        0.0,
        499.3006286621094,
        259.0
      ],
      [
        0.0,
        0.0,
        1.0
      ]
    ],
    "image_size": [
      518,
      518
    ]
  },
  {
    "index": 2,
    "file": "pose_3_image.png",
    "cam_T_world": [
      [
        0.8092321279631326,
        0.516187571694207,
        0.2845792188625482,
        -0.28334948866331194
      ],
      [
        -0.5102320439712381,
        0.8547352648703326,
        -0.0904647927986413,
        0.07567403354642797
      ],
      [
        -0.291276448027358,
        -0.07262260525674132,
        0.9543032131767489,
        0.019435718900075515
      ],
      [
        0.0,
        0.0,
        0.0,
        1.0
      ]
    ],
    "K": [
      [
        499.3006286621094,
        0.0,
        259.0
      ],
      [
        0.0,
        499.3006286621094,
        259.0
      ],
      [
        0.0,
        0.0,
        1.0
      ]
    ],
    "image_size": [
      518,
      518
    ]
  },
  {
    "index": 3,
    "file": "pose_4_image.png",
    "cam_T_world": [
      [
        0.5899577460802844,
        0.7076131970783853,
        0.39329469765131037,
        -0.38675645796421776
      ],
      [
        -0.6946786221490371,
        0.6904486892673917,
        -0.19751133607554244,
        0.1695221583560158
      ],
      [
        -0.40997193522087233,
        -0.15641853469823297,
        0.89844597930919,
        0.08027596506209284
      ],
      [
        0.0,
        0.0,
        0.0,
        1.0
      ]
    ],
    "K": [
      [
        494.5645446777344,
        0.0,
        259.0
      ],
      [
        0.0,
        496.9236755371094,
        259.0
      ],
      [
        0.0,
        0.0,
        1.0
      ]
    ],
    "image_size": [
      518,
      518
    ]
  },
  {
    "index": 4,
    "file": "pose_5_image.png",
    "cam_T_world": [
      [
        0.3082516415572347,
        0.8362869872697578,
        0.4475752053802423,
        -0.4429675230410736
      ],
      [
        -0.8179811453701581,
        0.4728976017294361,
        -0.32605402482040463,
        0.2891536875969727
      ],
      [
        -0.4864096075144579,
        -0.2679241688840036,
        0.8327494279822393,
        0.15781492028774993
      ],
      [
        0.0,
        0.0,
        0.0,
        1.0
      ]
    ],
    "K": [
      [
        483.0275573730469,
        0.0,
        259.0
      ],
      [
        0.0,
        485.3011169433594,
        259.0
      ],
      [
        0.0,
        0.0,
        1.0
      ]
    ],
    "image_size": [
      518,
      518
    ]
  },
  {
    "index": 5,
    "file": "pose_6_image.png",
    "cam_T_world": [
      [
        0.001099399591145524,
        0.8797227219334244,
        0.47631000277246555,
        -0.4906541341649395
      ],
      [
        -0.8602209336045996,
        0.24309740980191255,
        -0.4515321741786143,
        0.4294648087592556
      ],
      [
        -0.514663341425229,
        -0.4076816353066965,
        0.7541572595543568,
        0.2057301034399533
      ],
      [
        0.0,
        0.0,
        0.0,
        1.0
      ]
    ],
    "K": [
      [
        496.9236755371094,
        0.0,
        259.0
      ],
      [
        0.0,
        499.3006286621094,
        259.0
      ],
      [
        0.0,
        0.0,
        1.0
      ]
    ],
    "image_size": [
      518,
      518
    ]
  },
  {
    "index": 6,
    "file": "pose_7_image.png",
    "cam_T_world": [
      [
        -0.3008428366131459,
        0.838599877204106,
        0.4481168606605087,
        -0.46075087431288847
      ],
      [
        -0.8150333384026451,
        0.017017027414042013,
        -0.5812950685983006,
        0.5388320268965829
      ],
      [
        -0.4972051625728538,
        -0.5394536052365215,
        0.6778259174032106,
        0.2964186476077486
      ],
      [
        0.0,
        0.0,
        0.0,
        1.0
      ]
    ],
    "K": [
      [
        483.0275573730469,
        0.0,
        259.0
      ],
      [
        0.0,
        487.5914306640625,
        259.0
      ],
      [
        0.0,
        0.0,
        1.0
      ]
    ],
    "image_size": [
      518,
      518
    ]
  },
  {
    "index": 7,
    "file": "pose_8_image.png",
    "cam_T_world": [
      [
        -0.5784119871025444,
        0.7266105484863098,
        0.3773519806002469,
        -0.40616600367501215
      ],
      [
        -0.7037643875223,
        -0.20922248947290933,
        -0.6762043118389998,
        0.6403355039794236
      ],
      [
        -0.4119058838149898,
        -0.6584401531306986,
        0.6317597146428284,
        0.343115914034129
      ],
      [
        0.0,
        0.0,
        0.0,
        1.0
      ]
    ],
    "K": [
      [
        483.0275573730469,
        0.0,
        259.0
      ],
      [
        0.0,
        485.3011169433594,
        259.0
      ],
      [
        0.0,
        0.0,
        1.0
      ]
    ],
    "image_size": [
      518,
      518
    ]
  },
  {
    "index": 8,
    "file": "pose_9_image.png",
    "cam_T_world": [
      [
        -0.7900997036554772,
        0.5444324089805063,
        0.2697726311940184,
        -0.29927905398818744
      ],
      [
        -0.5243430764267331,
        -0.3828288090833091,
        -0.7612355816638399,
        0.70566711344513
      ],
      [
        -0.3105330351598054,
        -0.7459810339316814,
        0.5876862205699486,
        0.3935788428134968
      ],
      [
        0.0,
        0.0,
        0.0,
        1.0
      ]
    ],
    "K": [
      [
        474.0963134765625,
        0.0,
        259.0
      ],
      [
        0.0,
        476.3050537109375,
        259.0
      ],
      [
        0.0,
        0.0,
        1.0
      ]
    ],
    "image_size": [
      518,
      518
    ]
  },
  {
    "index": 9,
    "file": "pose_10_image.png",
    "cam_T_world": [
      [
        -0.9381955472570979,
        0.33165255895987455,
        0.12043035993517644,
        -0.16428258331100185
      ],
      [
        -0.27713260045988913,
        -0.4851625179089987,
        -0.8280423176112377,
        0.784874337198316
      ],
      [
        -0.21518921626936666,
        -0.8124586659202314,
        0.5447736751534624,
        0.4302283106316426
      ],
      [
        0.0,
        0.0,
        0.0,
        1.0
      ]
    ],
    "K": [
      [
        478.5296936035156,
        0.0,
        259.0
      ],
      [
        0.0,
        480.7704772949219,
        259.0
      ],
      [
        0.0,
        0.0,
        1.0
      ]
    ],
    "image_size": [
      518,
      518
    ]
  },
  {
    "index": 10,
    "file": "pose_11_image.png",
    "cam_T_world": [
      [
        -0.9939990635860803,
        0.08914313223845252,
        -0.011646282679197286,
        -0.04063608803314426
      ],
      [
        -0.040115285728354974,
        -0.5593185262528728,
        -0.8313686671545277,
        0.8119695433560314
      ],
      [
        -0.08060933602623178,
        -0.8236695022973901,
        0.5598309253286454,
        0.39827429031272904
      ],
      [
        0.0,
        0.0,
        0.0,
        1.0
      ]
    ],
    "K": [
      [
        499.3006286621094,
        0.0,
        259.0
      ],
      [
        0.0,
        499.3006286621094,
        259.0
      ],
      [
        0.0,
        0.0,
        1.0
      ]
    ],
    "image_size": [
      518,
      518
    ]
  },
  {
    "index": 11,
    "file": "pose_12_image.png",
    "cam_T_world": [
      [
        -0.9682415586574226,
        -0.19683025977534144,
        -0.17858936755094867,
        0.13070802012419175
      ],
      [
        0.25841011571282524,
        -0.5592463790386665,
        -0.7878864390133143,
        0.7270795501558264
      ],
      [
        0.05543759004189881,
        -0.8081338236396157,
        0.587188345348898,
        0.3637946039795782
      ],
      [
        0.0,
        0.0,
        0.0,
        1.0
      ]
    ],
    "K": [
      [
        487.5914306640625,
        0.0,
        259.0
      ],
      [
        0.0,
        489.89862060546875,
        259.0
      ],
      [
        0.0,
        0.0,
        1.0
      ]
    ],
    "image_size": [
      518,
      518
    ]
  },
  {
    "index": 12,
    "file": "pose_13_image.png",
    "cam_T_world": [
      [
        -0.6338286098674633,
        -0.5444185899335602,
        -0.5501517651784481,
        0.49199164583227945
      ],
      [
        0.7467427801097929,
        -0.2384766031869228,
        -0.6222433877519838,
        0.5556991990825374
      ],
      [
        0.20647051759596147,
        -0.8034320436755406,
        0.5598603401300469,
        0.36481118777555277
      ],
      [
        0.0,
        0.0,
        0.0,
        1.0
      ]
    ],
    "K": [
      [
        465.41693115234375,
        0.0,
        259.0
      ],
      [
        0.0,
        465.41693115234375,
        259.0
      ],
      [
        0.0,
        0.0,
        1.0
      ]
    ],
    "image_size": [
      518,
      518
    ]
  },
  {
    "index": 13,
    "file": "pose_14_image.png",
    "cam_T_world": [
      [
        -0.45762431396095116,
        -0.6855792788546435,
        -0.5717415815820022,
        0.48870799980604945
      ],
      [
        0.841640071098315,
        -0.1174508806358264,
        -0.5308230253471367,
        0.502596921557981
      ],
      [
        0.296512112789074,
        -0.7230886424589382,
        0.6263406249675276,
        0.3527462612288017
      ],
      [
        0.0,
        0.0,
        0.0,
        1.0
      ]
    ],
    "K": [
      [
        474.0963134765625,
        0.0,
        259.0
      ],
      [
        0.0,
        474.0963134765625,
        259.0
      ],
      [
        0.0,
        0.0,
        1.0
      ]
    ],
    "image_size": [
      518,
      518
    ]
  },
  {
    "index": 14,
    "file": "pose_15_image.png",
    "cam_T_world": [
      [
        -0.23023576656688463,
        -0.8037009083619229,
        -0.55110568833924,
        0.4902396052538886
      ],
      [
        0.8951007302510104,
        0.0461525408864109,
        -0.4465568569846915,
        0.42992747310943
      ],
      [
        0.38251540255411054,
        -0.5980499567849766,
        0.7073473733733672,
        0.2952718664750679
      ],
      [
        0.0,
        0.0,
        0.0,
        1.0
      ]
    ],
    "K": [
      [
        456.9778747558594,
        0.0,
        259.0
      ],
      [
        0.0,
        461.1679992675781,
        259.0
      ],
      [
        0.0,
        0.0,
        1.0
      ]
    ],
    "image_size": [
      518,
      518
    ]
  }
]