{
  "note": "Per-image joint positions and camera pose at capture time.",
  "prompt": "blue object.",
  "created_at": "2026-01-28T16:13:00.870016",
  "joint_names": [
    "shoulder_lift_joint",
    "elbow_joint",
    "wrist_1_joint",
    "wrist_2_joint",
    "wrist_3_joint",
    "shoulder_pan_joint"
  ],
  "shots": {
    "image_1": {
      "image_file": "pose_1_image.png",
      "image_stamp_ns": 1769613194331776048,
      "joint_stamp_ns": 1769613194496480017,
      "position": [
        -0.8938297194293519,
        1.136369530354635,
        -1.8132902584471644,
        -1.570817772542135,
        -1.0140240828143519,
        0.5567116141319275
      ],
      "camera_pose": {
        "parent_frame": "base_link",
        "child_frame": "camera_optical",
        "stamp": {
          "sec": 1769613194,
          "nanosec": 331776048,
          "stamp_ns": 1769613194331776048
        },
        "R": [
          [
            -0.002227820726,
            -0.999977717502,
            -0.006292957449
          ],
          [
            -0.999989097778,
            0.002253582994,
            -0.004089705262
          ],
          [
            0.004103795836,
            0.006283777712,
            -0.999971836102
          ]
        ],
        "t": [
          0.5634414433473349,
          0.5668819287383691,
          0.3038763556761297
        ]
      }
    },
    "image_2": {
      "image_file": "pose_2_image.png",
      "image_stamp_ns": 1769613197131779440,
      "joint_stamp_ns": 1769613197396479546,
      "position": [
        -0.9584912818721314,
        1.2447755972491663,
        -1.8569609127440394,
        -1.5707743803607386,
        -1.3112757841693323,
        0.573661208152771
      ],
      "camera_pose": {
        "parent_frame": "base_link",
        "child_frame": "camera_optical",
        "stamp": {
          "sec": 1769613197,
          "nanosec": 131779440,
          "stamp_ns": 1769613197131779440
        },
        "R": [
          [
            0.307015779305,
            -0.951692662298,
            -0.004731573357
          ],
          [
            -0.951695843451,
            -0.306988104689,
            -0.005772792881
          ],
          [
            0.004041387889,
            0.006275357202,
            -0.99997214315
          ]
        ],
        "t": [
          0.5143019763431952,
          0.559042464504746,
          0.3038737019336546
        ]
      }
    },
    "image_3": {
      "image_file": "pose_3_image.png",
      "image_stamp_ns": 1769613200131801318,
      "joint_stamp_ns": 1769613200296476406,
      "position": [
        -1.0294581216624756,
        1.3596938292132776,
        -1.9009491405882777,
        -1.570803467427389,
        -1.6207698027240198,
        0.5783137083053589
      ],
      "camera_pose": {
        "parent_frame": "base_link",
        "child_frame": "camera_optical",
        "stamp": {
          "sec": 1769613200,
          "nanosec": 131801318,
          "stamp_ns": 1769613200131801318
        },
        "R": [
          [
            0.586037241903,
            -0.810279429822,
            -0.002756213006
          ],
          [
            -0.810274074495,
            -0.586009652284,
            -0.006972204268
          ],
          [
            0.004034266273,
            0.006319259302,
            -0.999971895434
          ]
        ],
        "t": [
          0.4699177289452755,
          0.5364828005306775,
          0.30383270350208524
        ]
      }
    },
    "image_4": {
      "image_file": "pose_4_image.png",
      "image_stamp_ns": 1769613202931805651,
      "joint_stamp_ns": 1769613203196433047,
      "position": [
        -1.1008093518069764,
        1.4708870092975062,
        -1.9408008060851039,
        -1.5708287397967737,
        -1.9447196165667933,
        0.568544864654541
      ],
      "camera_pose": {
        "parent_frame": "base_link",
        "child_frame": "camera_optical",
        "stamp": {
          "sec": 1769613202,
          "nanosec": 931805651,
          "stamp_ns": 1769613202931805651
        },
        "R": [
          [
            0.808052971389,
            -0.589109575744,
            -0.000550632849
          ],
          [
            -0.589096542799,
            -0.808028110427,
            -0.007472350479
          ],
          [
            0.0039571064,
            0.006362430915,
            -0.999971929997
          ]
        ],
        "t": [
          0.4345642697851207,
          0.5012614467533948,
          0.30386303612313675
        ]
      }
    },
    "image_5": {
      "image_file": "pose_5_image.png",
      "image_stamp_ns": 1769613205931881991,
      "joint_stamp_ns": 1769613206096431659,
      "position": [
        -1.1665848058513184,
        1.5692327658282679,
        -1.9733754597105921,
        -1.570810619984762,
        -2.2840405146228235,
        0.5433984994888306
      ],
      "camera_pose": {
        "parent_frame": "base_link",
        "child_frame": "camera_optical",
        "stamp": {
          "sec": 1769613205,
          "nanosec": 931881991,
          "stamp_ns": 1769613205931881991
        },
        "R": [
          [
            0.950409696208,
            -0.310995673976,
            0.001760716218
          ],
          [
            -0.310975854175,
            -0.950390167133,
            -0.007249023174
          ],
          [
            0.003927782228,
            0.006342001683,
            -0.999972175384
          ]
        ],
        "t": [
          0.4120457580362945,
          0.456933950668722,
          0.3038273407439294
        ]
      }
    },
    "image_6": {
      "image_file": "pose_6_image.png",
      "image_stamp_ns": 1769613208731911066,
      "joint_stamp_ns": 1769613208946430038,
      "position": [
        -1.22038488209758,
        1.6465166250811976,
        -1.9968615971007289,
        -1.5708215872394007,
        -2.637742344533102,
        0.5038645267486572
      ],
      "camera_pose": {
        "parent_frame": "base_link",
        "child_frame": "camera_optical",
        "stamp": {
          "sec": 1769613208,
          "nanosec": 731911066,
          "stamp_ns": 1769613208731911066
        },
        "R": [
          [
            0.999990520968,
            -0.00199414574,
            0.003870575699
          ],
          [
            -0.001969735352,
            -0.999978213228,
            -0.006300254879
          ],
          [
            0.003883054998,
            0.006292571149,
            -0.999972662342
          ]
        ],
        "t": [
          0.4042818784428166,
          0.4077400029038477,
          0.30384070069782887
        ]
      }
    }
  }
}