{
  "note": "Per-image joint positions and camera pose at capture time.",
  "prompt": "blue object.",
  "created_at": "2026-01-28T15:14:06.566302",
  "joint_names": [
    "shoulder_lift_joint",
    "elbow_joint",
    "wrist_1_joint",
    "wrist_2_joint",
    "wrist_3_joint",
    "shoulder_pan_joint"
  ],
  "shots": {
    "image_1": {
      "image_file": "pose_1_image.png",
      "image_stamp_ns": 1769609659905311649,
      "joint_stamp_ns": 1769609660124428887,
      "position": [
        -1.2305454474738617,
        1.6607163588153284,
        -2.000902315179342,
        -1.570798699055807,
        -0.9068873564349573,
        0.6638863682746887
      ],
      "camera_pose": {
        "parent_frame": "base_link",
        "child_frame": "camera_optical",
        "stamp": {
          "sec": 1769609659,
          "nanosec": 905311649,
          "stamp_ns": 1769609659905311649
        },
        "R": [
          [
            -0.002238145207,
            -0.999977783933,
            -0.006278721755
          ],
          [
            -0.99998913701,
            0.002263753631,
            -0.004074467027
          ],
          [
            0.004088589987,
            0.006269534301,
            -0.999971987793
          ]
        ],
        "t": [
          0.38883139595109983,
          0.5326906649185188,
          0.30388822337901455
        ]
      }
    },
    "image_2": {
      "image_file": "pose_2_image.png",
      "image_stamp_ns": 1769609662705327459,
      "joint_stamp_ns": 1769609662974477300,
      "position": [
        -1.2811767619899292,
        1.7301514784442347,
        -2.01970972637319,
        -1.5707553068744105,
        -1.1945002714740198,
        0.6904289722442627
      ],
      "camera_pose": {
        "parent_frame": "base_link",
        "child_frame": "camera_optical",
        "stamp": {
          "sec": 1769609662,
          "nanosec": 705327459,
          "stamp_ns": 1769609662705327459
        },
        "R": [
          [
            0.307133027654,
            -0.951654442581,
            -0.004808870965
          ],
          [
            -0.951657839471,
            -0.307104609099,
            -0.005840859785
          ],
          [
            0.004081653725,
            0.006370320703,
            -0.999971379149
          ]
        ],
        "t": [
          0.3396380030995406,
          0.5248572837043807,
          0.30384001333122956
        ]
      }
    },
    "image_3": {
      "image_file": "pose_3_image.png",
      "image_stamp_ns": 1769609665705350703,
      "joint_stamp_ns": 1769609665874484576,
      "position": [
        -1.3432143193534394,
        1.8114522139178675,
        -2.0388852558531703,
        -1.570798699055807,
        -1.4961703459369105,
        0.7028839588165283
      ],
      "camera_pose": {
        "parent_frame": "base_link",
        "child_frame": "camera_optical",
        "stamp": {
          "sec": 1769609665,
          "nanosec": 705350703,
          "stamp_ns": 1769609665705350703
        },
        "R": [
          [
            0.586045485548,
            -0.810273284151,
            -0.002809601221
          ],
          [
            -0.81026800162,
            -0.586017260025,
            -0.0070382173
          ],
          [
            0.004056404638,
            0.006401245442,
            -0.999971284407
          ]
        ],
        "t": [
          0.29530188317092976,
          0.5022386274611904,
          0.3038246003819367
        ]
      }
    },
    "image_4": {
      "image_file": "pose_4_image.png",
      "image_stamp_ns": 1769609668505329961,
      "joint_stamp_ns": 1769609668774435070,
      "position": [
        -1.4125959438136597,
        1.8969243208514612,
        -2.0550695858397425,
        -1.5707553068744105,
        -1.8153570334063929,
        0.697924792766571
      ],
      "camera_pose": {
        "parent_frame": "base_link",
        "child_frame": "camera_optical",
        "stamp": {
          "sec": 1769609668,
          "nanosec": 505329961,
          "stamp_ns": 1769609668505329961
        },
        "R": [
          [
            0.807957368646,
            -0.589240775141,
            -0.000446499411
          ],
          [
            -0.589227360433,
            -0.807933365463,
            -0.007402343477
          ],
          [
            0.004001020837,
            0.006243867627,
            -0.999972502597
          ]
        ],
        "t": [
          0.26002104241718693,
          0.467025436530518,
          0.30391228655500696
        ]
      }
    },
    "image_5": {
      "image_file": "pose_5_image.png",
      "image_stamp_ns": 1769609671505412797,
      "joint_stamp_ns": 1769609671624457018,
      "position": [
        -1.4838857662728806,
        1.9789016882525843,
        -2.0657669506468714,
        -1.5707796255694788,
        -2.154834572468893,
        0.6726313233375549
      ],
      "camera_pose": {
        "parent_frame": "base_link",
        "child_frame": "camera_optical",
        "stamp": {
          "sec": 1769609671,
          "nanosec": 505412797,
          "stamp_ns": 1769609671505412797
        },
        "R": [
          [
            0.950383878327,
            -0.311074124082,
            0.00183661171
          ],
          [
            -0.311054059256,
            -0.950365025257,
            -0.007189644503
          ],
          [
            0.0039819639,
            0.006261636699,
            -0.999972467556
          ]
        ],
        "t": [
          0.23745712221964144,
          0.42267418423214587,
          0.3038883637993372
        ]
      }
    },
    "image_6": {
      "image_file": "pose_6_image.png",
      "image_stamp_ns": 1769609674305437666,
      "joint_stamp_ns": 1769609674524453949,
      "position": [
        -1.5497226652554055,
        2.049134079610006,
        -2.0701447925963343,
        -1.5708068052874964,
        -2.515315834675924,
        0.6262786388397217
      ],
      "camera_pose": {
        "parent_frame": "base_link",
        "child_frame": "camera_optical",
        "stamp": {
          "sec": 1769609674,
          "nanosec": 305437666,
          "stamp_ns": 1769609674305437666
        },
        "R": [
          [
            0.999990346763,
            -0.00193654203,
            0.003944133178
          ],
          [
            -0.00191180744,
            -0.999978544769,
            -0.006265380608
          ],
          [
            0.003956181729,
            0.006257779704,
            -0.999972594034
          ]
        ],
        "t": [
          0.2296595597791418,
          0.37345675586848337,
          0.3038842820929809
        ]
      }
    }
  }
}